SPACE_POINTS
0,0.010101,0.020202,0.030303,0.040404,0.050505,0.0606061,0.0707071,0.0808081,0.0909091,0.10101,0.111111,0.121212,0.131313,0.141414,0.151515,0.161616,0.171717,0.181818,0.191919,0.20202,0.212121,0.222222,0.232323,0.242424,0.252525,0.262626,0.272727,0.282828,0.292929,0.30303,0.313131,0.323232,0.333333,0.343434,0.353535,0.363636,0.373737,0.383838,0.393939,0.40404,0.414141,0.424242,0.434343,0.444444,0.454545,0.464646,0.474747,0.484848,0.494949,0.50505,0.515152,0.525253,0.535354,0.545455,0.555556,0.565657,0.575758,0.585859,0.59596,0.606061,0.616162,0.626263,0.636364,0.646465,0.656566,0.666667,0.676768,0.686869,0.69697,0.707071,0.717172,0.727273,0.737374,0.747475,0.757576,0.767677,0.777778,0.787879,0.79798,0.808081,0.818182,0.828283,0.838384,0.848485,0.858586,0.868687,0.878788,0.888889,0.89899,0.909091,0.919192,0.929293,0.939394,0.949495,0.959596,0.969697,0.979798,0.989899,1
TIME_POINTS
0,0.0010101,0.0020202,0.0030303,0.0040404,0.00505051,0.00606061,0.00707071,0.00808081,0.00909091,0.010101,0.0111111,0.0121212,0.0131313,0.0141414,0.0151515,0.0161616,0.0171717,0.0181818,0.0191919,0.020202,0.0212121,0.0222222,0.0232323,0.0242424,0.0252525,0.0262626,0.0272727,0.0282828,0.0292929,0.030303,0.0313131,0.0323232,0.0333333,0.0343434,0.0353535,0.0363636,0.0373737,0.0383838,0.0393939,0.040404,0.0414141,0.0424242,0.0434343,0.0444444,0.0454545,0.0464646,0.0474747,0.0484849,0.049495,0.0505051,0.0515152,0.0525253,0.0535354,0.0545455,0.0555556,0.0565657,0.0575758,0.0585859,0.059596,0.0606061,0.0616162,0.0626263,0.0636364,0.0646465,0.0656566,0.0666667,0.0676768,0.0686869,0.069697,0.0707071,0.0717172,0.0727273,0.0737374,0.0747475,0.0757576,0.0767677,0.0777778,0.0787879,0.079798,0.0808081,0.0818182,0.0828283,0.0838384,0.0848485,0.0858586,0.0868687,0.0878788,0.0888889,0.089899,0.0909091,0.0919192,0.0929293,0.0939394,0.0949495,0.0959596,0.0969697,0.0979798,0.0989899,0.1
VALUES
1,1,1,1,1,1,1,1,1,1,1,1,1,1,1,1,1,1,1,1,1,1,1,1,1,1,1,1,1,1,1,1,1,1,1,1,1,1,1,1,1,1,1,1,1,1,1,1,1,1,1,1,1,1,1,1,1,1,1,1,1,1,1,1,1,1,1,1,1,1,1,1,1,1,1,1,1,1,1,1,1,1,1,1,1,1,1,1,1,1,1,1,1,1,1,1,1,1,1,1
0,0.356444,0.585836,0.733462,0.828468,0.88961,0.928958,0.95428,0.970577,0.981064,0.987814,0.992157,0.994953,0.996752,0.99791,0.998655,0.999134,0.999443,0.999642,0.999769,0.999852,0.999905,0.999939,0.999961,0.999975,0.999984,0.99999,0.999994,0.999996,0.999997,0.999999,0.999999,1,1,1,1,1,1,1,1,1,1,1,1,1,1,1,1,1,1,1,1,1,1,1,1,1,1,1,1,1,1,1,1,1,1,1,1,0.999999,0.999999,0.999998,0.999997,0.999995,0.999992,0.999987,0.99998,0.999969,0.999951,0.999923,0.999879,0.99981,0.999701,0.999531,0.999264,0.998844,0.998186,0.997152,0.995529,0.992983,0.988985,0.98271,0.972861,0.957402,0.933136,0.895047,0.835261,0.741418,0.594119,0.362912,0
0,0.0742433,0.222612,0.38283,0.527599,0.647577,0.742044,0.813943,0.86736,0.906335,0.934378,0.95433,0.968396,0.978237,0.985078,0.989807,0.993061,0.99529,0.996812,0.997847,0.99855,0.999025,0.999346,0.999562,0.999707,0.999804,0.99987,0.999913,0.999943,0.999962,0.999975,0.999983,0.999989,0.999993,0.999995,0.999997,0.999998,0.999999,0.999999,1,1,1,1,1,1,1,1,1,1,1,1,1,1,1,1,1,1,1,1,1,1,1,0.999999,0.999999,0.999998,0.999997,0.999995,0.999992,0.999988,0.999981,0.999972,0.999956,0.999934,0.9999,0.999848,0.99977,0.999653,0.999476,0.999211,0.998815,0.998223,0.997342,0.996033,0.994096,0.99124,0.987046,0.980915,0.972004,0.959133,0.940683,0.914475,0.877657,0.826645,0.757214,0.664935,0.546306,0.401252,0.238159,0.0835475,0
0,0.146705,0.236241,0.31911,0.406957,0.497461,0.585133,0.665363,0.73545,0.794448,0.842656,0.881105,0.911164,0.934276,0.951797,0.964919,0.974645,0.981787,0.98699,0.990754,0.993459,0.995392,0.996767,0.997739,0.998425,0.998905,0.999242,0.999476,0.999639,0.999752,0.99983,0.999884,0.999921,0.999946,0.999963,0.999975,0.999983,0.999989,0.999993,0.999995,0.999997,0.999998,0.999999,0.999999,1,1,1,1,1,1,1,1,1,1,1,1,1,0.999999,0.999999,0.999998,0.999997,0.999995,0.999993,0.999989,0.999983,0.999974,0.999961,0.999943,0.999915,0.999874,0.999815,0.999728,0.999601,0.999417,0.999149,0.998763,0.998208,0.997411,0.996273,0.994655,0.992369,0.989153,0.984661,0.978429,0.969852,0.958154,0.942364,0.921306,0.893608,0.857773,0.812311,0.755987,0.688207,0.609531,0.522212,0.430441,0.339434,0.251516,0.155281,0
0,0.0641861,0.170927,0.273066,0.362757,0.442617,0.515904,0.584211,0.647691,0.705797,0.757881,0.80353,0.84267,0.875554,0.902674,0.924671,0.94225,0.956111,0.966911,0.975235,0.981591,0.9864,0.99001,0.992701,0.994693,0.99616,0.997233,0.998014,0.99858,0.998988,0.999282,0.999492,0.999641,0.999748,0.999823,0.999876,0.999914,0.99994,0.999958,0.999971,0.99998,0.999986,0.999991,0.999994,0.999996,0.999997,0.999998,0.999999,0.999999,1,1,1,0.999999,0.999999,0.999999,0.999998,0.999996,0.999994,0.999991,0.999987,0.999981,0.999972,0.999959,0.99994,0.999913,0.999875,0.999819,0.99974,0.999628,0.999469,0.999245,0.99893,0.998488,0.997872,0.997016,0.995836,0.994214,0.992001,0.988999,0.984958,0.97956,0.972412,0.963036,0.950868,0.935263,0.915509,0.890869,0.860631,0.824192,0.781144,0.731363,0.675041,0.612596,0.544373,0.47007,0.387991,0.294765,0.187509,0.0735914,0
0,0.0987211,0.163553,0.233232,0.309016,0.385397,0.458321,0.526016,0.588103,0.64474,0.696166,0.742547,0.783988,0.820589,0.852499,0.879943,0.903226,0.922718,0.93883,0.951988,0.962613,0.971104,0.977823,0.983091,0.987188,0.990348,0.992769,0.99461,0.996002,0.997048,0.99783,0.998411,0.998841,0.999158,0.99939,0.99956,0.999684,0.999773,0.999838,0.999884,0.999918,0.999942,0.999959,0.999971,0.99998,0.999986,0.99999,0.999993,0.999995,0.999996,0.999996,0.999996,0.999995,0.999994,0.999991,0.999987,0.999981,0.999973,0.999962,0.999945,0.999922,0.99989,0.999844,0.99978,0.999691,0.999567,0.999397,0.999161,0.998838,0.998397,0.997797,0.996987,0.995896,0.994439,0.992502,0.989946,0.986597,0.982242,0.976627,0.969453,0.960372,0.949,0.934913,0.917669,0.896824,0.871951,0.842668,0.808648,0.769622,0.725358,0.675613,0.620079,0.558374,0.490175,0.415668,0.336379,0.256119,0.180282,0.107779,0
0,0.0573298,0.141728,0.218364,0.287361,0.352834,0.416593,0.478494,0.537671,0.593289,0.644812,0.691997,0.734807,0.773327,0.807705,0.838126,0.864805,0.887981,0.907918,0.924897,0.939215,0.951169,0.961055,0.969156,0.975734,0.981032,0.985263,0.988618,0.991257,0.99332,0.994922,0.996159,0.997107,0.997831,0.998381,0.998796,0.999108,0.999342,0.999516,0.999645,0.999741,0.999811,0.999863,0.9999,0.999928,0.999947,0.999961,0.999971,0.999978,0.999982,0.999983,0.999982,0.99998,0.999974,0.999966,0.999953,0.999935,0.99991,0.999875,0.999827,0.999761,0.99967,0.999547,0.99938,0.999155,0.998852,0.998446,0.997906,0.997191,0.99625,0.995016,0.993411,0.991335,0.988667,0.985265,0.980958,0.97555,0.968816,0.960503,0.950334,0.938013,0.923227,0.905657,0.884981,0.860886,0.833064,0.801222,0.765081,0.724388,0.678938,0.628633,0.573563,0.514096,0.450901,0.384708,0.315581,0.241695,0.158894,0.066804,0
0,0.0765484,0.131289,0.193086,0.258795,0.323595,0.385495,0.444213,0.49992,0.552687,0.602406,0.648881,0.691926,0.731426,0.767353,0.799757,0.82875,0.854491,0.877168,0.896992,0.914185,0.928978,0.941606,0.952298,0.961281,0.968768,0.97496,0.980044,0.984186,0.987539,0.990233,0.992384,0.994092,0.995438,0.996494,0.997317,0.997956,0.998449,0.998828,0.999117,0.999338,0.999504,0.99963,0.999724,0.999794,0.999846,0.999884,0.99991,0.999928,0.999939,0.999943,0.999942,0.999934,0.99992,0.999897,0.999865,0.999819,0.999756,0.999671,0.999557,0.999404,0.999201,0.998933,0.998579,0.998116,0.997513,0.996732,0.995724,0.994432,0.992787,0.990703,0.988082,0.984807,0.980744,0.975738,0.969617,0.962188,0.953242,0.942553,0.929883,0.91498,0.89759,0.877451,0.854308,0.827911,0.798034,0.764477,0.727095,0.685806,0.640607,0.59156,0.538742,0.482155,0.421632,0.35691,0.288146,0.217172,0.148663,0.0858295,0
0,0.0521187,0.122391,0.185069,0.243472,0.300932,0.357932,0.413724,0.467499,0.518742,0.567196,0.612743,0.655316,0.69487,0.731377,0.764837,0.795286,0.822796,0.847476,0.869461,0.888911,0.905999,0.920913,0.933838,0.944966,0.95448,0.96256,0.969377,0.975089,0.979845,0.983778,0.987011,0.989652,0.991796,0.993527,0.994917,0.996026,0.996906,0.997601,0.998147,0.998574,0.998907,0.999163,0.999361,0.999511,0.999624,0.999708,0.999769,0.999811,0.999836,0.999847,0.999844,0.999827,0.999796,0.999746,0.999675,0.999578,0.999447,0.999273,0.999045,0.998749,0.998365,0.99787,0.997237,0.996431,0.995409,0.994122,0.992511,0.990503,0.988019,0.984963,0.981226,0.976687,0.971208,0.964639,0.956814,0.947555,0.936672,0.923967,0.909232,0.892257,0.872833,0.850757,0.825837,0.797901,0.766801,0.73242,0.694665,0.653469,0.60878,0.560564,0.508838,0.453747,0.39569,0.335362,0.27343,0.209394,0.139943,0.0616453,0
0,0.0636202,0.112597,0.16839,0.226275,0.282791,0.337241,0.389829,0.440683,0.489687,0.536597,0.581169,0.62322,0.662632,0.699348,0.733349,0.764653,0.793303,0.819366,0.842931,0.864107,0.883019,0.899807,0.914619,0.927608,0.938931,0.948741,0.957192,0.964428,0.970587,0.975799,0.980184,0.983852,0.986903,0.989427,0.991503,0.993202,0.994584,0.995703,0.996604,0.997326,0.997901,0.998356,0.998713,0.998992,0.999206,0.999368,0.999488,0.99957,0.999622,0.999645,0.999641,0.99961,0.99955,0.999456,0.999324,0.999144,0.998908,0.998601,0.998206,0.997704,0.997068,0.99627,0.995272,0.994032,0.9925,0.990615,0.988312,0.985511,0.982126,0.978056,0.973191,0.967411,0.960581,0.95256,0.943193,0.93232,0.919773,0.905379,0.888966,0.87036,0.849397,0.825917,0.799776,0.77084,0.738996,0.704149,0.666232,0.625215,0.58112,0.534034,0.484104,0.431484,0.376216,0.318115,0.256914,0.193213,0.130345,0.0730311,0
0,0.0479463,0.108486,0.162487,0.214312,0.26619,0.317864,0.368542,0.417681,0.465016,0.510412,0.553766,0.594971,0.633923,0.670539,0.704764,0.736575,0.765979,0.793012,0.81773,0.840211,0.860546,0.878841,0.895212,0.909781,0.922677,0.934031,0.943972,0.952631,0.960132,0.966597,0.972138,0.976863,0.980871,0.984254,0.987094,0.989466,0.991438,0.993067,0.994407,0.995504,0.996395,0.997115,0.997693,0.998151,0.998511,0.998788,0.998995,0.999141,0.999234,0.999278,0.999274,0.999223,0.999123,0.998967,0.998747,0.998455,0.998074,0.997588,0.996976,0.996212,0.995265,0.994099,0.992671,0.990933,0.988828,0.986292,0.983252,0.979627,0.975328,0.970255,0.9643,0.957346,0.949268,0.939933,0.929204,0.916936,0.902985,0.887201,0.86944,0.84956,0.827424,0.802904,0.775887,0.746274,0.713987,0.678973,0.641208,0.600694,0.557451,0.511506,0.462887,0.41165,0.357978,0.302331,0.245425,0.187486,0.126316,0.0575148,0
0,0.0551025,0.100111,0.151029,0.202862,0.25337,0.302517,0.350568,0.397511,0.443139,0.487207,0.529513,0.569914,0.608309,0.644624,0.678809,0.710832,0.740683,0.76837,0.793924,0.817392,0.838839,0.858343,0.875993,0.891887,0.906131,0.918833,0.930105,0.94006,0.948809,0.95646,0.96312,0.968889,0.973861,0.978128,0.98177,0.984865,0.987482,0.989684,0.991527,0.993062,0.994332,0.995377,0.99623,0.996918,0.997467,0.997895,0.99822,0.998452,0.998603,0.998677,0.998677,0.998602,0.998451,0.998216,0.997887,0.997452,0.996894,0.996192,0.995321,0.99425,0.992945,0.991365,0.989463,0.987187,0.984477,0.981264,0.977477,0.973032,0.96784,0.961806,0.954825,0.946789,0.93758,0.927079,0.915162,0.901701,0.886571,0.869643,0.850796,0.829911,0.806879,0.7816,0.753987,0.723968,0.691489,0.656511,0.619012,0.578992,0.536475,0.491531,0.444283,0.394903,0.343535,0.290143,0.234428,0.17637,0.118109,0.0645991,0
0,0.0444988,0.0979498,0.146052,0.193234,0.240792,0.288151,0.33467,0.380028,0.424089,0.466752,0.507904,0.547421,0.585189,0.621114,0.655131,0.687193,0.717278,0.745384,0.771521,0.795721,0.818025,0.838491,0.857185,0.874184,0.889574,0.903444,0.915889,0.927006,0.936892,0.945644,0.953359,0.960129,0.966043,0.971187,0.97564,0.979479,0.982772,0.985585,0.987974,0.989993,0.99169,0.993106,0.994277,0.995237,0.996012,0.996626,0.997097,0.997439,0.997664,0.997778,0.997786,0.997687,0.997478,0.997151,0.996696,0.996097,0.995335,0.994387,0.993225,0.991817,0.990123,0.988101,0.985702,0.982869,0.979543,0.975654,0.97113,0.96589,0.959848,0.952912,0.944985,0.935964,0.925744,0.914216,0.901269,0.886792,0.870674,0.852807,0.833089,0.811421,0.787714,0.761888,0.733875,0.703619,0.67108,0.636236,0.599086,0.559655,0.517986,0.474136,0.428157,0.38009,0.330013,0.278184,0.225182,0.171542,0.115991,0.054102,0
0,0.0490407,0.091001,0.137868,0.184957,0.230948,0.276088,0.320558,0.364247,0.406933,0.448413,0.488536,0.527187,0.564272,0.599711,0.63344,0.665405,0.695574,0.723927,0.750464,0.775199,0.798159,0.819384,0.838924,0.856839,0.873197,0.888071,0.901541,0.913689,0.9246,0.934359,0.943052,0.950765,0.957578,0.963573,0.968824,0.973405,0.977384,0.980823,0.983782,0.986314,0.988469,0.990289,0.991814,0.993078,0.99411,0.994936,0.995576,0.996048,0.996362,0.996528,0.996549,0.996427,0.996156,0.99573,0.995136,0.994358,0.993376,0.992165,0.990694,0.988929,0.986831,0.984354,0.981449,0.978058,0.974122,0.969574,0.96434,0.958345,0.951506,0.943736,0.934944,0.925038,0.91392,0.901492,0.887657,0.872316,0.855374,0.836738,0.816321,0.794041,0.769824,0.743608,0.715339,0.684978,0.652499,0.617893,0.581162,0.542324,0.501409,0.458471,0.413601,0.366941,0.318659,0.268825,0.217233,0.163602,0.109181,0.0585982,0
0,0.0415883,0.0896638,0.133475,0.177093,0.221134,0.264946,0.308069,0.350327,0.391634,0.431892,0.470984,0.508788,0.545199,0.580128,0.613506,0.645282,0.675415,0.703882,0.730673,0.755788,0.779243,0.801064,0.821287,0.839958,0.857129,0.872861,0.887221,0.900277,0.912103,0.922773,0.932364,0.940952,0.948611,0.955416,0.961437,0.966743,0.971399,0.975466,0.979002,0.98206,0.984689,0.986934,0.988833,0.990423,0.991735,0.992794,0.993623,0.99424,0.994657,0.994884,0.994926,0.994783,0.994451,0.993922,0.993185,0.992221,0.99101,0.989527,0.987739,0.985612,0.983105,0.980173,0.976767,0.97283,0.968304,0.963122,0.957217,0.950514,0.942935,0.934402,0.924828,0.914129,0.902218,0.889006,0.874406,0.858333,0.840702,0.821436,0.800459,0.777704,0.753111,0.726629,0.698218,0.667847,0.635498,0.601167,0.564863,0.526617,0.486475,0.444502,0.400762,0.355305,0.308173,0.259494,0.20968,0.15934,0.10787,0.0512207,0
0,0.0444876,0.0839505,0.127406,0.170709,0.213176,0.255133,0.296658,0.33759,0.377732,0.416927,0.455056,0.492023,0.527738,0.562122,0.595104,0.626626,0.656645,0.68513,0.712062,0.737436,0.761256,0.783538,0.804307,0.823597,0.84145,0.857913,0.873042,0.886893,0.899531,0.91102,0.921426,0.930819,0.939264,0.94683,0.953582,0.959584,0.964898,0.969581,0.973689,0.977273,0.980382,0.98306,0.985346,0.987275,0.98888,0.990186,0.991217,0.991992,0.992523,0.99282,0.992889,0.99273,0.99234,0.991711,0.99083,0.98968,0.988239,0.986483,0.984379,0.981892,0.978984,0.975607,0.971715,0.967253,0.962163,0.956384,0.949849,0.94249,0.934233,0.925005,0.914728,0.903324,0.890713,0.876819,0.861562,0.844868,0.826665,0.806884,0.785462,0.762342,0.737475,0.71082,0.682346,0.652031,0.619866,0.585854,0.550012,0.512364,0.472947,0.431808,0.389014,0.344673,0.298937,0.251929,0.203549,0.153453,0.102271,0.0540909,0
0,0.0390913,0.08296,0.123481,0.16421,0.205309,0.246168,0.28648,0.326149,0.365103,0.403244,0.440457,0.476633,0.511677,0.545511,0.578066,0.609287,0.639128,0.667554,0.694541,0.720077,0.744158,0.766792,0.787994,0.80779,0.82621,0.843292,0.859082,0.873628,0.886983,0.899202,0.910345,0.920471,0.929641,0.937915,0.945353,0.952015,0.957957,0.963234,0.967899,0.972001,0.975586,0.978696,0.981371,0.983644,0.985549,0.987111,0.988353,0.989293,0.989946,0.990321,0.990424,0.990255,0.989812,0.989087,0.988067,0.986735,0.985071,0.983048,0.980636,0.977801,0.974504,0.970701,0.966345,0.961385,0.955765,0.949427,0.942309,0.934346,0.925471,0.915615,0.904708,0.892678,0.879455,0.864968,0.849148,0.83193,0.81325,0.793049,0.771274,0.747877,0.722819,0.696065,0.667593,0.637388,0.605445,0.571769,0.536378,0.499299,0.460579,0.420276,0.378461,0.33519,0.290499,0.244449,0.197307,0.149644,0.101301,0.0487488,0
0,0.0409278,0.0782634,0.118818,0.15904,0.198665,0.237999,0.277037,0.315606,0.353542,0.390726,0.427061,0.462459,0.496837,0.530117,0.562232,0.593122,0.622741,0.651052,0.678026,0.703646,0.727903,0.750798,0.77234,0.792544,0.811434,0.82904,0.845397,0.860545,0.87453,0.887398,0.899202,0.909993,0.919825,0.928752,0.936829,0.94411,0.950646,0.95649,0.96169,0.966292,0.97034,0.973875,0.976934,0.979552,0.981757,0.983577,0.985033,0.986144,0.986924,0.987383,0.987527,0.987355,0.986866,0.986052,0.984901,0.983396,0.981518,0.97924,0.976534,0.973367,0.969701,0.965494,0.960702,0.955275,0.949162,0.942308,0.934654,0.92614,0.916705,0.906284,0.894815,0.882232,0.868472,0.853472,0.83717,0.819509,0.800434,0.779893,0.757843,0.734241,0.709056,0.682261,0.653838,0.623777,0.592079,0.558753,0.523821,0.487311,0.449263,0.40972,0.368735,0.326391,0.28281,0.238132,0.192342,0.14512,0.0966978,0.0505668,0
0,0.0369218,0.0774128,0.115302,0.153607,0.192203,0.23057,0.268516,0.305982,0.342897,0.379165,0.414679,0.449345,0.48308,0.515811,0.547473,0.578011,0.607374,0.635526,0.662434,0.688078,0.712443,0.735525,0.757327,0.777857,0.797134,0.815178,0.832019,0.847689,0.862225,0.875668,0.888062,0.899451,0.909885,0.919411,0.928077,0.935934,0.943027,0.949405,0.955113,0.960193,0.964688,0.968634,0.972068,0.975021,0.977524,0.9796,0.981271,0.982556,0.983467,0.984014,0.984204,0.984036,0.983509,0.982615,0.981342,0.979676,0.977597,0.97508,0.972098,0.968619,0.964607,0.960023,0.954825,0.948966,0.942398,0.935069,0.926926,0.917912,0.907972,0.897047,0.885079,0.872009,0.85778,0.842336,0.825623,0.80759,0.788189,0.767376,0.745112,0.721364,0.696105,0.669313,0.640977,0.61109,0.579657,0.546688,0.512202,0.47623,0.438811,0.399999,0.359858,0.318451,0.275818,0.231988,0.187123,0.14171,0.0958641,0.046601,0
0,0.0380564,0.0735353,0.111599,0.149268,0.186536,0.223651,0.260549,0.29707,0.333082,0.36849,0.403212,0.437166,0.470274,0.502466,0.533676,0.563847,0.592933,0.620892,0.647692,0.67331,0.697727,0.720935,0.74293,0.763718,0.783309,0.801719,0.81897,0.835089,0.850105,0.864054,0.876972,0.8889,0.899877,0.909948,0.919155,0.927543,0.935154,0.942032,0.948217,0.95375,0.958669,0.963009,0.966804,0.970083,0.972875,0.975202,0.977086,0.978544,0.979587,0.980227,0.980467,0.98031,0.979753,0.978788,0.977407,0.975593,0.973328,0.970589,0.967351,0.963583,0.959251,0.954318,0.948746,0.94249,0.935506,0.927745,0.919158,0.909695,0.899302,0.887927,0.875517,0.86202,0.847384,0.831558,0.814496,0.796152,0.776484,0.755455,0.733031,0.709185,0.683894,0.657143,0.628921,0.599228,0.568068,0.535454,0.501411,0.465967,0.429161,0.391035,0.351637,0.311027,0.269304,0.226599,0.182956,0.138117,0.092064,0.0477241,0
0,0.0350172,0.0727368,0.108452,0.144673,0.181112,0.21735,0.253271,0.288831,0.323958,0.358558,0.39254,0.42582,0.458324,0.489985,0.520742,0.550539,0.57933,0.607072,0.633732,0.659284,0.683707,0.706988,0.729122,0.750108,0.769951,0.788663,0.80626,0.822763,0.838196,0.852589,0.865971,0.878378,0.889845,0.900409,0.910109,0.918985,0.927074,0.934416,0.941047,0.947005,0.952325,0.957038,0.961177,0.964768,0.967839,0.97041,0.972501,0.974129,0.975305,0.976038,0.976334,0.976194,0.975615,0.974591,0.973113,0.971165,0.968731,0.96579,0.962317,0.958284,0.953659,0.948408,0.942494,0.935876,0.928514,0.920363,0.911377,0.90151,0.890713,0.87894,0.866141,0.852271,0.837282,0.82113,0.803772,0.78517,0.765287,0.744089,0.72155,0.697645,0.672357,0.645674,0.617589,0.588104,0.557226,0.524969,0.491356,0.456414,0.42018,0.382701,0.344035,0.304244,0.263373,0.221442,0.178542,0.135063,0.0912812,0.0447154,0
0,0.0356819,0.0695141,0.105423,0.140938,0.176205,0.211404,0.246438,0.281167,0.315486,0.349315,0.382582,0.415211,0.447132,0.478276,0.508586,0.538006,0.566489,0.593996,0.62049,0.645943,0.670334,0.693647,0.715872,0.737005,0.757048,0.776006,0.793893,0.810722,0.826515,0.841294,0.855085,0.867918,0.879822,0.890832,0.900979,0.910299,0.918827,0.926597,0.933642,0.939996,0.945691,0.950756,0.95522,0.959109,0.962445,0.965251,0.967543,0.969337,0.970644,0.971472,0.971827,0.971709,0.971116,0.970043,0.96848,0.966414,0.96383,0.960706,0.95702,0.952746,0.947855,0.942315,0.936091,0.929147,0.921445,0.912943,0.9036,0.893373,0.882219,0.870094,0.856955,0.84276,0.827467,0.811037,0.793432,0.774618,0.754563,0.733238,0.710621,0.686691,0.661435,0.634843,0.606912,0.577645,0.547052,0.515146,0.481952,0.447498,0.411821,0.374962,0.336963,0.297876,0.257774,0.216775,0.174954,0.132123,0.0881225,0.0453731,0
0,0.0333304,0.0687336,0.102605,0.137006,0.171567,0.205962,0.240124,0.274012,0.307555,0.340664,0.37326,0.405269,0.436625,0.467265,0.497133,0.526175,0.554344,0.581601,0.607908,0.633238,0.657566,0.680874,0.703151,0.724387,0.744583,0.763739,0.781865,0.79897,0.81507,0.830185,0.844334,0.857543,0.869838,0.881246,0.891797,0.901522,0.91045,0.918612,0.926038,0.932759,0.938803,0.944197,0.948966,0.953135,0.956724,0.959753,0.962238,0.964193,0.965628,0.966552,0.966968,0.966878,0.966279,0.965167,0.963532,0.961363,0.958644,0.955357,0.951481,0.946991,0.941861,0.936061,0.92956,0.922323,0.914316,0.905501,0.89584,0.885295,0.873826,0.861393,0.847958,0.833483,0.81793,0.801266,0.783456,0.76447,0.744281,0.722864,0.700201,0.676274,0.651073,0.624591,0.596827,0.567786,0.537479,0.505921,0.473135,0.439149,0.403995,0.367715,0.33036,0.291989,0.252651,0.212363,0.171176,0.129388,0.0873568,0.0430449,0
0,0.0336777,0.0660334,0.100061,0.133731,0.167268,0.200788,0.234181,0.267327,0.300142,0.332558,0.364507,0.395921,0.426734,0.456885,0.486318,0.514984,0.542835,0.569831,0.595936,0.621121,0.64536,0.668634,0.690927,0.71223,0.732538,0.75185,0.77017,0.787505,0.803867,0.819271,0.833732,0.847272,0.859912,0.871677,0.882591,0.89268,0.901971,0.910492,0.918268,0.925327,0.931693,0.937393,0.942447,0.946878,0.950705,0.953946,0.956615,0.958725,0.960286,0.961304,0.961783,0.961725,0.961127,0.959985,0.95829,0.956032,0.953196,0.949765,0.94572,0.941039,0.935696,0.929665,0.922916,0.915419,0.907142,0.898049,0.888108,0.877283,0.865537,0.852837,0.839146,0.824431,0.808659,0.791798,0.773821,0.754699,0.734409,0.712932,0.690249,0.666349,0.641223,0.614866,0.58728,0.558471,0.528449,0.497232,0.464841,0.431305,0.396658,0.360939,0.324188,0.286447,0.247777,0.208273,0.168029,0.126918,0.0847095,0.0433881,0
0,0.0318248,0.0652604,0.0975355,0.130328,0.163237,0.19602,0.228634,0.26104,0.293166,0.324933,0.35627,0.387113,0.417401,0.447076,0.476084,0.504376,0.531906,0.558635,0.584526,0.609549,0.633678,0.656891,0.679172,0.70051,0.720895,0.740325,0.758801,0.776325,0.792908,0.808558,0.823289,0.837118,0.850063,0.862143,0.873381,0.883798,0.893418,0.902264,0.910359,0.917728,0.924392,0.930373,0.935692,0.940368,0.944418,0.947858,0.950702,0.95296,0.954642,0.955753,0.956297,0.956275,0.955685,0.954522,0.952779,0.950445,0.947508,0.943952,0.939759,0.934909,0.929378,0.923143,0.916176,0.908449,0.899933,0.890597,0.880411,0.869341,0.857356,0.844424,0.830514,0.815596,0.799639,0.782618,0.764506,0.745279,0.724919,0.703407,0.68073,0.656876,0.631841,0.605622,0.578221,0.549646,0.519909,0.489027,0.457022,0.42392,0.389754,0.354559,0.318381,0.281272,0.243283,0.204437,0.164757,0.124466,0.0839504,0.0415531,0
0,0.0319571,0.0629779,0.0953502,0.127418,0.159436,0.191468,0.223402,0.255138,0.286606,0.317747,0.348496,0.378792,0.408575,0.437788,0.46638,0.494302,0.521511,0.547967,0.573634,0.598482,0.622482,0.645614,0.667858,0.689201,0.709634,0.729149,0.747745,0.765424,0.782188,0.798047,0.813011,0.827091,0.840302,0.852662,0.864187,0.874898,0.884813,0.893952,0.902338,0.909988,0.916924,0.923165,0.928729,0.933632,0.937891,0.941518,0.944526,0.946925,0.948723,0.949925,0.950535,0.950552,0.949975,0.948799,0.947019,0.944623,0.941601,0.937937,0.933616,0.928618,0.922924,0.916509,0.909351,0.901424,0.8927,0.883152,0.872752,0.861471,0.84928,0.836151,0.822055,0.806966,0.790858,0.773707,0.75549,0.736187,0.715782,0.694258,0.671606,0.647817,0.622887,0.596816,0.569607,0.541269,0.511814,0.481259,0.449627,0.416944,0.383241,0.348556,0.312925,0.276388,0.238991,0.200816,0.161957,0.122343,0.0817113,0.041683,0
0,0.0304718,0.0622121,0.0930826,0.124439,0.155885,0.18724,0.218478,0.249556,0.280406,0.310957,0.341146,0.370916,0.40021,0.428974,0.457159,0.484717,0.511606,0.537786,0.563222,0.587883,0.611741,0.634772,0.656958,0.678284,0.698736,0.718307,0.736993,0.754792,0.771706,0.78774,0.8029,0.817196,0.83064,0.843245,0.855024,0.865996,0.876175,0.885579,0.894226,0.902133,0.909317,0.915796,0.921584,0.926697,0.931149,0.934951,0.938114,0.940647,0.942557,0.943847,0.944522,0.944581,0.944022,0.942842,0.941033,0.938587,0.935494,0.931739,0.927308,0.922184,0.916348,0.909779,0.902455,0.894353,0.88545,0.875719,0.865136,0.853674,0.841307,0.828011,0.813761,0.798532,0.782301,0.765048,0.746753,0.727399,0.706971,0.685457,0.662848,0.639138,0.614325,0.58841,0.561398,0.533297,0.504122,0.473889,0.442621,0.410342,0.377083,0.342876,0.307762,0.271788,0.235002,0.197433,0.159091,0.120138,0.0809579,0.0402111,0
0,0.0304586,0.0602644,0.0911695,0.121827,0.152495,0.183195,0.213822,0.244291,0.274544,0.304526,0.334178,0.363443,0.392266,0.420595,0.448382,0.475582,0.502153,0.528055,0.553254,0.577719,0.601421,0.624338,0.646447,0.667733,0.688182,0.707784,0.726532,0.744423,0.761456,0.777634,0.792959,0.80744,0.821084,0.833902,0.845905,0.857107,0.867521,0.877161,0.886044,0.894182,0.901592,0.908287,0.914281,0.919588,0.924218,0.928183,0.931491,0.93415,0.936165,0.937542,0.938282,0.938385,0.937849,0.93667,0.934842,0.932358,0.929206,0.925376,0.920853,0.915621,0.909664,0.902963,0.895497,0.887247,0.878189,0.868303,0.857563,0.845949,0.833435,0.820001,0.805623,0.790281,0.773954,0.756625,0.738276,0.718892,0.698463,0.676976,0.654426,0.630809,0.606123,0.580371,0.553559,0.525697,0.496798,0.46688,0.435964,0.404075,0.371243,0.337502,0.302886,0.267434,0.231183,0.194199,0.156574,0.118276,0.0790453,0.0401961,0
0,0.029248,0.0595091,0.0891275,0.119193,0.149331,0.17941,0.209411,0.23929,0.268982,0.298425,0.327563,0.35634,0.384708,0.412614,0.440013,0.466861,0.493115,0.518739,0.543697,0.567959,0.591496,0.614284,0.636301,0.657529,0.677954,0.697564,0.71635,0.734308,0.751433,0.767725,0.783188,0.797823,0.811638,0.82464,0.836838,0.848243,0.858865,0.868716,0.877809,0.886156,0.893769,0.900661,0.906843,0.912327,0.917121,0.921236,0.924679,0.927457,0.929574,0.931034,0.931838,0.931986,0.931477,0.930306,0.928467,0.925954,0.922757,0.918865,0.914266,0.908944,0.902886,0.896073,0.888488,0.880111,0.870924,0.860906,0.850037,0.838295,0.82566,0.812113,0.797633,0.782203,0.765804,0.748421,0.73004,0.710647,0.690233,0.668791,0.646313,0.622799,0.598249,0.572666,0.546057,0.518434,0.489808,0.460199,0.429626,0.398116,0.365695,0.332395,0.29825,0.263304,0.227603,0.191177,0.154034,0.116288,0.0783002,0.0389953,0
0,0.029137,0.0578312,0.0874259,0.116829,0.146284,0.175784,0.205229,0.234552,0.2637,0.292623,0.321266,0.349576,0.377503,0.404999,0.432019,0.45852,0.484462,0.509807,0.534522,0.558576,0.581939,0.604586,0.626497,0.647651,0.668034,0.687632,0.706435,0.724435,0.741628,0.758011,0.773584,0.788348,0.802307,0.815467,0.827834,0.839415,0.850219,0.860257,0.869537,0.87807,0.885867,0.892936,0.899289,0.904934,0.90988,0.914134,0.917703,0.920592,0.922805,0.924344,0.925212,0.925407,0.924927,0.923769,0.921927,0.919395,0.916163,0.912223,0.907561,0.902167,0.896024,0.889119,0.881434,0.872953,0.863659,0.853532,0.842556,0.83071,0.817978,0.804342,0.789783,0.774287,0.757838,0.740422,0.722028,0.702644,0.682262,0.660877,0.638485,0.615084,0.590677,0.565268,0.538865,0.511479,0.483124,0.453817,0.423579,0.392434,0.360409,0.327537,0.29385,0.259383,0.22417,0.188264,0.15175,0.114628,0.0766496,0.0388823,0
0,0.0281348,0.0570904,0.0855803,0.114477,0.143436,0.172365,0.201247,0.230035,0.258671,0.287098,0.315264,0.343122,0.370623,0.397721,0.424371,0.450532,0.476165,0.501233,0.525702,0.549542,0.572724,0.595222,0.617015,0.638082,0.658407,0.677975,0.696774,0.714797,0.732035,0.748486,0.764145,0.779014,0.793094,0.806386,0.818897,0.830632,0.841596,0.851797,0.861243,0.869942,0.877902,0.885132,0.891639,0.897431,0.902515,0.906896,0.910582,0.913575,0.915878,0.917495,0.918424,0.918666,0.918219,0.917079,0.91524,0.912697,0.909441,0.905464,0.900754,0.8953,0.88909,0.88211,0.874345,0.865779,0.856397,0.846183,0.835121,0.823194,0.810386,0.796681,0.782065,0.766524,0.750044,0.732614,0.714223,0.694864,0.67453,0.653215,0.630918,0.60764,0.583383,0.558152,0.531956,0.504807,0.476719,0.447708,0.417796,0.387006,0.355365,0.322902,0.289648,0.255642,0.220927,0.185536,0.149476,0.112826,0.075916,0.0378864,0
0,0.0279589,0.0556307,0.0840467,0.112322,0.140679,0.169087,0.197459,0.225737,0.253874,0.281823,0.309533,0.336955,0.364044,0.390753,0.417042,0.44287,0.468197,0.492989,0.517212,0.540835,0.56383,0.586171,0.607836,0.628803,0.649055,0.668578,0.687357,0.705383,0.722648,0.739145,0.75487,0.769822,0.783999,0.797403,0.810035,0.8219,0.833002,0.843346,0.852938,0.861784,0.86989,0.877263,0.883909,0.889834,0.895044,0.899543,0.903335,0.906425,0.908814,0.910504,0.911494,0.911784,0.911371,0.910252,0.908423,0.905876,0.902605,0.898602,0.893856,0.888358,0.882095,0.875055,0.867226,0.858593,0.849143,0.838861,0.827732,0.815743,0.802878,0.789126,0.774471,0.758903,0.74241,0.724983,0.706613,0.687292,0.667017,0.645785,0.623593,0.600445,0.576343,0.551294,0.525307,0.498394,0.470569,0.441849,0.412255,0.38181,0.350539,0.318472,0.285641,0.252077,0.217812,0.182891,0.147388,0.111324,0.0744762,0.0377076,0
0,0.0271165,0.0549081,0.0823718,0.110203,0.138093,0.165977,0.193837,0.221627,0.249292,0.276782,0.304051,0.331052,0.35774,0.384073,0.41001,0.43551,0.460536,0.485054,0.50903,0.532433,0.555236,0.577413,0.598941,0.619798,0.639966,0.659428,0.678172,0.696185,0.713458,0.729983,0.745754,0.760769,0.775023,0.788517,0.801251,0.813227,0.824447,0.834915,0.844634,0.853608,0.861844,0.869344,0.876115,0.88216,0.887484,0.89209,0.895982,0.899161,0.901631,0.90339,0.904439,0.904776,0.9044,0.903306,0.90149,0.898947,0.89567,0.89165,0.886879,0.881348,0.875046,0.867963,0.860085,0.851402,0.8419,0.831567,0.82039,0.808356,0.795453,0.781669,0.766994,0.751416,0.734926,0.717517,0.69918,0.679912,0.659709,0.638568,0.616491,0.593479,0.569537,0.544673,0.518896,0.492217,0.464652,0.436218,0.406935,0.376825,0.345914,0.314229,0.281799,0.248659,0.214849,0.180403,0.14533,0.109682,0.073757,0.0368681,0
0,0.0268986,0.0536261,0.0809747,0.108228,0.135582,0.162992,0.190382,0.217701,0.244907,0.271955,0.298798,0.325392,0.351693,0.377659,0.403251,0.42843,0.453159,0.477404,0.501134,0.524316,0.546924,0.568931,0.590314,0.611051,0.631123,0.650514,0.669209,0.687194,0.704459,0.720995,0.736795,0.751854,0.766167,0.779733,0.79255,0.804618,0.815938,0.826511,0.836339,0.845427,0.853775,0.861389,0.868271,0.874423,0.87985,0.884554,0.888537,0.8918,0.894344,0.89617,0.897276,0.897661,0.897322,0.896256,0.894459,0.891925,0.888648,0.884621,0.879835,0.874283,0.867954,0.86084,0.852928,0.844208,0.83467,0.824302,0.813092,0.801031,0.788106,0.774308,0.759627,0.744054,0.727582,0.710204,0.691915,0.672711,0.652589,0.631549,0.609593,0.586724,0.562947,0.53827,0.512703,0.486258,0.45895,0.430797,0.401818,0.372034,0.341471,0.310156,0.278119,0.24539,0.211998,0.177982,0.143406,0.108307,0.0724875,0.0366459,0
0,0.0261801,0.0529243,0.0794477,0.106303,0.133217,0.160144,0.187066,0.213936,0.240705,0.267327,0.293759,0.319958,0.345882,0.371492,0.396747,0.421611,0.446047,0.470023,0.493506,0.516466,0.538875,0.560707,0.581939,0.602548,0.622516,0.641824,0.660456,0.6784,0.695643,0.712175,0.727988,0.743075,0.757431,0.771051,0.783934,0.796076,0.807479,0.818141,0.828064,0.837248,0.845696,0.853409,0.860389,0.866638,0.872158,0.87695,0.881016,0.884356,0.886971,0.888859,0.89002,0.890452,0.890152,0.889117,0.887342,0.884822,0.881552,0.877525,0.872734,0.867171,0.860826,0.853692,0.845759,0.837018,0.827457,0.817068,0.805841,0.793766,0.780834,0.767035,0.752363,0.73681,0.720369,0.703035,0.684804,0.665674,0.645644,0.624713,0.602885,0.580164,0.556555,0.532067,0.506711,0.480498,0.453445,0.425567,0.396885,0.36742,0.337197,0.30624,0.274578,0.242242,0.209269,0.175694,0.141526,0.106802,0.0717845,0.0359271,0
0,0.0259361,0.0517877,0.0781633,0.104483,0.130915,0.157408,0.183893,0.210327,0.236671,0.262881,0.288916,0.314733,0.340292,0.365553,0.39048,0.415034,0.439182,0.462891,0.486128,0.508865,0.531073,0.552726,0.573801,0.594276,0.61413,0.633345,0.651905,0.669796,0.687004,0.703518,0.719329,0.73443,0.748812,0.762472,0.775404,0.787606,0.799076,0.809812,0.819814,0.829082,0.837615,0.845414,0.852481,0.858816,0.864419,0.869291,0.873433,0.876844,0.879524,0.881472,0.882686,0.883164,0.882903,0.881901,0.880152,0.877651,0.874394,0.870375,0.865586,0.86002,0.85367,0.846528,0.838585,0.829833,0.820263,0.809866,0.798635,0.78656,0.773633,0.759848,0.745198,0.729676,0.713278,0.695999,0.677838,0.658791,0.63886,0.618046,0.596352,0.573783,0.550346,0.526049,0.500904,0.474922,0.44812,0.420514,0.392123,0.362969,0.333075,0.302466,0.271171,0.239219,0.206638,0.17346,0.139743,0.10553,0.0706532,0.0356768,0
0,0.0253149,0.0511085,0.0767646,0.10272,0.128737,0.154784,0.180838,0.206857,0.232794,0.258607,0.284256,0.309703,0.334906,0.359828,0.384433,0.408684,0.432548,0.455992,0.478985,0.501498,0.523503,0.544975,0.565888,0.586222,0.605955,0.625069,0.643547,0.661373,0.678535,0.695019,0.710816,0.725916,0.740311,0.753995,0.766963,0.779211,0.790734,0.80153,0.811598,0.820935,0.829541,0.837416,0.844558,0.850968,0.856645,0.86159,0.8658,0.869277,0.872017,0.874021,0.875286,0.87581,0.875589,0.87462,0.8729,0.870423,0.867184,0.863178,0.858398,0.852838,0.846492,0.839351,0.831409,0.822657,0.813089,0.802697,0.791473,0.77941,0.766502,0.752742,0.738125,0.722646,0.706302,0.689089,0.671005,0.652051,0.632227,0.611535,0.589981,0.567568,0.544305,0.520201,0.495267,0.469515,0.442962,0.415623,0.387518,0.358667,0.329095,0.298824,0.267883,0.236299,0.204106,0.171338,0.138009,0.104143,0.0699675,0.0350518,0
0,0.0250558,0.0500918,0.0755748,0.101036,0.126616,0.152259,0.177906,0.203519,0.22906,0.25449,0.279767,0.304853,0.32971,0.354302,0.378592,0.402546,0.42613,0.449312,0.472062,0.494351,0.516152,0.537439,0.558187,0.578374,0.59798,0.616986,0.635373,0.653125,0.67023,0.686673,0.702443,0.71753,0.731926,0.745622,0.758613,0.770892,0.782455,0.793299,0.80342,0.812815,0.821483,0.829421,0.836629,0.843105,0.848848,0.853857,0.85813,0.861666,0.864463,0.86652,0.867833,0.868401,0.86822,0.867287,0.865597,0.863147,0.859931,0.855943,0.85118,0.845634,0.839298,0.832168,0.824236,0.815495,0.805939,0.795562,0.784356,0.772317,0.759437,0.745713,0.73114,0.715714,0.699433,0.682294,0.664297,0.645443,0.625733,0.60517,0.583759,0.561507,0.53842,0.51451,0.489787,0.464264,0.437956,0.41088,0.383056,0.354503,0.325243,0.295302,0.264706,0.233483,0.201659,0.169263,0.136345,0.102954,0.0689486,0.034784,0
0,0.0245117,0.0494361,0.0742875,0.0994105,0.124598,0.149828,0.175077,0.200303,0.225463,0.25052,0.275435,0.300172,0.324692,0.348961,0.372943,0.396605,0.419913,0.442837,0.465346,0.487412,0.509007,0.530107,0.550686,0.570723,0.590196,0.609085,0.627374,0.645045,0.662083,0.678474,0.694207,0.709271,0.723655,0.737352,0.750353,0.762652,0.774244,0.785123,0.795285,0.804727,0.813446,0.821438,0.828702,0.835236,0.841036,0.846102,0.850432,0.854022,0.856872,0.858978,0.860338,0.86095,0.860808,0.859912,0.858255,0.855834,0.852644,0.848681,0.843939,0.838412,0.832096,0.824983,0.81707,0.808349,0.798814,0.788461,0.777284,0.765277,0.752437,0.738758,0.724238,0.708875,0.692665,0.675609,0.657706,0.638959,0.619368,0.598939,0.577676,0.555587,0.53268,0.508964,0.484451,0.459156,0.433091,0.406275,0.378726,0.350464,0.321511,0.291892,0.26163,0.230753,0.199292,0.16728,0.134733,0.101667,0.0682806,0.0342328,0
0,0.0242452,0.0485187,0.0731783,0.0978437,0.122632,0.147486,0.172353,0.1972,0.221991,0.246687,0.271252,0.295648,0.31984,0.343794,0.367474,0.390849,0.413886,0.436554,0.458824,0.480667,0.502056,0.522967,0.543375,0.563257,0.582592,0.60136,0.619543,0.637124,0.654087,0.670419,0.686105,0.701135,0.715498,0.729184,0.742185,0.754493,0.766102,0.777006,0.787199,0.796678,0.805437,0.813475,0.820786,0.827369,0.83322,0.838336,0.842716,0.846356,0.849254,0.851406,0.852811,0.853464,0.853363,0.852503,0.85088,0.848492,0.845332,0.841397,0.836681,0.83118,0.824889,0.817802,0.809914,0.801221,0.791716,0.781396,0.770256,0.758291,0.745498,0.731874,0.717416,0.702123,0.685993,0.669026,0.651225,0.63259,0.613124,0.592833,0.571723,0.5498,0.527073,0.503552,0.47925,0.45418,0.428356,0.401796,0.374518,0.346542,0.317889,0.288582,0.258648,0.228112,0.197,0.165339,0.133171,0.100549,0.0673534,0.0339548,0
0,0.0237628,0.0478868,0.0719877,0.0963361,0.120753,0.145223,0.16972,0.194204,0.218637,0.242982,0.267206,0.291271,0.315143,0.338789,0.362174,0.385267,0.408036,0.430452,0.452484,0.474105,0.495289,0.516009,0.536243,0.555967,0.57516,0.593801,0.611873,0.629357,0.646239,0.662502,0.678133,0.69312,0.707452,0.721117,0.734108,0.746415,0.758032,0.76895,0.779165,0.788671,0.797463,0.805536,0.812886,0.819511,0.825405,0.830566,0.834991,0.838676,0.841618,0.843814,0.845261,0.845955,0.845892,0.84507,0.843483,0.841129,0.838002,0.834099,0.829414,0.823944,0.817683,0.810628,0.802773,0.794114,0.784647,0.774367,0.763272,0.751357,0.738619,0.725057,0.710669,0.695453,0.67941,0.66254,0.644845,0.626329,0.606993,0.586844,0.565889,0.544134,0.521589,0.498265,0.474173,0.449327,0.423742,0.397435,0.370423,0.342727,0.314367,0.285368,0.255751,0.225544,0.194774,0.163473,0.131661,0.0993471,0.0667031,0.0334618,0
0,0.0234941,0.0470522,0.0709481,0.0948727,0.118921,0.143038,0.167177,0.191306,0.215391,0.239397,0.263289,0.287031,0.310591,0.333936,0.357032,0.379848,0.402354,0.42452,0.446316,0.467717,0.488694,0.509224,0.529282,0.548845,0.567892,0.586402,0.604357,0.621739,0.638531,0.654719,0.670287,0.685223,0.699515,0.713152,0.726123,0.73842,0.750035,0.76096,0.771187,0.780711,0.789527,0.797628,0.80501,0.811669,0.8176,0.8228,0.827264,0.83099,0.833973,0.836209,0.837696,0.83843,0.838406,0.837621,0.836071,0.833753,0.830661,0.826793,0.822143,0.816708,0.810484,0.803465,0.795649,0.787031,0.777608,0.767376,0.756332,0.744474,0.731799,0.718306,0.703994,0.688863,0.672913,0.656145,0.638563,0.620168,0.600967,0.580964,0.560166,0.538582,0.516221,0.493093,0.46921,0.444587,0.419238,0.39318,0.366431,0.339011,0.310939,0.282239,0.252934,0.22305,0.192613,0.161645,0.130187,0.0982873,0.0658511,0.0331787,0
0,0.0230616,0.046444,0.0698417,0.0934663,0.117164,0.140921,0.164713,0.188501,0.212249,0.235924,0.259492,0.282921,0.306176,0.329226,0.352038,0.374583,0.396829,0.418748,0.440311,0.461492,0.482264,0.502602,0.522482,0.541882,0.56078,0.579155,0.596989,0.614263,0.63096,0.647066,0.662564,0.677441,0.691686,0.705286,0.71823,0.730509,0.742113,0.753036,0.763267,0.772802,0.781633,0.789755,0.797162,0.803849,0.809811,0.815044,0.819544,0.823305,0.826325,0.8286,0.830124,0.830896,0.83091,0.830163,0.828651,0.82637,0.823316,0.819485,0.814874,0.809478,0.803294,0.796317,0.788545,0.779974,0.770601,0.760422,0.749437,0.737642,0.725036,0.711619,0.697389,0.682348,0.666496,0.649836,0.63237,0.614103,0.59504,0.575186,0.554548,0.533136,0.510959,0.488027,0.464354,0.439952,0.414838,0.389026,0.362536,0.335386,0.307597,0.279191,0.25019,0.22062,0.190506,0.15988,0.128761,0.0971581,0.0652179,0.032732,0
0,0.0227943,0.045679,0.0688629,0.092094,0.115449,0.138874,0.162328,0.185782,0.209202,0.232556,0.25581,0.278931,0.301888,0.32465,0.347184,0.369461,0.391452,0.413128,0.43446,0.455422,0.475989,0.496135,0.515837,0.535071,0.553817,0.572054,0.589762,0.606924,0.623521,0.639538,0.65496,0.669773,0.683963,0.697519,0.710428,0.722681,0.734268,0.74518,0.755409,0.764947,0.773787,0.781923,0.789348,0.796057,0.802044,0.807305,0.811835,0.815629,0.818683,0.820992,0.822553,0.823361,0.823412,0.822703,0.821229,0.818987,0.815972,0.812182,0.807612,0.802258,0.796118,0.789188,0.781464,0.772945,0.763627,0.753508,0.742586,0.73086,0.718328,0.704992,0.69085,0.675904,0.660156,0.643608,0.626264,0.608127,0.589205,0.569502,0.549027,0.527789,0.505796,0.483062,0.459597,0.435415,0.410533,0.384965,0.35873,0.331846,0.304335,0.276216,0.247514,0.218252,0.188456,0.158148,0.127362,0.0961479,0.064428,0.0324471,0
0,0.0224025,0.0450939,0.06783,0.0907753,0.113798,0.136886,0.160013,0.183144,0.206246,0.229286,0.252233,0.275055,0.297721,0.3202,0.342462,0.364477,0.386215,0.40765,0.428754,0.449499,0.469861,0.489815,0.509337,0.528405,0.546997,0.565093,0.582672,0.599717,0.616209,0.632133,0.647474,0.662215,0.676344,0.689849,0.702717,0.714937,0.7265,0.737395,0.747614,0.757148,0.76599,0.774134,0.781571,0.788297,0.794305,0.799589,0.804145,0.807968,0.811052,0.813394,0.814988,0.815831,0.815919,0.815247,0.813811,0.811609,0.808635,0.804887,0.80036,0.795052,0.78896,0.782079,0.774409,0.765945,0.756687,0.746632,0.735779,0.724127,0.711675,0.698424,0.684375,0.669529,0.653889,0.637457,0.620237,0.602235,0.583457,0.563908,0.543597,0.522533,0.500727,0.478188,0.454931,0.430969,0.406316,0.380989,0.355006,0.328385,0.301146,0.27331,0.2449,0.215939,0.186452,0.156468,0.126009,0.0950807,0.0638111,0.0320376,0
0,0.0221389,0.0443877,0.0669045,0.0894837,0.112186,0.134959,0.157767,0.180583,0.203374,0.226109,0.248757,0.271286,0.293667,0.31587,0.337864,0.35962,0.381111,0.402308,0.423185,0.443715,0.463874,0.483636,0.502978,0.521878,0.540314,0.558265,0.575713,0.592637,0.609021,0.624847,0.6401,0.654765,0.668828,0.682276,0.695096,0.707277,0.718809,0.729681,0.739883,0.749408,0.758247,0.766392,0.773836,0.780573,0.786596,0.7919,0.796478,0.800326,0.803438,0.805809,0.807435,0.808312,0.808435,0.8078,0.806403,0.804241,0.801309,0.797605,0.793124,0.787864,0.781822,0.774995,0.767381,0.758978,0.749783,0.739797,0.729016,0.717442,0.705075,0.691914,0.677962,0.66322,0.647691,0.631379,0.614288,0.596423,0.57779,0.558398,0.538252,0.517364,0.495744,0.473402,0.450352,0.426607,0.402182,0.377094,0.351359,0.324996,0.298026,0.270468,0.242344,0.21368,0.184497,0.154818,0.124675,0.094113,0.0630725,0.0317533,0
0,0.0217808,0.0438248,0.0659362,0.0882417,0.110628,0.133084,0.155584,0.178093,0.200582,0.223019,0.245374,0.267618,0.28972,0.311652,0.333383,0.354886,0.376132,0.397095,0.417747,0.438064,0.458019,0.47759,0.496752,0.515483,0.533762,0.551567,0.568879,0.58568,0.601951,0.617675,0.632837,0.647421,0.661412,0.674798,0.687565,0.699701,0.711196,0.722039,0.73222,0.741729,0.750559,0.758701,0.766147,0.77289,0.778924,0.784243,0.788839,0.792708,0.795845,0.798244,0.7999,0.800809,0.800966,0.800368,0.79901,0.796888,0.793999,0.79034,0.785907,0.780698,0.774709,0.767938,0.760384,0.752043,0.742917,0.733002,0.722298,0.710807,0.698527,0.68546,0.671609,0.656974,0.641561,0.625371,0.608411,0.590686,0.572202,0.552966,0.532988,0.512277,0.490842,0.468697,0.445852,0.422324,0.398125,0.373272,0.347783,0.321675,0.294969,0.267684,0.239843,0.211467,0.182581,0.153212,0.123382,0.0930989,0.0624711,0.0313739,0
0,0.0215225,0.0431688,0.0650581,0.0870218,0.109107,0.131264,0.153461,0.175671,0.197865,0.220011,0.242081,0.264045,0.285875,0.30754,0.329013,0.350266,0.371271,0.392003,0.412433,0.432538,0.452292,0.471672,0.490653,0.509215,0.527334,0.544992,0.562167,0.578841,0.594996,0.610615,0.625681,0.640179,0.654095,0.667413,0.680122,0.692209,0.703663,0.714471,0.724625,0.734114,0.742929,0.751063,0.758506,0.765251,0.771292,0.776621,0.781233,0.78512,0.788279,0.790703,0.792387,0.793327,0.793517,0.792955,0.791635,0.789555,0.78671,0.783097,0.778713,0.773556,0.767622,0.76091,0.753418,0.745144,0.736088,0.726248,0.715625,0.704219,0.69203,0.679061,0.665314,0.65079,0.635494,0.61943,0.602604,0.58502,0.566686,0.54761,0.527799,0.507265,0.486017,0.464067,0.441428,0.418114,0.394139,0.36952,0.344274,0.318418,0.291972,0.264956,0.237391,0.2093,0.180707,0.151632,0.122104,0.0921677,0.0617753,0.0310916,0
0,0.0211922,0.0426272,0.0641466,0.0858473,0.107632,0.129489,0.151394,0.173313,0.195219,0.217081,0.238872,0.260563,0.282124,0.303529,0.324749,0.345756,0.366524,0.387026,0.407237,0.427132,0.446685,0.465874,0.484676,0.503067,0.521027,0.538535,0.555571,0.572117,0.588153,0.603663,0.618631,0.633039,0.646874,0.660122,0.672768,0.684801,0.696207,0.706977,0.717098,0.726562,0.735359,0.74348,0.750915,0.757659,0.763702,0.769039,0.773662,0.777566,0.780743,0.78319,0.7849,0.785869,0.786093,0.785565,0.784284,0.782245,0.779444,0.775878,0.771545,0.766441,0.760564,0.753913,0.746486,0.738281,0.729298,0.719536,0.708996,0.697679,0.685585,0.672716,0.659075,0.644665,0.62949,0.613554,0.596862,0.579422,0.56124,0.542324,0.522682,0.502325,0.481264,0.459509,0.437074,0.413974,0.390221,0.365833,0.340827,0.315219,0.289029,0.262278,0.234986,0.207175,0.178867,0.150089,0.120864,0.0911993,0.0611885,0.0307366,0
0,0.0209402,0.0420142,0.0633109,0.0846913,0.106191,0.127764,0.14938,0.171015,0.192639,0.214225,0.235743,0.257165,0.278465,0.299613,0.320584,0.341349,0.361883,0.38216,0.402154,0.42184,0.441194,0.460194,0.478815,0.497036,0.514836,0.532193,0.549089,0.565503,0.581419,0.596817,0.611682,0.625998,0.639749,0.652921,0.665501,0.677475,0.68883,0.699557,0.709642,0.719077,0.72785,0.735954,0.743378,0.750116,0.756159,0.7615,0.766131,0.770048,0.773242,0.77571,0.777444,0.778441,0.778696,0.778203,0.77696,0.774962,0.772205,0.768687,0.764405,0.759356,0.753538,0.74695,0.739589,0.731455,0.722548,0.712867,0.702413,0.691186,0.679189,0.666423,0.652891,0.638597,0.623544,0.607738,0.591184,0.573889,0.55586,0.537105,0.517632,0.497453,0.476578,0.455018,0.432787,0.409898,0.386366,0.362207,0.337437,0.312075,0.286139,0.259649,0.232624,0.205089,0.177064,0.148571,0.119635,0.0902998,0.0605286,0.0304575,0
0,0.0206335,0.0414929,0.0624496,0.0835766,0.10479,0.126079,0.147417,0.168774,0.190124,0.211437,0.232688,0.253848,0.274891,0.295788,0.316514,0.337041,0.357344,0.377398,0.397177,0.416657,0.435814,0.454625,0.473066,0.491117,0.508756,0.525962,0.542715,0.558997,0.574789,0.590074,0.604834,0.619053,0.632717,0.645811,0.65832,0.670231,0.681532,0.692211,0.702256,0.711657,0.720404,0.728487,0.735897,0.742625,0.748664,0.754005,0.758643,0.762569,0.765779,0.768265,0.770022,0.771045,0.77133,0.770872,0.769666,0.767709,0.764997,0.761527,0.757297,0.752304,0.746546,0.740022,0.732729,0.724668,0.715839,0.70624,0.695874,0.684741,0.672842,0.660181,0.646761,0.632585,0.617657,0.601982,0.585567,0.568418,0.550543,0.531949,0.512647,0.492646,0.471956,0.450591,0.428562,0.405883,0.38257,0.358638,0.334103,0.308983,0.283297,0.257064,0.230304,0.203039,0.17529,0.147083,0.11844,0.0893708,0.0599554,0.0301226,0
0,0.0203882,0.040917,0.061652,0.0824779,0.10342,0.124437,0.145501,0.166587,0.187668,0.208716,0.229705,0.250608,0.271398,0.292049,0.312533,0.332826,0.352902,0.372736,0.392303,0.411578,0.430539,0.449162,0.467424,0.485305,0.502782,0.519836,0.536447,0.552594,0.568261,0.58343,0.598083,0.612204,0.625777,0.638789,0.651224,0.66307,0.674313,0.684941,0.694942,0.704306,0.713022,0.721081,0.728472,0.735188,0.741219,0.746559,0.7512,0.755134,0.758356,0.760858,0.762637,0.763685,0.763999,0.763574,0.762405,0.760488,0.757821,0.7544,0.750223,0.745287,0.73959,0.73313,0.725908,0.717922,0.709171,0.699657,0.68938,0.678342,0.666545,0.653991,0.640683,0.626626,0.611825,0.596283,0.580008,0.563007,0.545286,0.526855,0.507722,0.487899,0.467395,0.446223,0.424395,0.401926,0.37883,0.355122,0.330819,0.305939,0.2805,0.25452,0.228021,0.201023,0.173548,0.145617,0.117255,0.0884992,0.0593257,0.029847,0
0,0.0201014,0.040415,0.0608352,0.0814164,0.102086,0.122833,0.14363,0.164451,0.185269,0.206058,0.22679,0.247441,0.267983,0.288391,0.308639,0.328701,0.348553,0.368169,0.387526,0.406599,0.425365,0.443801,0.461886,0.479596,0.496912,0.513813,0.53028,0.546292,0.561833,0.576883,0.591426,0.605446,0.618927,0.631854,0.644213,0.65599,0.667171,0.677745,0.687699,0.697023,0.705705,0.713736,0.721106,0.727806,0.733828,0.739163,0.743804,0.747744,0.750976,0.753494,0.755291,0.756363,0.756705,0.756312,0.755179,0.753303,0.750681,0.747309,0.743185,0.738306,0.732671,0.726278,0.719126,0.711215,0.702546,0.693118,0.682932,0.671991,0.660296,0.64785,0.634657,0.620721,0.606047,0.59064,0.574506,0.557652,0.540087,0.521819,0.502856,0.48321,0.462891,0.441912,0.420285,0.398023,0.375142,0.351657,0.327584,0.302941,0.277746,0.252017,0.225774,0.199039,0.171832,0.144178,0.116099,0.0876045,0.0587654,0.0295289,0
0,0.0198631,0.0398715,0.0600722,0.0803693,0.100781,0.121267,0.141803,0.162364,0.182924,0.203458,0.22394,0.244343,0.264642,0.284812,0.304827,0.324662,0.344292,0.363694,0.382843,0.401715,0.420288,0.438539,0.456446,0.473987,0.491142,0.50789,0.524212,0.540088,0.5555,0.570431,0.584863,0.59878,0.612166,0.625006,0.637285,0.64899,0.660107,0.670624,0.680528,0.689808,0.698454,0.706455,0.713801,0.720482,0.726491,0.731819,0.736458,0.740402,0.743642,0.746172,0.747988,0.749082,0.749451,0.749089,0.747992,0.746157,0.743579,0.740256,0.736185,0.731364,0.725791,0.719465,0.712385,0.704551,0.695964,0.686622,0.676529,0.665686,0.654095,0.641759,0.628682,0.614868,0.600322,0.58505,0.569058,0.552353,0.534944,0.516838,0.498046,0.478577,0.458442,0.437655,0.416227,0.394172,0.371504,0.34824,0.324395,0.299986,0.275031,0.24955,0.223561,0.197085,0.170144,0.142759,0.114951,0.0867575,0.0581615,0.0292573,0
0,0.0195935,0.0393876,0.0592952,0.0793558,0.0995061,0.119735,0.140016,0.160323,0.180631,0.200916,0.22115,0.241311,0.261371,0.281306,0.301092,0.320703,0.340116,0.359306,0.378249,0.396923,0.415304,0.433371,0.451101,0.468474,0.485467,0.502062,0.518239,0.533978,0.549261,0.564071,0.578391,0.592203,0.605491,0.618242,0.63044,0.64207,0.65312,0.663577,0.673429,0.682663,0.691269,0.699237,0.706556,0.713217,0.719211,0.724529,0.729164,0.733109,0.736355,0.738897,0.740729,0.741845,0.742239,0.741908,0.740846,0.73905,0.736516,0.733242,0.729224,0.724461,0.718951,0.712693,0.705686,0.69793,0.689425,0.680172,0.670172,0.659428,0.647942,0.635717,0.622756,0.609065,0.594649,0.579512,0.563663,0.547107,0.529854,0.511911,0.493288,0.473996,0.454046,0.433449,0.412219,0.390369,0.367914,0.344868,0.321248,0.297071,0.272355,0.247118,0.22138,0.19516,0.16848,0.141362,0.113829,0.0858927,0.0576132,0.0289532,0
0,0.0193623,0.0388725,0.0585637,0.0783553,0.0982587,0.118237,0.138267,0.158326,0.178387,0.198427,0.21842,0.238342,0.258167,0.277872,0.297432,0.316823,0.33602,0.355001,0.373741,0.392219,0.41041,0.428294,0.445849,0.463053,0.479886,0.496327,0.512359,0.52796,0.543114,0.557802,0.572007,0.585712,0.598902,0.611562,0.623675,0.635229,0.64621,0.656605,0.666401,0.675587,0.684152,0.692084,0.699373,0.706011,0.711987,0.717294,0.721923,0.725867,0.729118,0.73167,0.733517,0.734652,0.735071,0.73477,0.733742,0.731985,0.729495,0.72627,0.722305,0.717601,0.712154,0.705964,0.69903,0.691352,0.68293,0.673766,0.663861,0.653216,0.641836,0.629722,0.616879,0.603312,0.589026,0.574026,0.558319,0.541913,0.524815,0.507035,0.488582,0.469466,0.449699,0.429293,0.408259,0.386613,0.364368,0.341539,0.318142,0.294195,0.269715,0.244719,0.219228,0.193261,0.16684,0.139984,0.112715,0.0850678,0.0570314,0.0286857,0
0,0.0191074,0.0384058,0.0578224,0.077385,0.0970384,0.11677,0.136556,0.156371,0.17619,0.195989,0.215745,0.235433,0.255028,0.274506,0.293844,0.313017,0.332002,0.350776,0.369316,0.387599,0.405602,0.423305,0.440685,0.457721,0.474394,0.490683,0.506568,0.522032,0.537055,0.55162,0.565709,0.579307,0.592397,0.604963,0.616991,0.628467,0.639377,0.649707,0.659446,0.668581,0.677101,0.684996,0.692254,0.698866,0.704823,0.710116,0.714737,0.718678,0.721932,0.724493,0.726353,0.727507,0.72795,0.727676,0.726683,0.724964,0.722518,0.71934,0.715429,0.710783,0.705399,0.699278,0.692417,0.684818,0.67648,0.667405,0.657595,0.647051,0.635777,0.623776,0.611051,0.597608,0.583452,0.568589,0.553025,0.536768,0.519827,0.502209,0.483925,0.464985,0.445401,0.425183,0.404346,0.382901,0.360865,0.338251,0.315076,0.291356,0.267108,0.242352,0.217105,0.191388,0.165221,0.138625,0.111624,0.0842294,0.0564944,0.0283934,0
0,0.0188832,0.0379157,0.0571196,0.0764268,0.0958433,0.115335,0.13488,0.154455,0.174037,0.193601,0.213124,0.232581,0.251949,0.271205,0.290324,0.309283,0.328059,0.346629,0.36497,0.38306,0.400877,0.4184,0.435606,0.452476,0.468989,0.485125,0.500865,0.51619,0.531082,0.545524,0.559497,0.572986,0.585974,0.598446,0.610386,0.621782,0.632619,0.642883,0.652562,0.661645,0.670119,0.677973,0.685198,0.691782,0.697718,0.702996,0.707607,0.711544,0.714799,0.717366,0.719239,0.72041,0.720876,0.72063,0.719669,0.717988,0.715585,0.712456,0.708598,0.704009,0.698689,0.692636,0.685849,0.678329,0.670075,0.661091,0.651376,0.640933,0.629766,0.617877,0.605271,0.591952,0.577926,0.5632,0.547779,0.531672,0.514886,0.497431,0.479316,0.460551,0.441148,0.421119,0.400475,0.379232,0.357402,0.335002,0.312046,0.288551,0.264534,0.240014,0.215009,0.189539,0.163624,0.137284,0.11054,0.0834245,0.0559318,0.0281302,0
0,0.0186413,0.0374651,0.0564105,0.0754957,0.0946724,0.113928,0.133238,0.152579,0.171927,0.19126,0.210553,0.229785,0.24893,0.267966,0.286869,0.305617,0.324187,0.342555,0.3607,0.3786,0.396232,0.413576,0.43061,0.447314,0.463668,0.479652,0.495247,0.510433,0.525194,0.539511,0.553367,0.566746,0.579631,0.592008,0.60386,0.615174,0.625935,0.636132,0.64575,0.654778,0.663204,0.671016,0.678205,0.684761,0.690673,0.695934,0.700534,0.704465,0.70772,0.710293,0.712176,0.713364,0.71385,0.713632,0.712703,0.711059,0.708698,0.705616,0.701812,0.697281,0.692024,0.686039,0.679326,0.671885,0.663716,0.654821,0.645202,0.634861,0.6238,0.612024,0.599537,0.586343,0.572449,0.557859,0.542581,0.526623,0.509993,0.4927,0.474753,0.456162,0.43694,0.417097,0.396647,0.375603,0.353979,0.33179,0.309051,0.285779,0.261991,0.237705,0.212939,0.187713,0.162046,0.13596,0.109477,0.0826096,0.0554054,0.0278481,0
0,0.0184239,0.0369974,0.0557341,0.0745762,0.0935251,0.112549,0.131628,0.150738,0.169858,0.188963,0.208032,0.227041,0.245967,0.264786,0.283478,0.302017,0.320383,0.338553,0.356504,0.374215,0.391664,0.408831,0.425694,0.442234,0.458429,0.474261,0.489711,0.504759,0.519388,0.533581,0.547319,0.560587,0.573369,0.585648,0.59741,0.608641,0.619327,0.629454,0.639009,0.647981,0.656356,0.664126,0.671278,0.677803,0.68369,0.688931,0.693518,0.697442,0.700696,0.703272,0.705165,0.706368,0.706876,0.706683,0.705785,0.704178,0.701859,0.698824,0.695072,0.690599,0.685405,0.679488,0.672849,0.665487,0.657403,0.648598,0.639075,0.628835,0.617882,0.606219,0.59385,0.580781,0.567017,0.552565,0.53743,0.521621,0.505146,0.488013,0.470234,0.451817,0.432775,0.413118,0.39286,0.372014,0.350593,0.328614,0.30609,0.283039,0.259477,0.235422,0.210893,0.185908,0.160488,0.134652,0.10842,0.0818228,0.0548597,0.0275891,0
0,0.0181934,0.0365621,0.0550542,0.073681,0.0923995,0.111197,0.130049,0.148933,0.167828,0.18671,0.205558,0.224348,0.243058,0.261665,0.280147,0.298481,0.316646,0.334619,0.352378,0.369903,0.387171,0.404162,0.420856,0.437231,0.453269,0.46895,0.484255,0.499165,0.513662,0.52773,0.54135,0.554507,0.567184,0.579366,0.591037,0.602184,0.612792,0.622848,0.632339,0.641252,0.649577,0.657302,0.664415,0.670907,0.676768,0.681989,0.686561,0.690477,0.693728,0.696307,0.698208,0.699425,0.699952,0.699784,0.698917,0.697346,0.695068,0.69208,0.688379,0.683964,0.678832,0.672984,0.666418,0.659135,0.651136,0.642422,0.632994,0.622856,0.61201,0.600459,0.58821,0.575266,0.561632,0.547316,0.532324,0.516663,0.500343,0.483371,0.465759,0.447515,0.428651,0.409179,0.389112,0.368462,0.347244,0.325472,0.303162,0.280329,0.256992,0.233166,0.208871,0.184125,0.158947,0.133359,0.107382,0.081029,0.0543434,0.0273158,0
0,0.0179826,0.0361144,0.0544023,0.0727967,0.0912957,0.10987,0.128499,0.147162,0.165835,0.184498,0.203128,0.221703,0.2402,0.258598,0.276874,0.295006,0.312972,0.330751,0.348321,0.365661,0.38275,0.399567,0.416092,0.432305,0.448186,0.463716,0.478877,0.493649,0.508015,0.521957,0.535459,0.548504,0.561076,0.573159,0.584739,0.5958,0.60633,0.616313,0.625739,0.634594,0.642866,0.650544,0.657617,0.664075,0.669908,0.675107,0.679664,0.683569,0.686816,0.689397,0.691306,0.692536,0.693081,0.692937,0.692099,0.690564,0.688326,0.685384,0.681735,0.677376,0.672307,0.666527,0.660034,0.65283,0.644916,0.636291,0.626959,0.616922,0.606183,0.594746,0.582615,0.569795,0.556292,0.542112,0.527262,0.51175,0.495584,0.478772,0.461325,0.443253,0.424567,0.405279,0.385401,0.364946,0.343929,0.322363,0.300264,0.277649,0.254533,0.230935,0.206871,0.182361,0.157425,0.132081,0.106349,0.080259,0.0538126,0.027061,0
0,0.0177622,0.0356934,0.053749,0.0719345,0.0902117,0.108567,0.126978,0.145422,0.163879,0.182326,0.200742,0.219105,0.237393,0.255585,0.273657,0.29159,0.30936,0.326947,0.34433,0.361487,0.378399,0.395043,0.411401,0.427452,0.443178,0.458558,0.473575,0.488209,0.502444,0.516261,0.529645,0.542577,0.555044,0.567028,0.578514,0.58949,0.599939,0.60985,0.619209,0.628003,0.636221,0.643852,0.650884,0.657306,0.663111,0.668287,0.672826,0.67672,0.679962,0.682543,0.684458,0.6857,0.686263,0.686143,0.685333,0.683832,0.681634,0.678738,0.675139,0.670837,0.66583,0.660117,0.653698,0.646573,0.638742,0.630207,0.620971,0.611035,0.600403,0.589078,0.577066,0.56437,0.550997,0.536953,0.522245,0.50688,0.490867,0.474215,0.456934,0.439032,0.420523,0.401417,0.381727,0.361466,0.340648,0.319286,0.297398,0.274997,0.252101,0.228727,0.204893,0.180617,0.155918,0.130816,0.105334,0.0794843,0.0533058,0.0267955,0
0,0.0175578,0.0352637,0.0531198,0.0710827,0.089148,0.107288,0.125484,0.143714,0.161957,0.180193,0.198398,0.216553,0.234635,0.252622,0.270495,0.28823,0.305807,0.323205,0.340403,0.35738,0.374115,0.390589,0.406781,0.422672,0.438242,0.453474,0.468347,0.482844,0.496948,0.51064,0.523905,0.536725,0.549085,0.56097,0.572363,0.583252,0.593621,0.603458,0.612749,0.621482,0.629645,0.637226,0.644215,0.650602,0.656376,0.661528,0.666049,0.669931,0.673166,0.675747,0.677667,0.678919,0.679499,0.679401,0.67862,0.677152,0.674994,0.672142,0.668593,0.664347,0.659402,0.653756,0.647409,0.640362,0.632615,0.62417,0.615029,0.605194,0.594669,0.583456,0.571562,0.55899,0.545747,0.531838,0.517271,0.502053,0.486193,0.469699,0.452582,0.434851,0.416517,0.397592,0.378089,0.35802,0.337399,0.316241,0.29456,0.272372,0.249694,0.226542,0.202935,0.178891,0.154428,0.129566,0.104324,0.0787298,0.0527885,0.0265449,0
0,0.0173465,0.0348563,0.0524908,0.0702509,0.0881025,0.106032,0.124016,0.142036,0.160069,0.178096,0.196094,0.214043,0.231922,0.24971,0.267384,0.284925,0.302312,0.319523,0.336537,0.353335,0.369897,0.386201,0.402229,0.417961,0.433378,0.448461,0.463192,0.477552,0.491525,0.505093,0.518238,0.530946,0.5432,0.554984,0.566284,0.577085,0.587373,0.597134,0.606357,0.615028,0.623135,0.630666,0.637612,0.643961,0.649703,0.65483,0.659332,0.6632,0.666428,0.669007,0.670931,0.672194,0.67279,0.672713,0.671959,0.670524,0.668404,0.665596,0.662098,0.657907,0.653022,0.647443,0.641169,0.634199,0.626536,0.61818,0.609134,0.599399,0.58898,0.57788,0.566103,0.553654,0.54054,0.526766,0.512339,0.497268,0.48156,0.465223,0.448269,0.430707,0.412548,0.393803,0.374485,0.354607,0.334182,0.313225,0.29175,0.269773,0.247311,0.22438,0.200998,0.177183,0.152953,0.128328,0.10333,0.0779726,0.0522908,0.0262863,0
0,0.0171482,0.034443,0.0518826,0.0694292,0.0870758,0.104797,0.122574,0.140386,0.158213,0.176034,0.193829,0.211576,0.229255,0.246845,0.264325,0.281674,0.298872,0.315898,0.332732,0.349353,0.365742,0.381879,0.397744,0.413318,0.428582,0.443518,0.458107,0.472331,0.486173,0.499616,0.512644,0.525239,0.537386,0.54907,0.560275,0.570988,0.581195,0.590881,0.600034,0.608642,0.616692,0.624173,0.631073,0.637384,0.643094,0.648194,0.652676,0.65653,0.659749,0.662325,0.664253,0.665525,0.666135,0.666079,0.665351,0.663948,0.661866,0.659102,0.655653,0.651517,0.646692,0.641179,0.634977,0.628085,0.620504,0.612237,0.603285,0.59365,0.583337,0.572348,0.560688,0.548362,0.535376,0.521736,0.50745,0.492524,0.476967,0.460787,0.443995,0.426601,0.408615,0.390049,0.370915,0.351226,0.330996,0.310238,0.288967,0.2672,0.244952,0.222239,0.19908,0.175492,0.151493,0.127104,0.102342,0.0772327,0.0517856,0.0260397,0
0,0.0169451,0.0340484,0.051276,0.0686255,0.086066,0.103583,0.121156,0.138764,0.156388,0.174007,0.191601,0.209149,0.226631,0.244026,0.261314,0.278474,0.295486,0.312329,0.328984,0.345431,0.361649,0.37762,0.393324,0.408741,0.423853,0.438643,0.453091,0.46718,0.480892,0.494211,0.507119,0.519602,0.531642,0.543226,0.554337,0.564961,0.575085,0.584695,0.593779,0.602322,0.610315,0.617744,0.624599,0.63087,0.636547,0.64162,0.64608,0.649919,0.653129,0.655702,0.657631,0.658911,0.659536,0.6595,0.658798,0.657426,0.655381,0.652659,0.649258,0.645177,0.640412,0.634964,0.628833,0.622018,0.61452,0.606341,0.597482,0.587947,0.577739,0.566861,0.555317,0.543114,0.530256,0.516749,0.502602,0.48782,0.472413,0.45639,0.439759,0.422531,0.404718,0.386329,0.367378,0.347877,0.327839,0.307279,0.286212,0.264652,0.242615,0.220119,0.197181,0.173818,0.150048,0.125891,0.101367,0.0764917,0.0512968,0.0257873,0
0,0.0167527,0.0336501,0.0506876,0.0678316,0.0850737,0.10239,0.119761,0.137169,0.154593,0.172013,0.189409,0.206761,0.224049,0.241252,0.25835,0.275323,0.292152,0.308815,0.325293,0.341567,0.357617,0.373423,0.388966,0.404228,0.41919,0.433834,0.448142,0.462096,0.475679,0.488874,0.501665,0.514035,0.525969,0.537451,0.548468,0.559003,0.569045,0.578578,0.587591,0.59607,0.604004,0.611381,0.61819,0.624421,0.630063,0.635108,0.639546,0.643368,0.646568,0.649136,0.651068,0.652355,0.652992,0.652975,0.652298,0.650957,0.648948,0.646268,0.642915,0.638887,0.634182,0.628799,0.622738,0.615999,0.608583,0.600492,0.591726,0.58229,0.572186,0.561418,0.549991,0.537909,0.525178,0.511804,0.497795,0.483157,0.4679,0.452031,0.43556,0.418498,0.400855,0.382643,0.363873,0.344558,0.324712,0.304348,0.283482,0.262128,0.240302,0.21802,0.1953,0.17216,0.148617,0.12469,0.100398,0.0757657,0.0508027,0.0255448,0
0,0.016557,0.0332676,0.0501017,0.0670542,0.084097,0.101216,0.11839,0.1356,0.152827,0.170051,0.187252,0.204411,0.221507,0.238521,0.255432,0.272221,0.288868,0.305353,0.321657,0.33776,0.353642,0.369285,0.38467,0.399778,0.414591,0.429091,0.443259,0.457079,0.470533,0.483605,0.496277,0.508535,0.520363,0.531745,0.542666,0.553113,0.563071,0.572528,0.581469,0.589883,0.597758,0.605082,0.611844,0.618034,0.623641,0.628657,0.633072,0.636877,0.640066,0.642629,0.644561,0.645855,0.646505,0.646506,0.645853,0.644541,0.642568,0.63993,0.636624,0.632648,0.628002,0.622683,0.616692,0.610028,0.602694,0.594689,0.586017,0.576679,0.566679,0.55602,0.544708,0.532747,0.520142,0.5069,0.493028,0.478534,0.463424,0.44771,0.431398,0.414501,0.397027,0.37899,0.3604,0.34127,0.321613,0.301444,0.280777,0.259627,0.238009,0.21594,0.193437,0.170517,0.147199,0.1235,0.0994422,0.0750397,0.0503223,0.025298,0
0,0.0163702,0.0328831,0.0495318,0.0662862,0.0831367,0.10006,0.11704,0.134056,0.151089,0.16812,0.185129,0.202097,0.219004,0.235831,0.252558,0.269165,0.285633,0.301943,0.318074,0.334007,0.349725,0.365206,0.380434,0.39539,0.410054,0.424411,0.438441,0.452127,0.465453,0.478402,0.490957,0.503103,0.514824,0.526105,0.536932,0.54729,0.557165,0.566544,0.575414,0.583762,0.591578,0.598848,0.605562,0.611711,0.617282,0.622268,0.626659,0.630447,0.633623,0.636181,0.638113,0.639412,0.640074,0.640092,0.639462,0.63818,0.636241,0.633644,0.630384,0.626461,0.621872,0.616617,0.610695,0.604107,0.596853,0.588934,0.580354,0.571113,0.561216,0.550667,0.539469,0.527627,0.515148,0.502038,0.488302,0.47395,0.458988,0.443425,0.427272,0.410538,0.393233,0.375369,0.356957,0.338011,0.318543,0.298567,0.278098,0.257149,0.235738,0.21388,0.191592,0.168891,0.145795,0.122323,0.0984921,0.0743268,0.0498385,0.0250594,0
0,0.0161813,0.032512,0.0489651,0.0655333,0.082191,0.0989235,0.115711,0.132536,0.149378,0.166218,0.183039,0.199819,0.21654,0.233183,0.249728,0.266155,0.282446,0.298582,0.314542,0.330308,0.345862,0.361184,0.376257,0.391061,0.405579,0.419792,0.433685,0.447239,0.460437,0.473264,0.485702,0.497736,0.509351,0.520532,0.531264,0.541532,0.551324,0.560625,0.569423,0.577706,0.585461,0.592678,0.599344,0.60545,0.610985,0.615941,0.620307,0.624077,0.62724,0.629791,0.631722,0.633027,0.633699,0.633734,0.633127,0.631873,0.629969,0.627411,0.624197,0.620325,0.615793,0.6106,0.604747,0.598233,0.591059,0.583226,0.574737,0.565593,0.555799,0.545357,0.534273,0.522551,0.510196,0.497216,0.483616,0.469404,0.454589,0.439178,0.423182,0.406609,0.389472,0.37178,0.353545,0.334781,0.3155,0.295716,0.275442,0.254694,0.233488,0.211838,0.189763,0.167279,0.144403,0.121155,0.0975537,0.073615,0.0493664,0.0248179,0
0,0.0159999,0.0321403,0.0484125,0.0647896,0.0812607,0.0978044,0.114403,0.131039,0.147693,0.164346,0.18098,0.197575,0.214113,0.230574,0.246939,0.263189,0.279306,0.295269,0.311061,0.326662,0.342054,0.357218,0.372136,0.38679,0.401162,0.415235,0.428991,0.442413,0.455485,0.468189,0.480511,0.492434,0.503944,0.515024,0.525661,0.53584,0.545548,0.554772,0.563498,0.571715,0.579409,0.586571,0.593189,0.599252,0.60475,0.609675,0.614016,0.617766,0.620916,0.62346,0.625389,0.626698,0.627381,0.627432,0.626846,0.62562,0.623749,0.62123,0.618061,0.61424,0.609764,0.604634,0.598849,0.592408,0.585313,0.577565,0.569166,0.560119,0.550426,0.540092,0.52912,0.517516,0.505286,0.492434,0.478969,0.464897,0.450227,0.434967,0.419126,0.402715,0.385743,0.368222,0.350164,0.33158,0.312484,0.292889,0.27281,0.252261,0.231258,0.209816,0.187951,0.165682,0.143025,0.119999,0.0966213,0.0729148,0.0488922,0.0245832,0
0,0.0158173,0.0317801,0.0478638,0.0640597,0.0803441,0.0967023,0.113115,0.129565,0.146034,0.162502,0.178952,0.195365,0.211722,0.228003,0.244191,0.260266,0.27621,0.292004,0.307629,0.323066,0.338298,0.353305,0.368071,0.382576,0.396804,0.410737,0.424357,0.437649,0.450594,0.463178,0.475384,0.487196,0.4986,0.50958,0.520122,0.530212,0.539837,0.548983,0.557636,0.565786,0.573421,0.580527,0.587096,0.593116,0.598577,0.60347,0.607785,0.611516,0.614652,0.617187,0.619114,0.620427,0.621119,0.621185,0.62062,0.619421,0.617583,0.615103,0.611978,0.608207,0.603787,0.598718,0.592999,0.586632,0.579615,0.571951,0.563642,0.55469,0.545098,0.53487,0.52401,0.512524,0.500416,0.487693,0.474361,0.460428,0.445902,0.430792,0.415106,0.398854,0.382047,0.364695,0.346811,0.328407,0.309495,0.290088,0.270202,0.24985,0.229048,0.207811,0.186156,0.164099,0.141659,0.118853,0.0956997,0.0722164,0.048428,0.0243466,0
0,0.015641,0.0314202,0.0473276,0.0633387,0.0794419,0.0956169,0.111847,0.128114,0.144399,0.160686,0.176955,0.193187,0.209365,0.22547,0.241482,0.257385,0.273158,0.288784,0.304244,0.31952,0.334593,0.349446,0.36406,0.378418,0.392503,0.406297,0.419783,0.432944,0.445765,0.458228,0.470318,0.48202,0.493319,0.504199,0.514647,0.524648,0.534189,0.543257,0.551838,0.559922,0.567495,0.574546,0.581065,0.587041,0.592465,0.597326,0.601615,0.605325,0.608446,0.610973,0.612897,0.614213,0.614913,0.614994,0.61445,0.613277,0.61147,0.609028,0.605947,0.602225,0.59786,0.592852,0.5872,0.580904,0.573965,0.566384,0.558164,0.549306,0.539814,0.529692,0.518943,0.507573,0.495587,0.482992,0.469793,0.455998,0.441615,0.426652,0.411119,0.395026,0.378382,0.361199,0.343488,0.325261,0.306531,0.287312,0.267616,0.24746,0.226857,0.205824,0.184376,0.162531,0.140305,0.117717,0.0947843,0.0715283,0.047963,0.0241157,0
0,0.0154642,0.0310703,0.0467956,0.0626304,0.0785526,0.0945475,0.110597,0.126683,0.142789,0.158896,0.174986,0.191041,0.207042,0.222972,0.238812,0.254544,0.270149,0.285609,0.300906,0.316022,0.330938,0.345638,0.360102,0.374315,0.388257,0.401913,0.415266,0.428299,0.440995,0.453339,0.465314,0.476907,0.4881,0.498881,0.509235,0.519147,0.528604,0.537594,0.546103,0.554119,0.561631,0.568627,0.575096,0.581028,0.586413,0.591242,0.595504,0.599193,0.6023,0.604817,0.606738,0.608055,0.608764,0.608859,0.608334,0.607187,0.605412,0.603006,0.599968,0.596294,0.591983,0.587035,0.581448,0.575224,0.568362,0.560864,0.552732,0.543968,0.534575,0.524557,0.513919,0.502664,0.490799,0.47833,0.465262,0.451604,0.437363,0.422548,0.407167,0.391231,0.374749,0.357733,0.340193,0.322143,0.303594,0.284559,0.265054,0.245091,0.224686,0.203854,0.182612,0.160976,0.138963,0.116591,0.093879,0.0708428,0.0475066,0.0238837,0
0,0.0152929,0.0307214,0.0462749,0.0619308,0.0776769,0.0934939,0.109365,0.125274,0.141202,0.157132,0.173046,0.188925,0.204753,0.220511,0.23618,0.251743,0.267182,0.282478,0.297614,0.312571,0.327333,0.34188,0.356197,0.370265,0.384067,0.397586,0.410806,0.423711,0.436283,0.448508,0.46037,0.471853,0.482943,0.493624,0.503884,0.513707,0.523081,0.531993,0.54043,0.548379,0.55583,0.56277,0.569189,0.575077,0.580423,0.585218,0.589454,0.593121,0.596212,0.598719,0.600636,0.601955,0.602671,0.602779,0.602274,0.601151,0.599406,0.597037,0.594041,0.590415,0.586158,0.581268,0.575747,0.569593,0.562807,0.55539,0.547345,0.538674,0.52938,0.519466,0.508936,0.497796,0.486051,0.473707,0.46077,0.447248,0.433148,0.418478,0.403249,0.387468,0.371147,0.354296,0.336927,0.319051,0.300682,0.281831,0.262513,0.242742,0.222534,0.201902,0.180864,0.159435,0.137633,0.115476,0.09298,0.0701666,0.0470503,0.0236565,0
0,0.0151215,0.0303813,0.0457587,0.0612429,0.0768134,0.0924555,0.108152,0.123885,0.139638,0.155393,0.171133,0.18684,0.202496,0.218083,0.233584,0.24898,0.264255,0.279389,0.294366,0.309167,0.323775,0.338172,0.352342,0.366266,0.379929,0.393313,0.406402,0.41918,0.43163,0.443736,0.455484,0.466859,0.477845,0.488428,0.498594,0.508329,0.51762,0.526453,0.534818,0.5427,0.550089,0.556973,0.563342,0.569185,0.574492,0.579254,0.583462,0.587107,0.590182,0.592679,0.594591,0.595911,0.596635,0.596755,0.596268,0.595169,0.593455,0.591121,0.588166,0.584587,0.580383,0.575552,0.570094,0.56401,0.557299,0.549963,0.542005,0.533426,0.524229,0.514417,0.503996,0.49297,0.481344,0.469124,0.456316,0.442928,0.428968,0.414443,0.399363,0.383738,0.367576,0.350889,0.333689,0.315987,0.297795,0.279126,0.259995,0.240414,0.2204,0.199967,0.179131,0.157908,0.136315,0.11437,0.0920904,0.0694934,0.0466015,0.0234289,0
0,0.0149548,0.0300429,0.0452527,0.0605635,0.0759627,0.091432,0.106955,0.122515,0.138096,0.153678,0.169247,0.184783,0.20027,0.215689,0.231024,0.246256,0.261368,0.276342,0.291161,0.305807,0.320263,0.334512,0.348536,0.362319,0.375844,0.389094,0.402052,0.414704,0.427032,0.439022,0.450657,0.461924,0.472806,0.483291,0.493364,0.503011,0.512218,0.520975,0.529266,0.537082,0.544409,0.551237,0.557556,0.563354,0.568621,0.57335,0.57753,0.581153,0.584211,0.586697,0.588603,0.589924,0.590654,0.590787,0.590317,0.589242,0.587556,0.585258,0.582343,0.57881,0.574658,0.569885,0.564491,0.558475,0.551839,0.544583,0.53671,0.528222,0.519121,0.509412,0.499098,0.488184,0.476676,0.464579,0.4519,0.438646,0.424824,0.410443,0.395511,0.380039,0.364035,0.347512,0.330479,0.312948,0.294932,0.276445,0.257498,0.238107,0.218285,0.198049,0.177413,0.156394,0.135008,0.113274,0.0912071,0.0688287,0.0461535,0.0232054,0
0,0.0147886,0.0297121,0.0447514,0.059895,0.0751237,0.0904229,0.105776,0.121165,0.136575,0.151988,0.167387,0.182755,0.198074,0.213328,0.228498,0.243568,0.258519,0.273335,0.287999,0.302492,0.316798,0.3309,0.34478,0.358422,0.37181,0.384927,0.397757,0.410283,0.42249,0.434363,0.445887,0.457046,0.467826,0.478213,0.488193,0.497752,0.506877,0.515555,0.523775,0.531523,0.538789,0.545561,0.551829,0.557582,0.56281,0.567504,0.571656,0.575256,0.578297,0.580772,0.582673,0.583994,0.584729,0.584873,0.584421,0.583368,0.581711,0.579447,0.576572,0.573085,0.568984,0.564268,0.558936,0.552988,0.546425,0.539249,0.531461,0.523062,0.514057,0.504449,0.494242,0.48344,0.472048,0.460073,0.447522,0.4344,0.420715,0.406476,0.391692,0.376372,0.360525,0.344163,0.327296,0.309936,0.292095,0.273786,0.255023,0.235819,0.216188,0.196147,0.17571,0.154893,0.133713,0.112187,0.0903328,0.0681674,0.0457121,0.0229819,0
0,0.0146264,0.0293834,0.0442593,0.0592347,0.0742967,0.0894278,0.104612,0.119834,0.135075,0.150321,0.165553,0.180754,0.195908,0.210998,0.226006,0.240915,0.255708,0.270368,0.284878,0.299219,0.313377,0.327333,0.341071,0.354575,0.367827,0.380812,0.393513,0.405916,0.418003,0.429761,0.441173,0.452225,0.462903,0.473193,0.48308,0.492552,0.501594,0.510195,0.518343,0.526024,0.533229,0.539944,0.546161,0.551869,0.557057,0.561717,0.56584,0.569417,0.572441,0.574904,0.576798,0.578119,0.578859,0.579014,0.578579,0.577548,0.575919,0.573689,0.570853,0.567411,0.56336,0.5587,0.553429,0.547549,0.541059,0.533961,0.526256,0.517947,0.509037,0.499529,0.489427,0.478735,0.46746,0.455606,0.44318,0.43019,0.416641,0.402544,0.387906,0.372736,0.357045,0.340843,0.32414,0.306949,0.289282,0.271151,0.252569,0.23355,0.21411,0.194262,0.174021,0.153405,0.132428,0.11111,0.0894649,0.0675139,0.0452721,0.0227621,0
0,0.0144649,0.0290616,0.0437721,0.0585846,0.0734809,0.0884466,0.103465,0.118521,0.133596,0.148676,0.163743,0.178781,0.193772,0.2087,0.223548,0.238298,0.252935,0.26744,0.281797,0.295989,0.31,0.323812,0.337409,0.350775,0.363893,0.376747,0.389322,0.401601,0.413569,0.425212,0.436514,0.44746,0.458037,0.46823,0.478025,0.487409,0.49637,0.504894,0.512969,0.520584,0.527727,0.534387,0.540552,0.546215,0.551363,0.555988,0.560082,0.563636,0.566642,0.569092,0.570981,0.5723,0.573045,0.57321,0.572791,0.571782,0.57018,0.567982,0.565185,0.561787,0.557786,0.553181,0.547972,0.542158,0.53574,0.528719,0.521098,0.512877,0.50406,0.494651,0.484653,0.474072,0.462911,0.451177,0.438876,0.426016,0.412603,0.398645,0.384151,0.369131,0.353594,0.337551,0.321012,0.303988,0.286493,0.268538,0.250136,0.231302,0.212049,0.192392,0.172347,0.151929,0.131155,0.110041,0.0886056,0.0668642,0.0448381,0.0225427,0
0,0.014307,0.0287421,0.0432933,0.0579425,0.0726765,0.0874786,0.102334,0.117225,0.132137,0.147054,0.161958,0.176834,0.191664,0.206432,0.221122,0.235716,0.250197,0.26455,0.278756,0.292801,0.306666,0.320335,0.333793,0.347022,0.360007,0.372732,0.385181,0.397338,0.409189,0.420717,0.43191,0.442751,0.453227,0.463323,0.473027,0.482325,0.491203,0.499651,0.507654,0.515202,0.522283,0.528887,0.535002,0.540618,0.545727,0.550317,0.554382,0.557912,0.5609,0.563338,0.565219,0.566537,0.567286,0.567461,0.567057,0.566069,0.564494,0.562328,0.559569,0.556214,0.552262,0.547712,0.542563,0.536815,0.530468,0.523524,0.515984,0.507851,0.499127,0.489816,0.479921,0.469448,0.458401,0.446786,0.434609,0.421878,0.408598,0.394779,0.380429,0.365557,0.350173,0.334287,0.31791,0.301053,0.283727,0.265947,0.247724,0.229072,0.210006,0.190539,0.170688,0.150467,0.129893,0.108983,0.0877526,0.0662218,0.0444059,0.0223265,0
0,0.01415,0.0284288,0.0428195,0.0573099,0.0718827,0.0865238,0.101217,0.115947,0.130698,0.145453,0.160197,0.174912,0.189584,0.204194,0.218727,0.233166,0.247495,0.261696,0.275754,0.289652,0.303373,0.316902,0.330221,0.343316,0.356169,0.368765,0.38109,0.393126,0.40486,0.416275,0.427359,0.438095,0.448471,0.458472,0.468085,0.477296,0.486093,0.494464,0.502396,0.509878,0.516897,0.523445,0.529509,0.53508,0.540148,0.544703,0.548739,0.552245,0.555214,0.557639,0.559512,0.560829,0.561582,0.561766,0.561376,0.560409,0.55886,0.556726,0.554004,0.550692,0.546788,0.542292,0.537202,0.531518,0.525242,0.518374,0.510915,0.502868,0.494236,0.485022,0.47523,0.464864,0.45393,0.442433,0.430379,0.417775,0.404628,0.390947,0.376739,0.362014,0.346782,0.331051,0.314835,0.298142,0.280986,0.263379,0.245333,0.226862,0.20798,0.188702,0.169042,0.149017,0.128642,0.107933,0.0869079,0.0655834,0.0439792,0.022111,0
0,0.0139962,0.0281181,0.0423534,0.056685,0.0710998,0.0855817,0.100116,0.114686,0.129277,0.143874,0.158459,0.173016,0.187531,0.201985,0.216364,0.23065,0.244827,0.25888,0.27279,0.286543,0.300122,0.313511,0.326694,0.339655,0.352377,0.364847,0.377047,0.388964,0.400582,0.411885,0.422861,0.433493,0.44377,0.453675,0.463198,0.472323,0.481039,0.489334,0.497194,0.50461,0.511568,0.518059,0.524073,0.529598,0.534625,0.539146,0.543152,0.546634,0.549584,0.551996,0.553862,0.555176,0.555932,0.556125,0.55575,0.554802,0.553279,0.551175,0.54849,0.54522,0.541364,0.536921,0.531889,0.52627,0.520063,0.513269,0.505891,0.49793,0.489388,0.480271,0.47058,0.460321,0.449498,0.438118,0.426185,0.413708,0.400693,0.387148,0.373081,0.358501,0.343419,0.327844,0.311786,0.295257,0.278268,0.260832,0.242962,0.224671,0.205972,0.186881,0.167411,0.147579,0.127401,0.106892,0.0860697,0.0649518,0.0435545,0.0218984,0
0,0.0138435,0.027813,0.0418922,0.0560691,0.070327,0.0846521,0.0990288,0.113442,0.127876,0.142315,0.156743,0.171145,0.185504,0.199805,0.214031,0.228166,0.242194,0.256098,0.269864,0.283473,0.296912,0.310162,0.32321,0.336038,0.348632,0.360975,0.373053,0.384851,0.396354,0.407546,0.418414,0.428944,0.439121,0.448933,0.458365,0.467405,0.476041,0.484259,0.492049,0.499398,0.506296,0.512731,0.518693,0.524173,0.52916,0.533646,0.537621,0.541079,0.54401,0.546408,0.548266,0.549577,0.550336,0.550537,0.550176,0.549248,0.547749,0.545676,0.543027,0.539798,0.535989,0.531598,0.526624,0.521068,0.514929,0.50821,0.500911,0.493034,0.484583,0.47556,0.46597,0.455817,0.445105,0.433839,0.422028,0.409676,0.396791,0.383381,0.369454,0.355019,0.340085,0.324663,0.308763,0.292396,0.275573,0.258308,0.240612,0.222498,0.203981,0.185075,0.165794,0.146154,0.126171,0.10586,0.0852393,0.0643245,0.0431349,0.0216866,0
0,0.0136937,0.0275106,0.0414383,0.0554607,0.0695647,0.0837347,0.0979561,0.112214,0.126492,0.140776,0.15505,0.169298,0.183504,0.197652,0.211727,0.225713,0.239593,0.253352,0.266974,0.280442,0.293741,0.306855,0.319768,0.332466,0.344931,0.35715,0.369107,0.380787,0.392175,0.403257,0.414019,0.424447,0.434526,0.444244,0.453587,0.462542,0.471097,0.47924,0.486959,0.494242,0.501079,0.507458,0.51337,0.518803,0.52375,0.5282,0.532146,0.535579,0.538491,0.540875,0.542724,0.544032,0.544794,0.545003,0.544655,0.543745,0.542271,0.540228,0.537614,0.534426,0.530663,0.526323,0.521407,0.515913,0.509842,0.503196,0.495975,0.488183,0.47982,0.470892,0.461401,0.451352,0.440749,0.429599,0.417906,0.405679,0.392923,0.379647,0.365858,0.351567,0.336781,0.32151,0.305766,0.28956,0.272902,0.255805,0.238281,0.220344,0.202007,0.183285,0.164191,0.144741,0.124951,0.104837,0.0844154,0.0637035,0.0427176,0.0214776,0
0,0.013545,0.0272133,0.0409893,0.0548608,0.068812,0.0828292,0.0968973,0.111001,0.125126,0.139257,0.153378,0.167474,0.181529,0.195527,0.209453,0.223291,0.237026,0.25064,0.264119,0.277447,0.290609,0.303587,0.316368,0.328936,0.341275,0.35337,0.365207,0.37677,0.388045,0.399018,0.409674,0.42,0.429982,0.439607,0.448861,0.457732,0.466208,0.474275,0.481924,0.489141,0.495917,0.502241,0.508101,0.513489,0.518395,0.522811,0.526726,0.530134,0.533026,0.535396,0.537237,0.538542,0.539305,0.539521,0.539186,0.538295,0.536844,0.53483,0.532251,0.529103,0.525385,0.521097,0.516237,0.510804,0.504801,0.498227,0.491084,0.483374,0.4751,0.466264,0.456872,0.446926,0.436432,0.425395,0.413821,0.401716,0.389089,0.375945,0.362294,0.348144,0.333504,0.318385,0.302796,0.286748,0.270254,0.253324,0.235971,0.218209,0.20005,0.18151,0.162601,0.14334,0.123742,0.103823,0.0835992,0.063087,0.0423051,0.0212695,0
0,0.013399,0.0269188,0.0405469,0.054268,0.0680692,0.0819353,0.0958521,0.109805,0.123778,0.137758,0.151728,0.165673,0.179579,0.193429,0.207208,0.2209,0.23449,0.247962,0.2613,0.27449,0.287515,0.30036,0.313009,0.325449,0.337662,0.349635,0.361353,0.3728,0.383963,0.394827,0.405379,0.415604,0.42549,0.435022,0.444188,0.452975,0.461371,0.469364,0.476943,0.484095,0.49081,0.497078,0.502888,0.508231,0.513096,0.517476,0.521361,0.524744,0.527617,0.529972,0.531803,0.533104,0.533869,0.534093,0.53377,0.532897,0.531469,0.529484,0.526938,0.52383,0.520157,0.515918,0.511114,0.505742,0.499805,0.493303,0.486236,0.478608,0.470421,0.461678,0.452383,0.442539,0.432153,0.421228,0.409771,0.397789,0.385288,0.372276,0.358761,0.344751,0.330256,0.315286,0.299851,0.283961,0.267628,0.250864,0.233681,0.216092,0.19811,0.17975,0.161026,0.141952,0.122544,0.102818,0.0827895,0.0624766,0.0418951,0.0210639,0
0,0.0132543,0.026629,0.0401095,0.0536834,0.0673358,0.0810529,0.0948203,0.108623,0.122447,0.136277,0.150098,0.163896,0.177653,0.191357,0.20499,0.218538,0.231985,0.245316,0.258516,0.271568,0.284458,0.297171,0.309691,0.322003,0.334092,0.345944,0.357543,0.368876,0.379928,0.390685,0.401133,0.411258,0.421048,0.430488,0.439566,0.44827,0.456587,0.464506,0.472015,0.479102,0.485757,0.49197,0.497729,0.503026,0.507851,0.512195,0.51605,0.519408,0.522261,0.524601,0.526423,0.52772,0.528486,0.528716,0.528405,0.527549,0.526144,0.524187,0.521675,0.518605,0.514977,0.510788,0.506038,0.500727,0.494855,0.488423,0.481432,0.473885,0.465785,0.457133,0.447934,0.438192,0.427911,0.417098,0.405757,0.393896,0.38152,0.368638,0.355258,0.341388,0.327036,0.312214,0.296931,0.281197,0.265025,0.248425,0.23141,0.213993,0.196187,0.178005,0.159463,0.140575,0.121355,0.101821,0.0819872,0.0618707,0.0414895,0.0208595,0
0,0.0131119,0.0263421,0.0396783,0.0531058,0.0666118,0.0801817,0.0938015,0.107457,0.121133,0.134816,0.148489,0.16214,0.175752,0.18931,0.2028,0.216205,0.229511,0.242703,0.255765,0.268682,0.281438,0.29402,0.306412,0.318598,0.330564,0.342296,0.353779,0.364998,0.37594,0.38659,0.396935,0.406961,0.416655,0.426004,0.434996,0.443617,0.451856,0.459701,0.46714,0.474162,0.480757,0.486915,0.492624,0.497875,0.50266,0.506968,0.510793,0.514125,0.516958,0.519284,0.521096,0.522388,0.523155,0.523392,0.523092,0.522253,0.52087,0.518941,0.516461,0.51343,0.509845,0.505704,0.501009,0.495757,0.489949,0.483587,0.476672,0.469205,0.461189,0.452628,0.443524,0.433883,0.423708,0.413004,0.401779,0.390037,0.377786,0.365033,0.351786,0.338053,0.323845,0.309169,0.294037,0.278458,0.262444,0.246007,0.229159,0.211912,0.19428,0.176276,0.157914,0.13921,0.120177,0.100833,0.0811914,0.0612707,0.0410865,0.0206574,0
0,0.0129708,0.0260595,0.0392519,0.0525359,0.0658968,0.0793214,0.0927955,0.106305,0.119835,0.133372,0.1469,0.160406,0.173874,0.187289,0.200636,0.213901,0.227068,0.240121,0.253047,0.26583,0.278455,0.290907,0.303171,0.315233,0.327078,0.33869,0.350057,0.361164,0.371997,0.382541,0.392784,0.402712,0.412312,0.42157,0.430476,0.439015,0.447176,0.454947,0.462317,0.469275,0.475811,0.481913,0.487572,0.492778,0.497522,0.501795,0.505589,0.508896,0.511708,0.514019,0.515822,0.517109,0.517877,0.518119,0.517831,0.517008,0.515647,0.513744,0.511297,0.508303,0.50476,0.500668,0.496026,0.490832,0.485089,0.478795,0.471954,0.464567,0.456636,0.448164,0.439154,0.429612,0.419541,0.408947,0.397835,0.386212,0.374084,0.361459,0.348344,0.334749,0.320681,0.306151,0.291168,0.275743,0.259887,0.243611,0.226928,0.20985,0.19239,0.174562,0.156379,0.137857,0.119009,0.0998528,0.0804028,0.0606753,0.0406878,0.0204566,0
0,0.012832,0.0257798,0.0388315,0.0519727,0.0651909,0.0784719,0.091802,0.105167,0.118554,0.131946,0.145331,0.158694,0.172019,0.185293,0.198499,0.211625,0.224654,0.237571,0.250362,0.263013,0.275507,0.287831,0.299969,0.311908,0.323632,0.335127,0.346379,0.357374,0.368099,0.378539,0.38868,0.398511,0.408017,0.417186,0.426005,0.434463,0.442546,0.450245,0.457546,0.46444,0.470916,0.476963,0.482572,0.487733,0.492437,0.496674,0.500438,0.50372,0.506512,0.508807,0.510599,0.511882,0.51265,0.512897,0.512619,0.511813,0.510473,0.508596,0.506181,0.503224,0.499723,0.495679,0.491089,0.485953,0.480273,0.474048,0.46728,0.459971,0.452123,0.443739,0.434824,0.425379,0.415412,0.404926,0.393926,0.382421,0.370415,0.357916,0.344933,0.331473,0.317545,0.303158,0.288324,0.273051,0.257351,0.241235,0.224716,0.207805,0.190516,0.172862,0.154857,0.136515,0.117852,0.0988816,0.0796207,0.0600856,0.0402919,0.0202579,0
0,0.0126945,0.0255042,0.0384157,0.0514169,0.0644936,0.0776329,0.0908209,0.104044,0.117288,0.130538,0.143781,0.157002,0.170187,0.18332,0.196388,0.209376,0.222269,0.235051,0.24771,0.260229,0.272594,0.284791,0.296805,0.308621,0.320226,0.331605,0.342743,0.353628,0.364245,0.374581,0.384623,0.394356,0.403769,0.412849,0.421584,0.42996,0.437967,0.445593,0.452826,0.459657,0.466073,0.472066,0.477625,0.48274,0.487404,0.491606,0.495339,0.498595,0.501367,0.503647,0.505429,0.506706,0.507474,0.507726,0.507459,0.506667,0.505348,0.503498,0.501113,0.498192,0.494734,0.490736,0.486198,0.481119,0.475501,0.469343,0.462648,0.455416,0.447651,0.439355,0.430532,0.421185,0.411319,0.40094,0.390053,0.378663,0.366778,0.354405,0.341551,0.328226,0.314436,0.300193,0.285505,0.270383,0.254837,0.23888,0.222523,0.205778,0.188658,0.171177,0.153348,0.135185,0.116704,0.0979188,0.0788458,0.0595004,0.0399,0.0200605,0
0,0.012559,0.0252315,0.0380056,0.0508676,0.0638051,0.0768043,0.0898519,0.102934,0.116037,0.129147,0.14225,0.155331,0.168377,0.181372,0.194303,0.207154,0.219912,0.232562,0.245089,0.257478,0.269715,0.281787,0.293677,0.305373,0.316859,0.328123,0.339149,0.349925,0.360435,0.370668,0.38061,0.390248,0.399569,0.408561,0.41721,0.425507,0.433437,0.440991,0.448157,0.454924,0.461281,0.46722,0.472729,0.4778,0.482423,0.48659,0.490292,0.493523,0.496274,0.498538,0.500309,0.501581,0.502348,0.502606,0.502348,0.501572,0.500273,0.498448,0.496094,0.493209,0.489791,0.485839,0.481352,0.47633,0.470773,0.464682,0.458058,0.450903,0.44322,0.43501,0.426279,0.417028,0.407264,0.39699,0.386213,0.374939,0.363174,0.350925,0.3382,0.325007,0.311355,0.297253,0.28271,0.267738,0.252346,0.236546,0.22035,0.203769,0.186817,0.169507,0.151852,0.133867,0.115566,0.0969644,0.0780772,0.0589208,0.039511,0.0198652,0
0,0.0124249,0.0249626,0.0376001,0.0503254,0.0631249,0.0759858,0.0888947,0.101838,0.114802,0.127773,0.140738,0.153681,0.166589,0.179447,0.192243,0.204959,0.217584,0.230102,0.242498,0.254759,0.266871,0.278818,0.290586,0.302162,0.313532,0.324681,0.335596,0.346263,0.356669,0.3668,0.376643,0.386186,0.395415,0.404319,0.412885,0.421101,0.428956,0.436438,0.443537,0.450241,0.45654,0.462424,0.467884,0.47291,0.477493,0.481625,0.485297,0.488501,0.491232,0.49348,0.495241,0.496507,0.497274,0.497535,0.497287,0.496525,0.495246,0.493446,0.491122,0.488272,0.484895,0.480988,0.476552,0.471586,0.46609,0.460064,0.453511,0.446432,0.438829,0.430705,0.422064,0.412909,0.403245,0.393076,0.382409,0.371248,0.359602,0.347476,0.334878,0.321817,0.308301,0.294339,0.279941,0.265116,0.249876,0.234232,0.218195,0.201777,0.184992,0.167851,0.15037,0.13256,0.114438,0.0960182,0.0773156,0.0583459,0.0391258,0.0196714,0
0,0.0122927,0.0246966,0.0372,0.0497895,0.0624531,0.0751773,0.0879491,0.100755,0.113582,0.126416,0.139243,0.15205,0.164822,0.177546,0.190207,0.202791,0.215283,0.227671,0.239939,0.252073,0.264059,0.275883,0.287531,0.298989,0.310243,0.321279,0.332083,0.342643,0.352944,0.362974,0.37272,0.382168,0.391307,0.400124,0.408607,0.416744,0.424524,0.431935,0.438966,0.445608,0.451849,0.457679,0.46309,0.468071,0.472614,0.47671,0.480352,0.483531,0.48624,0.488473,0.490222,0.491483,0.492248,0.492514,0.492275,0.491528,0.490268,0.488492,0.486198,0.483383,0.480045,0.476183,0.471797,0.466886,0.461449,0.455489,0.449006,0.442002,0.434479,0.42644,0.417888,0.408827,0.399262,0.389197,0.378638,0.367591,0.356062,0.344058,0.331586,0.318656,0.305274,0.291451,0.277195,0.262518,0.247428,0.231938,0.216059,0.199803,0.183183,0.16621,0.1489,0.131265,0.11332,0.0950804,0.0765604,0.0577763,0.0387436,0.0194794,0
0,0.0121618,0.0244342,0.0368043,0.0492604,0.0617893,0.0743786,0.087015,0.0996855,0.112377,0.125075,0.137767,0.150439,0.163077,0.175667,0.188195,0.200647,0.21301,0.225269,0.237409,0.249418,0.26128,0.272983,0.284511,0.295852,0.306991,0.317915,0.32861,0.339063,0.349262,0.359192,0.36884,0.378196,0.387245,0.395975,0.404376,0.412434,0.420139,0.427479,0.434444,0.441024,0.447207,0.452984,0.458345,0.463282,0.467785,0.471846,0.475457,0.478611,0.481299,0.483516,0.485255,0.486509,0.487273,0.487543,0.487313,0.486579,0.485338,0.483586,0.481321,0.47854,0.475241,0.471424,0.467086,0.462229,0.456852,0.450956,0.444542,0.437612,0.430168,0.422213,0.41375,0.404782,0.395315,0.385353,0.374901,0.363966,0.352553,0.34067,0.328324,0.315522,0.302274,0.288589,0.274475,0.259942,0.245002,0.229665,0.213943,0.197847,0.181389,0.164584,0.147443,0.129981,0.112212,0.0941507,0.0758121,0.0572114,0.0383651,0.0192889,0
0,0.0120328,0.0241746,0.0364137,0.0487374,0.0611336,0.0735894,0.0860921,0.0986286,0.111186,0.12375,0.136308,0.148847,0.161352,0.17381,0.186207,0.198529,0.210763,0.222894,0.234909,0.246793,0.258533,0.270115,0.281526,0.29275,0.303776,0.314589,0.325176,0.335524,0.34562,0.355451,0.365004,0.374266,0.383226,0.391871,0.40019,0.40817,0.415801,0.423072,0.429971,0.436488,0.442613,0.448337,0.45365,0.458542,0.463006,0.467032,0.470613,0.473741,0.476408,0.478609,0.480336,0.481584,0.482347,0.48262,0.482398,0.481678,0.480456,0.478727,0.476491,0.473743,0.470483,0.466709,0.46242,0.457617,0.452298,0.446466,0.44012,0.433263,0.425897,0.418025,0.409649,0.400774,0.391404,0.381544,0.371199,0.360374,0.349076,0.337313,0.32509,0.312417,0.299301,0.285752,0.271778,0.25739,0.242597,0.227412,0.211845,0.195907,0.179612,0.162971,0.145999,0.128708,0.111114,0.0932293,0.0750701,0.0566518,0.0379896,0.0191003,0
0,0.0119051,0.0239184,0.0360275,0.0482209,0.0604857,0.0728098,0.0851802,0.0975843,0.110009,0.122441,0.134867,0.147274,0.159647,0.171975,0.184243,0.196436,0.208543,0.220548,0.232438,0.244199,0.255818,0.267281,0.278575,0.289685,0.300598,0.311301,0.321781,0.332025,0.34202,0.351752,0.36121,0.370381,0.379252,0.387812,0.39605,0.403953,0.41151,0.418711,0.425544,0.432,0.438069,0.44374,0.449004,0.453852,0.458276,0.462267,0.465817,0.46892,0.471566,0.473751,0.475466,0.476708,0.477469,0.477745,0.477532,0.476825,0.475621,0.473915,0.471707,0.468992,0.46577,0.462039,0.457798,0.453048,0.447787,0.442017,0.435739,0.428955,0.421666,0.413876,0.405587,0.396803,0.387529,0.37777,0.367529,0.356814,0.345631,0.333986,0.321886,0.309339,0.296355,0.28294,0.269105,0.25486,0.240214,0.225179,0.209765,0.193985,0.17785,0.161373,0.144568,0.127447,0.110025,0.0923159,0.0743349,0.0560968,0.0376177,0.0189132,0
0,0.0117791,0.023665,0.0356462,0.0477103,0.0598456,0.0720393,0.0842792,0.0965523,0.108846,0.121147,0.133442,0.145719,0.157963,0.170162,0.182301,0.194368,0.206348,0.218228,0.229995,0.241635,0.253135,0.26448,0.275657,0.286654,0.297456,0.30805,0.318424,0.328565,0.338459,0.348094,0.357458,0.366537,0.375321,0.383798,0.391954,0.399781,0.407265,0.414397,0.421165,0.42756,0.433572,0.43919,0.444406,0.44921,0.453595,0.457551,0.461071,0.464147,0.466773,0.468941,0.470646,0.47188,0.47264,0.472919,0.472714,0.472019,0.470833,0.46915,0.466969,0.464287,0.461102,0.457414,0.45322,0.448522,0.443318,0.43761,0.431399,0.424686,0.417474,0.409764,0.401561,0.392869,0.38369,0.37403,0.363894,0.353287,0.342217,0.330689,0.31871,0.30629,0.293434,0.280154,0.266456,0.252353,0.237852,0.222965,0.207704,0.19208,0.176104,0.159789,0.143149,0.126197,0.108946,0.0914107,0.073606,0.055547,0.0372488,0.0187279,0
