SPACE_POINTS
0,0.010101,0.020202,0.030303,0.040404,0.0505051,0.0606061,0.0707071,0.0808081,0.0909091,0.10101,0.111111,0.121212,0.131313,0.141414,0.151515,0.161616,0.171717,0.181818,0.191919,0.20202,0.212121,0.222222,0.232323,0.242424,0.252525,0.262626,0.272727,0.282828,0.292929,0.30303,0.313131,0.323232,0.333333,0.343434,0.353535,0.363636,0.373737,0.383838,0.393939,0.40404,0.414141,0.424242,0.434343,0.444444,0.454545,0.464646,0.474747,0.484848,0.494949,0.505051,0.515152,0.525253,0.535354,0.545455,0.555556,0.565657,0.575758,0.585859,0.59596,0.606061,0.616162,0.626263,0.636364,0.646465,0.656566,0.666667,0.676768,0.686869,0.69697,0.707071,0.717172,0.727273,0.737374,0.747475,0.757576,0.767677,0.777778,0.787879,0.79798,0.808081,0.818182,0.828283,0.838384,0.848485,0.858586,0.868687,0.878788,0.888889,0.89899,0.909091,0.919192,0.929293,0.939394,0.949495,0.959596,0.969697,0.979798,0.989899,1
TIME_POINTS
0,0.0010101,0.0020202,0.0030303,0.0040404,0.00505051,0.00606061,0.00707071,0.00808081,0.00909091,0.010101,0.0111111,0.0121212,0.0131313,0.0141414,0.0151515,0.0161616,0.0171717,0.0181818,0.0191919,0.020202,0.0212121,0.0222222,0.0232323,0.0242424,0.0252525,0.0262626,0.0272727,0.0282828,0.0292929,0.030303,0.0313131,0.0323232,0.0333333,0.0343434,0.0353535,0.0363636,0.0373737,0.0383838,0.0393939,0.040404,0.0414141,0.0424242,0.0434343,0.0444444,0.0454545,0.0464646,0.0474747,0.0484848,0.0494949,0.0505051,0.0515152,0.0525253,0.0535354,0.0545455,0.0555556,0.0565657,0.0575758,0.0585859,0.059596,0.0606061,0.0616162,0.0626263,0.0636364,0.0646465,0.0656566,0.0666667,0.0676768,0.0686869,0.069697,0.0707071,0.0717172,0.0727273,0.0737374,0.0747475,0.0757576,0.0767677,0.0777778,0.0787879,0.079798,0.0808081,0.0818182,0.0828283,0.0838384,0.0848485,0.0858586,0.0868687,0.0878788,0.0888889,0.089899,0.0909091,0.0919192,0.0929293,0.0939394,0.0949495,0.0959596,0.0969697,0.0979798,0.0989899,0.1
VALUES
1,1,1,1,1,1,1,1,1,1,1,1,1,1,1,1,1,1,1,1,1,1,1,1,1,1,1,1,1,1,1,1,1,1,1,1,1,1,1,1,1,1,1,1,1,1,1,1,1,1,1,1,1,1,1,1,1,1,1,1,1,1,1,1,1,1,1,1,1,1,1,1,1,1,1,1,1,1,1,1,1,1,1,1,1,1,1,1,1,1,1,1,1,1,1,1,1,1,1,1
0,0.356444,0.585836,0.733462,0.828468,0.88961,0.928958,0.95428,0.970577,0.981065,0.987814,0.992158,0.994953,0.996752,0.99791,0.998655,0.999134,0.999443,0.999641,0.999769,0.999852,0.999904,0.999938,0.99996,0.999975,0.999984,0.999989,0.999993,0.999996,0.999997,0.999998,0.999999,0.999999,1,1,1,1,1,1,1,1,1,1,1,1,1,1,1,1,1,1,1,1,1,1,1,1,1,1,1,1,1,1,1,1,1,1,0.999999,0.999999,0.999999,0.999998,0.999997,0.999995,0.999992,0.999987,0.99998,0.999969,0.999951,0.999923,0.999879,0.99981,0.999701,0.999531,0.999263,0.998844,0.998185,0.997152,0.995529,0.992982,0.988985,0.98271,0.972861,0.957401,0.933135,0.895047,0.835261,0.741418,0.594119,0.362912,0
0,0.0742433,0.222612,0.38283,0.5276,0.647578,0.742044,0.813943,0.86736,0.906335,0.934378,0.95433,0.968395,0.978236,0.985077,0.989807,0.99306,0.99529,0.996811,0.997847,0.998549,0.999024,0.999345,0.999561,0.999706,0.999804,0.999869,0.999913,0.999942,0.999961,0.999974,0.999983,0.999989,0.999993,0.999995,0.999997,0.999998,0.999999,0.999999,0.999999,1,1,1,1,1,1,1,1,1,1,1,1,1,1,1,1,1,1,1,1,1,0.999999,0.999999,0.999998,0.999998,0.999996,0.999995,0.999992,0.999988,0.999981,0.999971,0.999956,0.999934,0.999899,0.999848,0.99977,0.999652,0.999476,0.999211,0.998815,0.998223,0.997341,0.996033,0.994096,0.99124,0.987045,0.980915,0.972003,0.959132,0.940683,0.914475,0.877657,0.826644,0.757214,0.664935,0.546306,0.401252,0.238159,0.0835474,0
0,0.146705,0.236241,0.31911,0.406957,0.497461,0.585133,0.665363,0.73545,0.794448,0.842656,0.881105,0.911164,0.934276,0.951797,0.964919,0.974644,0.981786,0.98699,0.990753,0.993458,0.995391,0.996766,0.997738,0.998423,0.998904,0.999241,0.999475,0.999638,0.999751,0.999829,0.999883,0.99992,0.999945,0.999963,0.999975,0.999983,0.999988,0.999992,0.999995,0.999996,0.999998,0.999998,0.999999,0.999999,0.999999,1,1,1,1,1,1,1,1,1,1,0.999999,0.999999,0.999998,0.999998,0.999996,0.999995,0.999992,0.999988,0.999982,0.999974,0.999961,0.999942,0.999914,0.999874,0.999814,0.999727,0.999601,0.999416,0.999149,0.998763,0.998207,0.99741,0.996272,0.994655,0.992368,0.989153,0.98466,0.978428,0.969851,0.958153,0.942364,0.921305,0.893608,0.857773,0.81231,0.755987,0.688207,0.60953,0.522212,0.430441,0.339433,0.251516,0.155281,0
0,0.0641861,0.170927,0.273066,0.362757,0.442617,0.515904,0.584211,0.647691,0.705797,0.757881,0.80353,0.84267,0.875554,0.902674,0.924671,0.942249,0.95611,0.96691,0.975235,0.98159,0.986399,0.990009,0.9927,0.994692,0.996158,0.997231,0.998013,0.998579,0.998987,0.99928,0.99949,0.99964,0.999747,0.999822,0.999875,0.999913,0.999939,0.999958,0.999971,0.99998,0.999986,0.99999,0.999993,0.999995,0.999997,0.999998,0.999998,0.999999,0.999999,0.999999,0.999999,0.999999,0.999998,0.999998,0.999997,0.999996,0.999994,0.999991,0.999986,0.99998,0.999971,0.999958,0.999939,0.999912,0.999874,0.999818,0.99974,0.999627,0.999469,0.999244,0.998929,0.998487,0.997871,0.997016,0.995835,0.994213,0.992,0.988998,0.984957,0.979559,0.972411,0.963035,0.950867,0.935262,0.915508,0.890868,0.86063,0.824191,0.781143,0.731363,0.675041,0.612595,0.544372,0.470069,0.387991,0.294764,0.187508,0.0735913,0
0,0.0987211,0.163553,0.233232,0.309016,0.385397,0.458321,0.526016,0.588103,0.64474,0.696165,0.742547,0.783988,0.820589,0.852499,0.879943,0.903226,0.922718,0.938829,0.951987,0.962612,0.971103,0.977822,0.98309,0.987186,0.990347,0.992767,0.994609,0.996001,0.997047,0.997828,0.99841,0.99884,0.999157,0.999389,0.999559,0.999683,0.999772,0.999837,0.999884,0.999917,0.999941,0.999958,0.99997,0.999979,0.999985,0.999989,0.999992,0.999994,0.999995,0.999995,0.999995,0.999994,0.999993,0.99999,0.999986,0.999981,0.999973,0.999961,0.999945,0.999921,0.999889,0.999843,0.999779,0.99969,0.999567,0.999396,0.99916,0.998837,0.998396,0.997797,0.996986,0.995896,0.994438,0.992501,0.989945,0.986596,0.982241,0.976626,0.969452,0.960371,0.948999,0.934912,0.917668,0.896822,0.87195,0.842667,0.808647,0.769621,0.725357,0.675612,0.620078,0.558373,0.490175,0.415667,0.336378,0.256119,0.180282,0.107779,0
0,0.0573298,0.141728,0.218364,0.287361,0.352834,0.416593,0.478494,0.537671,0.593289,0.644812,0.691996,0.734807,0.773327,0.807705,0.838126,0.864805,0.887981,0.907917,0.924897,0.939214,0.951168,0.961054,0.969155,0.975733,0.98103,0.985262,0.988616,0.991256,0.993319,0.994921,0.996157,0.997106,0.99783,0.99838,0.998795,0.999107,0.999341,0.999515,0.999644,0.99974,0.99981,0.999862,0.999899,0.999927,0.999947,0.999961,0.99997,0.999977,0.99998,0.999982,0.999981,0.999978,0.999973,0.999964,0.999952,0.999934,0.999909,0.999874,0.999826,0.99976,0.999669,0.999546,0.999379,0.999154,0.998851,0.998445,0.997905,0.99719,0.996249,0.995015,0.99341,0.991334,0.988666,0.985264,0.980957,0.975549,0.968815,0.960502,0.950333,0.938012,0.923226,0.905656,0.88498,0.860885,0.833063,0.801221,0.76508,0.724387,0.678937,0.628633,0.573562,0.514095,0.450901,0.384708,0.315581,0.241695,0.158893,0.0668038,0
0,0.0765485,0.131289,0.193086,0.258795,0.323595,0.385495,0.444213,0.49992,0.552687,0.602406,0.648881,0.691926,0.731426,0.767353,0.799757,0.82875,0.854491,0.877168,0.896991,0.914184,0.928977,0.941605,0.952297,0.96128,0.968766,0.974959,0.980042,0.984185,0.987537,0.990232,0.992383,0.99409,0.995437,0.996493,0.997316,0.997955,0.998448,0.998827,0.999116,0.999337,0.999503,0.999629,0.999723,0.999793,0.999845,0.999883,0.999909,0.999927,0.999938,0.999942,0.999941,0.999933,0.999919,0.999896,0.999864,0.999818,0.999755,0.99967,0.999556,0.999403,0.9992,0.998932,0.998578,0.998115,0.997512,0.99673,0.995722,0.994431,0.992785,0.990702,0.988081,0.984806,0.980743,0.975737,0.969615,0.962187,0.953241,0.942552,0.929882,0.914979,0.897589,0.87745,0.854306,0.82791,0.798032,0.764476,0.727094,0.685805,0.640606,0.591559,0.538741,0.482154,0.421632,0.356909,0.288146,0.217172,0.148663,0.0858294,0
0,0.0521187,0.122391,0.185069,0.243472,0.300932,0.357932,0.413724,0.467499,0.518742,0.567197,0.612743,0.655316,0.69487,0.731376,0.764837,0.795286,0.822796,0.847475,0.86946,0.888909,0.905998,0.920911,0.933837,0.944964,0.954479,0.962559,0.969376,0.975088,0.979843,0.983777,0.98701,0.989651,0.991795,0.993526,0.994915,0.996024,0.996905,0.9976,0.998146,0.998573,0.998905,0.999162,0.999359,0.999509,0.999623,0.999707,0.999768,0.999809,0.999834,0.999845,0.999842,0.999826,0.999794,0.999745,0.999674,0.999576,0.999445,0.999272,0.999044,0.998747,0.998363,0.997869,0.997235,0.996429,0.995407,0.994121,0.992509,0.990502,0.988018,0.984961,0.981225,0.976686,0.971207,0.964637,0.956812,0.947553,0.936671,0.923965,0.90923,0.892256,0.872832,0.850756,0.825836,0.7979,0.7668,0.732418,0.694664,0.653468,0.608779,0.560563,0.508837,0.453746,0.39569,0.335362,0.27343,0.209394,0.139943,0.0616452,0
0,0.0636202,0.112597,0.16839,0.226275,0.282791,0.337241,0.389829,0.440683,0.489687,0.536597,0.581169,0.62322,0.662632,0.699347,0.733349,0.764653,0.793303,0.819365,0.84293,0.864106,0.883018,0.899806,0.914618,0.927607,0.938929,0.94874,0.95719,0.964426,0.970585,0.975797,0.980182,0.983851,0.986902,0.989426,0.991502,0.9932,0.994583,0.995702,0.996603,0.997324,0.997899,0.998354,0.998712,0.99899,0.999205,0.999367,0.999486,0.999569,0.99962,0.999644,0.99964,0.999609,0.999548,0.999455,0.999322,0.999143,0.998906,0.998599,0.998204,0.997702,0.997067,0.996268,0.995271,0.994031,0.992498,0.990614,0.98831,0.98551,0.982124,0.978054,0.97319,0.967409,0.96058,0.952558,0.943191,0.932318,0.919771,0.905377,0.888964,0.870359,0.849396,0.825916,0.799775,0.770839,0.738995,0.704148,0.666231,0.625214,0.581119,0.534033,0.484103,0.431483,0.376216,0.318115,0.256913,0.193213,0.130345,0.073031,0
0,0.0479463,0.108486,0.162487,0.214312,0.26619,0.317864,0.368542,0.417681,0.465016,0.510412,0.553766,0.594971,0.633923,0.670539,0.704764,0.736574,0.765978,0.793011,0.817729,0.84021,0.860545,0.87884,0.895211,0.90978,0.922676,0.934029,0.94397,0.952629,0.960131,0.966595,0.972136,0.976861,0.98087,0.984253,0.987092,0.989465,0.991436,0.993065,0.994405,0.995502,0.996393,0.997113,0.997691,0.99815,0.99851,0.998787,0.998993,0.999139,0.999232,0.999276,0.999272,0.999222,0.999121,0.998965,0.998746,0.998453,0.998072,0.997586,0.996974,0.99621,0.995263,0.994097,0.992669,0.990931,0.988826,0.98629,0.98325,0.979626,0.975327,0.970254,0.964298,0.957344,0.949266,0.939932,0.929202,0.916935,0.902983,0.8872,0.869439,0.849559,0.827422,0.802903,0.775886,0.746273,0.713985,0.678972,0.641207,0.600693,0.55745,0.511506,0.462887,0.411649,0.357978,0.302331,0.245424,0.187485,0.126316,0.0575147,0
0,0.0551025,0.100111,0.151029,0.202862,0.25337,0.302517,0.350568,0.397511,0.443139,0.487207,0.529513,0.569914,0.608308,0.644623,0.678808,0.710831,0.740682,0.768369,0.793923,0.817391,0.838838,0.858342,0.875992,0.891886,0.906129,0.918832,0.930104,0.940058,0.948807,0.956459,0.963118,0.968887,0.973859,0.978126,0.981768,0.984863,0.98748,0.989682,0.991525,0.99306,0.99433,0.995375,0.996227,0.996916,0.997465,0.997893,0.998218,0.998451,0.998601,0.998675,0.998675,0.9986,0.998449,0.998214,0.997885,0.99745,0.996892,0.99619,0.995318,0.994248,0.992943,0.991363,0.989461,0.987185,0.984474,0.981262,0.977475,0.97303,0.967838,0.961804,0.954824,0.946787,0.937578,0.927077,0.91516,0.9017,0.886569,0.869642,0.850794,0.82991,0.806877,0.781598,0.753985,0.723966,0.691487,0.656509,0.619011,0.57899,0.536474,0.49153,0.444282,0.394902,0.343534,0.290142,0.234428,0.17637,0.118108,0.0645989,0
0,0.0444988,0.0979498,0.146052,0.193234,0.240792,0.288151,0.334669,0.380028,0.424089,0.466752,0.507904,0.547421,0.585188,0.621114,0.65513,0.687192,0.717278,0.745383,0.77152,0.79572,0.818024,0.838489,0.857183,0.874183,0.889572,0.903442,0.915887,0.927004,0.93689,0.945642,0.953357,0.960127,0.966041,0.971185,0.975638,0.979477,0.98277,0.985582,0.987972,0.989991,0.991688,0.993103,0.994275,0.995235,0.996011,0.996624,0.997095,0.997437,0.997662,0.997776,0.997784,0.997685,0.997476,0.997149,0.996693,0.996094,0.995332,0.994385,0.993223,0.991814,0.990121,0.988099,0.985699,0.982867,0.97954,0.975652,0.971128,0.965888,0.959846,0.95291,0.944983,0.935962,0.925742,0.914214,0.901267,0.88679,0.870672,0.852805,0.833087,0.811419,0.787712,0.761886,0.733873,0.703617,0.671078,0.636234,0.599085,0.559653,0.517985,0.474135,0.428156,0.380089,0.330012,0.278184,0.225181,0.171541,0.11599,0.0541019,0
0,0.0490406,0.0910009,0.137868,0.184957,0.230948,0.276088,0.320558,0.364246,0.406932,0.448413,0.488536,0.527187,0.564271,0.599711,0.633439,0.665405,0.695573,0.723926,0.750463,0.775198,0.798158,0.819383,0.838923,0.856838,0.873195,0.888069,0.901539,0.913687,0.924597,0.934357,0.94305,0.950762,0.957576,0.96357,0.968822,0.973403,0.977382,0.980821,0.98378,0.986312,0.988466,0.990286,0.991811,0.993075,0.994107,0.994934,0.995574,0.996045,0.99636,0.996525,0.996547,0.996424,0.996154,0.995727,0.995133,0.994356,0.993374,0.992162,0.990691,0.988927,0.986829,0.984352,0.981446,0.978056,0.97412,0.969571,0.964338,0.958342,0.951503,0.943733,0.934942,0.925035,0.913917,0.90149,0.887655,0.872314,0.855372,0.836736,0.816319,0.794039,0.769822,0.743606,0.715337,0.684976,0.652497,0.617891,0.58116,0.542322,0.501408,0.45847,0.4136,0.36694,0.318658,0.268824,0.217232,0.163602,0.10918,0.058598,0
0,0.0415883,0.0896638,0.133475,0.177093,0.221133,0.264946,0.308069,0.350327,0.391634,0.431892,0.470984,0.508788,0.545198,0.580127,0.613506,0.645281,0.675414,0.703881,0.730672,0.755787,0.779242,0.801063,0.821286,0.839956,0.857127,0.872859,0.887219,0.900275,0.9121,0.922771,0.932362,0.940949,0.948609,0.955413,0.961434,0.96674,0.971396,0.975463,0.978999,0.982058,0.984687,0.986931,0.988831,0.990421,0.991732,0.992791,0.993621,0.994237,0.994654,0.994882,0.994923,0.99478,0.994448,0.99392,0.993182,0.992219,0.991008,0.989524,0.987736,0.985609,0.983102,0.980171,0.976764,0.972828,0.968301,0.96312,0.957214,0.950511,0.942933,0.934399,0.924825,0.914127,0.902215,0.889003,0.874404,0.858331,0.8407,0.821434,0.800457,0.777702,0.753109,0.726628,0.698216,0.667845,0.635496,0.601165,0.564862,0.526616,0.486474,0.444501,0.400761,0.355304,0.308172,0.259494,0.209679,0.15934,0.10787,0.0512205,0
0,0.0444876,0.0839505,0.127406,0.170709,0.213176,0.255133,0.296658,0.33759,0.377732,0.416926,0.455056,0.492022,0.527738,0.562121,0.595103,0.626626,0.656644,0.685129,0.712061,0.737434,0.761254,0.783536,0.804305,0.823595,0.841448,0.857911,0.873039,0.886891,0.899529,0.911017,0.921424,0.930816,0.939262,0.946827,0.953579,0.959581,0.964895,0.969578,0.973686,0.97727,0.980379,0.983057,0.985343,0.987272,0.988877,0.990183,0.991215,0.991989,0.99252,0.992817,0.992886,0.992727,0.992337,0.991708,0.990827,0.989677,0.988236,0.98648,0.984376,0.981889,0.97898,0.975604,0.971712,0.96725,0.96216,0.956381,0.949846,0.942487,0.934231,0.925002,0.914725,0.903321,0.890711,0.876816,0.86156,0.844866,0.826663,0.806882,0.785459,0.76234,0.737473,0.710818,0.682344,0.652029,0.619864,0.585853,0.55001,0.512363,0.472946,0.431807,0.389013,0.344672,0.298936,0.251928,0.203548,0.153452,0.102271,0.0540907,0
0,0.0390912,0.08296,0.123481,0.16421,0.205309,0.246168,0.28648,0.326149,0.365103,0.403244,0.440456,0.476632,0.511677,0.54551,0.578066,0.609286,0.639127,0.667553,0.69454,0.720075,0.744156,0.76679,0.787992,0.807788,0.826207,0.84329,0.85908,0.873626,0.88698,0.8992,0.910342,0.920468,0.929638,0.937912,0.94535,0.952012,0.957954,0.963231,0.967896,0.971998,0.975583,0.978693,0.981367,0.983641,0.985546,0.987108,0.98835,0.98929,0.989942,0.990318,0.99042,0.990252,0.989809,0.989084,0.988064,0.986732,0.985067,0.983044,0.980633,0.977798,0.974501,0.970698,0.966342,0.961382,0.955762,0.949424,0.942306,0.934344,0.925469,0.915613,0.904706,0.892676,0.879452,0.864965,0.849146,0.831927,0.813247,0.793047,0.771272,0.747875,0.722816,0.696063,0.667591,0.637386,0.605443,0.571767,0.536376,0.499298,0.460577,0.420275,0.378459,0.335189,0.290498,0.244448,0.197306,0.149644,0.1013,0.0487486,0
0,0.0409278,0.0782633,0.118818,0.15904,0.198664,0.237999,0.277036,0.315605,0.353542,0.390726,0.42706,0.462458,0.496836,0.530116,0.562231,0.593121,0.62274,0.65105,0.678024,0.703644,0.727902,0.750797,0.772338,0.792542,0.811432,0.829037,0.845394,0.860543,0.874527,0.887396,0.899199,0.90999,0.919822,0.928749,0.936826,0.944107,0.950643,0.956487,0.961687,0.966289,0.970337,0.973872,0.976931,0.979548,0.981754,0.983573,0.98503,0.986141,0.986921,0.98738,0.987523,0.987352,0.986863,0.986049,0.984898,0.983393,0.981514,0.979237,0.976531,0.973364,0.969697,0.965491,0.960699,0.955272,0.949159,0.942305,0.934651,0.926137,0.916702,0.906282,0.894812,0.88223,0.868469,0.853469,0.837168,0.819507,0.800431,0.779891,0.75784,0.734239,0.709054,0.682259,0.653836,0.623775,0.592077,0.558752,0.523819,0.48731,0.449261,0.409718,0.368734,0.32639,0.282809,0.238131,0.192341,0.14512,0.0966975,0.0505666,0
0,0.0369218,0.0774127,0.115302,0.153606,0.192202,0.23057,0.268516,0.305981,0.342897,0.379164,0.414678,0.449345,0.48308,0.51581,0.547472,0.578009,0.607373,0.635525,0.662433,0.688076,0.712441,0.735523,0.757325,0.777856,0.797132,0.815176,0.832017,0.847686,0.862222,0.875665,0.888059,0.899449,0.909882,0.919408,0.928075,0.935931,0.943024,0.949402,0.95511,0.96019,0.964684,0.96863,0.972064,0.975018,0.97752,0.979596,0.981268,0.982552,0.983463,0.984011,0.9842,0.984033,0.983505,0.982611,0.981339,0.979673,0.977593,0.975077,0.972094,0.968615,0.964603,0.96002,0.954821,0.948962,0.942394,0.935066,0.926922,0.917909,0.907969,0.897044,0.885076,0.872006,0.857777,0.842333,0.825621,0.807588,0.788187,0.767374,0.74511,0.721362,0.696103,0.669311,0.640975,0.611088,0.579655,0.546686,0.512201,0.476229,0.43881,0.399997,0.359857,0.31845,0.275817,0.231987,0.187122,0.141709,0.0958638,0.0466008,0
0,0.0380564,0.0735352,0.111599,0.149268,0.186535,0.22365,0.260549,0.297069,0.333082,0.36849,0.403211,0.437165,0.470274,0.502465,0.533675,0.563846,0.592932,0.620891,0.647691,0.673308,0.697725,0.720933,0.742928,0.763716,0.783307,0.801717,0.818968,0.835086,0.850103,0.864051,0.87697,0.888897,0.899874,0.909945,0.919152,0.92754,0.935151,0.942029,0.948214,0.953747,0.958666,0.963006,0.9668,0.97008,0.972871,0.975199,0.977083,0.97854,0.979584,0.980223,0.980463,0.980306,0.979749,0.978785,0.977403,0.975589,0.973324,0.970586,0.967347,0.963579,0.959247,0.954315,0.948742,0.942487,0.935502,0.927742,0.919155,0.909691,0.899299,0.887924,0.875514,0.862017,0.847381,0.831555,0.814493,0.796149,0.776482,0.755453,0.733029,0.709183,0.683892,0.65714,0.628919,0.599225,0.568065,0.535452,0.501409,0.465965,0.429159,0.391034,0.351635,0.311026,0.269303,0.226598,0.182955,0.138116,0.0920636,0.047724,0
0,0.0350172,0.0727367,0.108452,0.144673,0.181112,0.21735,0.253271,0.28883,0.323957,0.358558,0.39254,0.425819,0.458323,0.489984,0.52074,0.550538,0.579328,0.60707,0.63373,0.659282,0.683705,0.706986,0.72912,0.750106,0.769949,0.788661,0.806258,0.822761,0.838194,0.852586,0.865968,0.878375,0.889841,0.900406,0.910106,0.918981,0.92707,0.934412,0.941043,0.947001,0.952321,0.957035,0.961173,0.964765,0.967835,0.970406,0.972498,0.974125,0.975301,0.976035,0.976331,0.97619,0.975611,0.974588,0.973109,0.971162,0.968728,0.965787,0.962314,0.95828,0.953655,0.948404,0.94249,0.935873,0.92851,0.920359,0.911373,0.901506,0.89071,0.878936,0.866138,0.852267,0.837278,0.821127,0.803769,0.785167,0.765284,0.744086,0.721547,0.697642,0.672355,0.645671,0.617587,0.588101,0.557223,0.524967,0.491354,0.456412,0.420179,0.3827,0.344034,0.304243,0.263372,0.221441,0.178541,0.135062,0.0912808,0.0447152,0
0,0.0356818,0.069514,0.105423,0.140938,0.176204,0.211403,0.246438,0.281166,0.315485,0.349315,0.382581,0.41521,0.447131,0.478275,0.508585,0.538005,0.566488,0.593994,0.620488,0.645941,0.670332,0.693645,0.71587,0.737003,0.757045,0.776004,0.79389,0.81072,0.826512,0.841291,0.855082,0.867914,0.879819,0.890828,0.900976,0.910296,0.918824,0.926593,0.933638,0.939993,0.945687,0.950752,0.955216,0.959105,0.962441,0.965247,0.967539,0.969333,0.97064,0.971468,0.971823,0.971705,0.971113,0.970039,0.968476,0.966411,0.963826,0.960702,0.957016,0.952742,0.947851,0.942311,0.936088,0.929144,0.921441,0.912939,0.903596,0.893369,0.882215,0.87009,0.856951,0.842756,0.827464,0.811034,0.793429,0.774615,0.75456,0.733235,0.710618,0.686688,0.661432,0.63484,0.60691,0.577643,0.547049,0.515144,0.48195,0.447496,0.411819,0.37496,0.336962,0.297875,0.257773,0.216774,0.174953,0.132123,0.0881221,0.0453729,0
0,0.0333303,0.0687335,0.102605,0.137006,0.171566,0.205962,0.240124,0.274012,0.307554,0.340664,0.37326,0.405269,0.436624,0.467264,0.497132,0.526173,0.554343,0.581599,0.607907,0.633236,0.657564,0.680872,0.703148,0.724385,0.74458,0.763737,0.781862,0.798967,0.815067,0.830181,0.844331,0.85754,0.869834,0.881243,0.891794,0.901518,0.910446,0.918608,0.926035,0.932755,0.938799,0.944193,0.948962,0.953131,0.95672,0.959749,0.962234,0.964189,0.965625,0.966548,0.966964,0.966874,0.966275,0.965163,0.963528,0.961359,0.95864,0.955353,0.951477,0.946987,0.941857,0.936057,0.929556,0.922319,0.914312,0.905497,0.895836,0.885291,0.873822,0.861389,0.847954,0.833479,0.817927,0.801262,0.783452,0.764466,0.744278,0.722861,0.700198,0.676271,0.65107,0.624588,0.596825,0.567784,0.537477,0.505919,0.473133,0.439147,0.403993,0.367713,0.330359,0.291988,0.252649,0.212362,0.171175,0.129388,0.0873564,0.0430447,0
0,0.0336777,0.0660333,0.100061,0.133731,0.167268,0.200788,0.234181,0.267326,0.300141,0.332557,0.364506,0.39592,0.426733,0.456884,0.486317,0.514982,0.542833,0.569829,0.595935,0.621119,0.645358,0.668632,0.690925,0.712228,0.732535,0.751847,0.770167,0.787503,0.803864,0.819267,0.833729,0.847269,0.859909,0.871673,0.882587,0.892676,0.901967,0.910488,0.918264,0.925323,0.931689,0.937388,0.942443,0.946874,0.950701,0.953942,0.956611,0.958721,0.960281,0.961299,0.961779,0.961721,0.961123,0.959981,0.958286,0.956028,0.953192,0.949761,0.945716,0.941035,0.935692,0.929661,0.922912,0.915415,0.907137,0.898045,0.888104,0.877279,0.865534,0.852833,0.839142,0.824427,0.808655,0.791795,0.773817,0.754695,0.734406,0.712929,0.690246,0.666346,0.64122,0.614863,0.587277,0.558468,0.528447,0.497229,0.464839,0.431303,0.396656,0.360937,0.324186,0.286446,0.247775,0.208272,0.168028,0.126918,0.0847091,0.0433879,0
0,0.0318248,0.0652603,0.0975353,0.130328,0.163237,0.19602,0.228634,0.26104,0.293165,0.324932,0.35627,0.387113,0.4174,0.447075,0.476083,0.504375,0.531905,0.558633,0.584524,0.609547,0.633676,0.656889,0.67917,0.700507,0.720892,0.740322,0.758797,0.776322,0.792904,0.808554,0.823286,0.837115,0.850059,0.86214,0.873377,0.883794,0.893414,0.90226,0.910355,0.917723,0.924387,0.930368,0.935688,0.940363,0.944414,0.947854,0.950698,0.952956,0.954637,0.955748,0.956292,0.95627,0.95568,0.954517,0.952774,0.950441,0.947504,0.943948,0.939755,0.934904,0.929374,0.923138,0.916171,0.908445,0.899929,0.890593,0.880406,0.869337,0.857352,0.84442,0.83051,0.815592,0.799636,0.782614,0.764502,0.745276,0.724916,0.703404,0.680726,0.656873,0.631838,0.605619,0.578218,0.549644,0.519907,0.489024,0.457019,0.423918,0.389752,0.354557,0.318379,0.281271,0.243282,0.204436,0.164756,0.124466,0.08395,0.0415529,0
0,0.0319571,0.0629778,0.09535,0.127418,0.159435,0.191468,0.223401,0.255137,0.286605,0.317746,0.348495,0.378791,0.408574,0.437787,0.466378,0.494301,0.52151,0.547965,0.573633,0.59848,0.62248,0.645612,0.667856,0.689199,0.709631,0.729146,0.747742,0.76542,0.782185,0.798044,0.813007,0.827087,0.840299,0.852658,0.864183,0.874894,0.884809,0.893948,0.902333,0.909984,0.91692,0.923161,0.928724,0.933628,0.937886,0.941513,0.944522,0.946921,0.948719,0.949921,0.95053,0.950547,0.94997,0.948795,0.947014,0.944618,0.941596,0.937932,0.933611,0.928614,0.922919,0.916505,0.909347,0.901419,0.892695,0.883148,0.872748,0.861467,0.849276,0.836147,0.822051,0.806962,0.790854,0.773703,0.755486,0.736184,0.715778,0.694255,0.671603,0.647814,0.622884,0.596813,0.569604,0.541266,0.511811,0.481257,0.449625,0.416942,0.383239,0.348554,0.312923,0.276386,0.23899,0.200815,0.161956,0.122342,0.0817109,0.0416828,0
0,0.0304717,0.062212,0.0930825,0.124439,0.155885,0.18724,0.218477,0.249555,0.280405,0.310956,0.341146,0.370915,0.400209,0.428973,0.457158,0.484716,0.511605,0.537785,0.56322,0.587881,0.611738,0.63477,0.656956,0.678281,0.698733,0.718304,0.73699,0.754789,0.771703,0.787736,0.802896,0.817193,0.830636,0.843241,0.85502,0.865991,0.87617,0.885574,0.894221,0.902128,0.909313,0.915791,0.921579,0.926693,0.931144,0.934946,0.938109,0.940642,0.942552,0.943843,0.944517,0.944576,0.944017,0.942837,0.941028,0.938583,0.935489,0.931734,0.927303,0.922179,0.916343,0.909774,0.90245,0.894349,0.885445,0.875715,0.865131,0.853669,0.841303,0.828007,0.813757,0.798527,0.782297,0.765044,0.746749,0.727395,0.706967,0.685454,0.662845,0.639135,0.614322,0.588407,0.561395,0.533295,0.50412,0.473887,0.442619,0.41034,0.377081,0.342874,0.30776,0.271786,0.235001,0.197432,0.15909,0.120138,0.0809575,0.0402109,0
0,0.0304585,0.0602643,0.0911693,0.121827,0.152494,0.183195,0.213821,0.24429,0.274544,0.304525,0.334177,0.363442,0.392265,0.420594,0.448381,0.475581,0.502151,0.528053,0.553252,0.577717,0.601419,0.624335,0.646444,0.66773,0.688179,0.707781,0.726529,0.74442,0.761453,0.77763,0.792955,0.807436,0.82108,0.833897,0.845901,0.857102,0.867516,0.877157,0.886039,0.894178,0.901587,0.908282,0.914277,0.919583,0.924213,0.928178,0.931486,0.934145,0.936161,0.937537,0.938277,0.93838,0.937844,0.936665,0.934838,0.932353,0.929202,0.925371,0.920848,0.915616,0.909659,0.902958,0.895492,0.887242,0.878185,0.868298,0.857559,0.845944,0.833431,0.819996,0.805619,0.790277,0.77395,0.756621,0.738272,0.718889,0.698459,0.676973,0.654423,0.630805,0.606119,0.580368,0.553556,0.525694,0.496795,0.466878,0.435962,0.404073,0.371241,0.3375,0.302885,0.267432,0.231181,0.194198,0.156573,0.118276,0.0790449,0.0401959,0
0,0.029248,0.059509,0.0891273,0.119193,0.14933,0.179409,0.209411,0.23929,0.268982,0.298425,0.327562,0.356339,0.384706,0.412613,0.440012,0.466859,0.493113,0.518737,0.543695,0.567957,0.591494,0.614281,0.636298,0.657526,0.677951,0.69756,0.716347,0.734304,0.751429,0.767722,0.783184,0.797819,0.811634,0.824636,0.836834,0.848238,0.85886,0.868711,0.877804,0.886151,0.893764,0.900656,0.906838,0.912322,0.917116,0.921231,0.924675,0.927452,0.929569,0.931029,0.931833,0.931982,0.931472,0.930301,0.928463,0.92595,0.922752,0.91886,0.914261,0.908939,0.902881,0.896068,0.888483,0.880106,0.870919,0.860901,0.850032,0.83829,0.825656,0.812108,0.797629,0.782199,0.7658,0.748417,0.730036,0.710643,0.69023,0.668787,0.64631,0.622796,0.598246,0.572663,0.546054,0.518431,0.489805,0.460196,0.429624,0.398114,0.365693,0.332393,0.298249,0.263303,0.227602,0.191176,0.154033,0.116287,0.0782998,0.0389951,0
0,0.0291369,0.057831,0.0874256,0.116828,0.146283,0.175783,0.205229,0.234551,0.2637,0.292622,0.321265,0.349575,0.377502,0.404998,0.432018,0.458518,0.48446,0.509806,0.53452,0.558573,0.581936,0.604584,0.626494,0.647649,0.668031,0.687629,0.706431,0.724432,0.741624,0.758007,0.77358,0.788344,0.802303,0.815463,0.827829,0.83941,0.850215,0.860252,0.869533,0.878066,0.885862,0.892932,0.899284,0.904929,0.909875,0.914129,0.917698,0.920587,0.9228,0.92434,0.925207,0.925402,0.924922,0.923764,0.921922,0.91939,0.916158,0.912218,0.907556,0.902162,0.896019,0.889113,0.881429,0.872948,0.863654,0.853527,0.842551,0.830706,0.817974,0.804337,0.789779,0.774283,0.757834,0.740418,0.722024,0.70264,0.682258,0.660873,0.638481,0.615081,0.590674,0.565265,0.538862,0.511476,0.483121,0.453814,0.423577,0.392432,0.360407,0.327535,0.293848,0.259381,0.224168,0.188263,0.151749,0.114627,0.0766491,0.0388821,0
0,0.0281347,0.0570902,0.0855801,0.114477,0.143435,0.172364,0.201246,0.230035,0.25867,0.287097,0.315264,0.343121,0.370622,0.397719,0.424369,0.45053,0.476163,0.501231,0.5257,0.54954,0.572721,0.59522,0.617012,0.638079,0.658404,0.677971,0.696771,0.714793,0.732032,0.748482,0.764141,0.77901,0.793089,0.806382,0.818893,0.830627,0.841591,0.851792,0.861238,0.869937,0.877897,0.885127,0.891634,0.897426,0.90251,0.906892,0.910577,0.91357,0.915873,0.917489,0.918419,0.918661,0.918214,0.917073,0.915235,0.912692,0.909436,0.905458,0.900749,0.895295,0.889085,0.882105,0.874339,0.865774,0.856392,0.846178,0.835116,0.823189,0.810381,0.796676,0.782061,0.766519,0.75004,0.73261,0.714219,0.69486,0.674526,0.653211,0.630915,0.607637,0.583379,0.558149,0.531953,0.504804,0.476716,0.447705,0.417794,0.387004,0.355363,0.3229,0.289646,0.25564,0.220926,0.185535,0.149475,0.112825,0.0759155,0.0378861,0
0,0.0279588,0.0556306,0.0840465,0.112322,0.140678,0.169087,0.197459,0.225736,0.253874,0.281822,0.309532,0.336954,0.364042,0.390752,0.417041,0.442868,0.468195,0.492987,0.51721,0.540833,0.563827,0.586168,0.607833,0.6288,0.649052,0.668574,0.687354,0.70538,0.722644,0.739141,0.754866,0.769817,0.783994,0.797398,0.810031,0.821896,0.832998,0.843341,0.852933,0.861779,0.869885,0.877258,0.883904,0.889829,0.895039,0.899538,0.90333,0.90642,0.908809,0.910498,0.911489,0.911778,0.911366,0.910247,0.908417,0.905871,0.9026,0.898596,0.893851,0.888352,0.882089,0.87505,0.867221,0.858588,0.849138,0.838856,0.827727,0.815738,0.802873,0.789121,0.774466,0.758898,0.742406,0.724978,0.706608,0.687288,0.667013,0.645781,0.62359,0.600441,0.576339,0.551291,0.525304,0.498391,0.470566,0.441846,0.412253,0.381807,0.350537,0.31847,0.285639,0.252075,0.217811,0.182889,0.147387,0.111323,0.0744758,0.0377074,0
0,0.0271164,0.0549079,0.0823716,0.110203,0.138093,0.165976,0.193837,0.221627,0.249292,0.276782,0.30405,0.33105,0.357739,0.384072,0.410008,0.435508,0.460534,0.485051,0.509027,0.532431,0.555234,0.577411,0.598938,0.619795,0.639962,0.659425,0.678169,0.696181,0.713454,0.729979,0.74575,0.760764,0.775019,0.788513,0.801247,0.813223,0.824442,0.83491,0.844629,0.853603,0.861839,0.869339,0.87611,0.882155,0.887478,0.892085,0.895976,0.899156,0.901625,0.903384,0.904433,0.904771,0.904395,0.903301,0.901485,0.898942,0.895664,0.891644,0.886874,0.881343,0.875041,0.867957,0.86008,0.851396,0.841894,0.831561,0.820384,0.808351,0.795448,0.781664,0.766989,0.751411,0.734922,0.717512,0.699176,0.679908,0.659705,0.638564,0.616487,0.593475,0.569534,0.544669,0.518892,0.492214,0.464649,0.436216,0.406933,0.376823,0.345912,0.314227,0.281797,0.248658,0.214848,0.180402,0.145329,0.109681,0.0737565,0.0368679,0
0,0.0268985,0.0536259,0.0809744,0.108228,0.135581,0.162992,0.190381,0.2177,0.244906,0.271954,0.298797,0.325391,0.351691,0.377657,0.403249,0.428428,0.453157,0.477402,0.501131,0.524313,0.546921,0.568928,0.590311,0.611048,0.63112,0.650511,0.669205,0.68719,0.704455,0.720991,0.736791,0.751849,0.766163,0.779729,0.792545,0.804613,0.815933,0.826506,0.836334,0.845421,0.85377,0.861384,0.868265,0.874418,0.879845,0.884549,0.888531,0.891794,0.894339,0.896164,0.89727,0.897655,0.897316,0.896251,0.894453,0.891919,0.888642,0.884615,0.87983,0.874277,0.867949,0.860834,0.852922,0.844203,0.834665,0.824297,0.813087,0.801025,0.788101,0.774303,0.759622,0.744049,0.727577,0.7102,0.691911,0.672706,0.652585,0.631545,0.609589,0.58672,0.562943,0.538266,0.512699,0.486255,0.458947,0.430794,0.401815,0.372032,0.341469,0.310154,0.278117,0.245388,0.211997,0.177981,0.143405,0.108306,0.0724871,0.0366456,0
0,0.02618,0.0529241,0.0794475,0.106302,0.133216,0.160144,0.187065,0.213935,0.240704,0.267326,0.293758,0.319957,0.345881,0.37149,0.396745,0.421609,0.446045,0.470021,0.493503,0.516463,0.538872,0.560704,0.581936,0.602545,0.622512,0.64182,0.660452,0.678396,0.695639,0.712171,0.727983,0.74307,0.757426,0.771046,0.783929,0.796071,0.807474,0.818136,0.828058,0.837243,0.84569,0.853403,0.860383,0.866632,0.872152,0.876944,0.88101,0.88435,0.886965,0.888853,0.890014,0.890446,0.890146,0.889111,0.887336,0.884817,0.881547,0.87752,0.872728,0.867165,0.860821,0.853687,0.845754,0.837012,0.827451,0.817063,0.805835,0.79376,0.780828,0.76703,0.752358,0.736805,0.720364,0.70303,0.6848,0.66567,0.645639,0.624709,0.602881,0.58016,0.556551,0.532063,0.506707,0.480495,0.453442,0.425565,0.396883,0.367418,0.337194,0.306238,0.274576,0.242241,0.209268,0.175692,0.141525,0.106802,0.071784,0.0359268,0
0,0.025936,0.0517876,0.078163,0.104483,0.130915,0.157407,0.183892,0.210326,0.23667,0.26288,0.288915,0.314732,0.34029,0.365552,0.390478,0.415032,0.43918,0.462888,0.486126,0.508862,0.53107,0.552723,0.573798,0.594273,0.614126,0.633342,0.651902,0.669792,0.687,0.703514,0.719325,0.734425,0.748807,0.762467,0.775399,0.787601,0.799071,0.809807,0.819809,0.829076,0.837609,0.845409,0.852475,0.85881,0.864413,0.869285,0.873427,0.876838,0.879518,0.881466,0.88268,0.883158,0.882897,0.881895,0.880145,0.877645,0.874388,0.870369,0.865579,0.860014,0.853664,0.846522,0.838579,0.829827,0.820257,0.80986,0.798629,0.786554,0.773628,0.759843,0.745193,0.729671,0.713273,0.695995,0.677833,0.658787,0.638856,0.618042,0.596348,0.573779,0.550342,0.526045,0.5009,0.474919,0.448117,0.420511,0.392121,0.362967,0.333072,0.302464,0.271169,0.239218,0.206637,0.173459,0.139742,0.105529,0.0706527,0.0356765,0
0,0.0253148,0.0511083,0.0767643,0.10272,0.128737,0.154783,0.180838,0.206856,0.232793,0.258606,0.284255,0.309701,0.334904,0.359827,0.384431,0.408682,0.432546,0.45599,0.478983,0.501495,0.5235,0.544971,0.565885,0.586219,0.605952,0.625065,0.643543,0.661369,0.678531,0.695015,0.710811,0.725911,0.740306,0.75399,0.766958,0.779206,0.790729,0.801525,0.811592,0.820929,0.829536,0.83741,0.844552,0.850962,0.85664,0.861584,0.865794,0.869271,0.872012,0.874015,0.87528,0.875804,0.875583,0.874614,0.872894,0.870416,0.867178,0.863171,0.858392,0.852832,0.846486,0.839345,0.831403,0.822652,0.813084,0.802691,0.791467,0.779405,0.766496,0.752737,0.73812,0.722641,0.706297,0.689083,0.671,0.652046,0.632222,0.611531,0.589976,0.567564,0.544301,0.520197,0.495263,0.469512,0.442958,0.41562,0.387515,0.358665,0.329092,0.298822,0.267881,0.236297,0.204104,0.171337,0.138008,0.104142,0.069967,0.0350516,0
0,0.0250557,0.0500916,0.0755745,0.101035,0.126615,0.152258,0.177906,0.203518,0.229059,0.254489,0.279766,0.304852,0.329709,0.3543,0.37859,0.402544,0.426127,0.44931,0.47206,0.494349,0.516149,0.537436,0.558184,0.578371,0.597977,0.616982,0.635369,0.653121,0.670225,0.686668,0.702438,0.717525,0.731921,0.745617,0.758608,0.770887,0.78245,0.793293,0.803414,0.812809,0.821477,0.829415,0.836623,0.843099,0.848842,0.853851,0.858124,0.86166,0.864457,0.866514,0.867827,0.868395,0.868214,0.867281,0.865591,0.863141,0.859924,0.855937,0.851173,0.845627,0.839292,0.832162,0.82423,0.815489,0.805933,0.795556,0.78435,0.772311,0.759432,0.745708,0.731135,0.715709,0.699428,0.682289,0.664292,0.645438,0.625728,0.605165,0.583755,0.561503,0.538417,0.514506,0.489783,0.46426,0.437953,0.410877,0.383053,0.3545,0.325241,0.2953,0.264704,0.233481,0.201657,0.169262,0.136344,0.102954,0.068948,0.0347838,0
0,0.0245116,0.0494359,0.0742872,0.0994101,0.124598,0.149828,0.175077,0.200302,0.225462,0.250519,0.275434,0.30017,0.324691,0.348959,0.372941,0.396603,0.419911,0.442834,0.465343,0.487409,0.509004,0.530103,0.550683,0.570719,0.590192,0.609081,0.62737,0.64504,0.662078,0.67847,0.694203,0.709266,0.72365,0.737347,0.750348,0.762647,0.774238,0.785117,0.79528,0.804722,0.81344,0.821433,0.828697,0.83523,0.84103,0.846096,0.850426,0.854016,0.856866,0.858972,0.860332,0.860943,0.860802,0.859905,0.858248,0.855827,0.852638,0.848674,0.843932,0.838406,0.832089,0.824977,0.817064,0.808342,0.798808,0.788455,0.777278,0.765271,0.752431,0.738753,0.724233,0.708869,0.69266,0.675604,0.657701,0.638954,0.619363,0.598934,0.577672,0.555583,0.532676,0.50896,0.484448,0.459152,0.433088,0.406272,0.378723,0.350461,0.321509,0.29189,0.261628,0.230751,0.199291,0.167279,0.134732,0.101667,0.0682801,0.0342325,0
0,0.0242451,0.0485185,0.073178,0.0978433,0.122631,0.147485,0.172353,0.1972,0.22199,0.246686,0.27125,0.295646,0.319839,0.343792,0.367472,0.390847,0.413883,0.436551,0.458821,0.480664,0.502053,0.522964,0.543371,0.563253,0.582588,0.601356,0.619539,0.63712,0.654083,0.670414,0.6861,0.70113,0.715493,0.729179,0.742179,0.754488,0.766096,0.777,0.787194,0.796672,0.805432,0.813469,0.82078,0.827362,0.833213,0.83833,0.842709,0.84635,0.849247,0.8514,0.852805,0.853458,0.853356,0.852496,0.850874,0.848485,0.845325,0.84139,0.836675,0.831174,0.824883,0.817796,0.809908,0.801215,0.79171,0.78139,0.77025,0.758285,0.745492,0.731868,0.71741,0.702117,0.685987,0.669021,0.65122,0.632585,0.61312,0.592829,0.571718,0.549795,0.527069,0.503548,0.479247,0.454176,0.428353,0.401793,0.374515,0.346539,0.317886,0.28858,0.258646,0.22811,0.196998,0.165337,0.13317,0.100548,0.0673529,0.0339546,0
0,0.0237627,0.0478866,0.0719874,0.0963357,0.120753,0.145222,0.169719,0.194203,0.218636,0.242981,0.267204,0.291269,0.315142,0.338787,0.362172,0.385265,0.408034,0.430449,0.452481,0.474102,0.495285,0.516006,0.536239,0.555963,0.575156,0.593797,0.611869,0.629353,0.646234,0.662497,0.678128,0.693115,0.707447,0.721112,0.734103,0.74641,0.758026,0.768945,0.77916,0.788665,0.797457,0.80553,0.81288,0.819504,0.825399,0.83056,0.834984,0.838669,0.841611,0.843807,0.845254,0.845948,0.845886,0.845063,0.843477,0.841122,0.837996,0.834092,0.829408,0.823937,0.817677,0.810622,0.802767,0.794108,0.784641,0.774361,0.763266,0.751351,0.738614,0.725052,0.710663,0.695448,0.679405,0.662535,0.64484,0.626324,0.606988,0.58684,0.565884,0.54413,0.521585,0.498261,0.474169,0.449323,0.423738,0.397431,0.37042,0.342724,0.314365,0.285365,0.255749,0.225542,0.194772,0.163472,0.13166,0.0993462,0.0667025,0.0334615,0
0,0.023494,0.047052,0.0709478,0.0948723,0.118921,0.143037,0.167176,0.191305,0.21539,0.239396,0.263287,0.28703,0.31059,0.333934,0.35703,0.379846,0.402351,0.424517,0.446313,0.467714,0.488691,0.509221,0.529278,0.548841,0.567888,0.586398,0.604353,0.621735,0.638527,0.654714,0.670282,0.685218,0.69951,0.713146,0.726118,0.738415,0.75003,0.760954,0.771181,0.780705,0.789521,0.797622,0.805004,0.811662,0.817594,0.822793,0.827258,0.830983,0.833966,0.836203,0.837689,0.838423,0.838399,0.837614,0.836064,0.833746,0.830655,0.826786,0.822137,0.816702,0.810477,0.803459,0.795642,0.787025,0.777602,0.76737,0.756326,0.744468,0.731793,0.718301,0.703989,0.688857,0.672907,0.65614,0.638557,0.620163,0.600962,0.580959,0.560162,0.538578,0.516216,0.493088,0.469206,0.444583,0.419235,0.393177,0.366428,0.339008,0.310937,0.282237,0.252932,0.223048,0.192611,0.161644,0.130185,0.0982864,0.0658506,0.0331784,0
0,0.0230615,0.0464438,0.0698414,0.0934658,0.117163,0.140921,0.164712,0.1885,0.212248,0.235923,0.259491,0.282919,0.306174,0.329224,0.352036,0.37458,0.396826,0.418745,0.440308,0.461489,0.482261,0.502598,0.522479,0.541878,0.560776,0.579151,0.596984,0.614258,0.630956,0.647061,0.662559,0.677436,0.691681,0.70528,0.718225,0.730503,0.742108,0.75303,0.763262,0.772796,0.781627,0.789749,0.797156,0.803843,0.809805,0.815038,0.819537,0.823299,0.826319,0.828593,0.830118,0.830889,0.830903,0.830156,0.828644,0.826363,0.823309,0.819479,0.814867,0.809471,0.803287,0.796311,0.788539,0.779967,0.770594,0.760416,0.749431,0.737636,0.72503,0.711613,0.697383,0.682342,0.66649,0.64983,0.632365,0.614098,0.595035,0.575181,0.554543,0.533131,0.510954,0.488023,0.46435,0.439949,0.414834,0.389023,0.362533,0.335383,0.307594,0.279188,0.250188,0.220618,0.190505,0.159879,0.12876,0.0971572,0.0652174,0.0327317,0
0,0.0227942,0.0456788,0.0688625,0.0920935,0.115449,0.138873,0.162327,0.185781,0.209201,0.232554,0.255808,0.278929,0.301887,0.324648,0.347182,0.369459,0.39145,0.413125,0.434457,0.455419,0.475986,0.496131,0.515833,0.535067,0.553813,0.57205,0.589758,0.606919,0.623517,0.639534,0.654955,0.669768,0.683958,0.697513,0.710423,0.722675,0.734262,0.745174,0.755403,0.764941,0.773781,0.781916,0.789341,0.79605,0.802038,0.807299,0.811828,0.815622,0.818676,0.820985,0.822546,0.823354,0.823405,0.822696,0.821222,0.81898,0.815965,0.812175,0.807605,0.802251,0.796111,0.789181,0.781458,0.772938,0.76362,0.753501,0.742579,0.730853,0.718322,0.704986,0.690844,0.675898,0.66015,0.643602,0.626258,0.608122,0.5892,0.569497,0.549022,0.527784,0.505792,0.483057,0.459592,0.435411,0.410529,0.384961,0.358727,0.331843,0.304332,0.276214,0.247512,0.21825,0.188454,0.158147,0.127361,0.0961471,0.0644274,0.0324469,0
0,0.0224024,0.0450936,0.0678297,0.0907748,0.113797,0.136885,0.160012,0.183143,0.206244,0.229284,0.252231,0.275053,0.297719,0.320198,0.34246,0.364474,0.386213,0.407647,0.428751,0.449496,0.469858,0.489812,0.509334,0.528402,0.546993,0.565089,0.582668,0.599712,0.616205,0.632129,0.647468,0.66221,0.676339,0.689843,0.702711,0.714931,0.726494,0.737389,0.747607,0.757142,0.765984,0.774127,0.781565,0.78829,0.794298,0.799582,0.804138,0.807961,0.811045,0.813386,0.814981,0.815824,0.815912,0.81524,0.813804,0.811602,0.808628,0.80488,0.800353,0.795045,0.788953,0.782073,0.774402,0.765939,0.75668,0.746625,0.735772,0.72412,0.711669,0.698418,0.684369,0.669523,0.653883,0.637451,0.620232,0.60223,0.583451,0.563903,0.543592,0.522529,0.500722,0.478184,0.454927,0.430965,0.406312,0.380986,0.355003,0.328382,0.301143,0.273308,0.244898,0.215937,0.18645,0.156467,0.126007,0.0950799,0.0638105,0.0320373,0
0,0.0221388,0.0443875,0.0669042,0.0894832,0.112185,0.134958,0.157767,0.180582,0.203372,0.226107,0.248755,0.271285,0.293665,0.315868,0.337861,0.359618,0.381108,0.402306,0.423182,0.443712,0.46387,0.483632,0.502974,0.521874,0.54031,0.558261,0.575708,0.592632,0.609016,0.624842,0.640095,0.65476,0.668823,0.68227,0.69509,0.707272,0.718803,0.729675,0.739877,0.749402,0.758241,0.766386,0.77383,0.780567,0.78659,0.791893,0.796471,0.800319,0.80343,0.805802,0.807428,0.808305,0.808428,0.807793,0.806396,0.804234,0.801302,0.797598,0.793117,0.787857,0.781815,0.774988,0.767374,0.758971,0.749777,0.73979,0.72901,0.717436,0.705068,0.691908,0.677956,0.663214,0.647685,0.631373,0.614282,0.596417,0.577785,0.558392,0.538247,0.51736,0.495739,0.473398,0.450348,0.426603,0.402178,0.37709,0.351355,0.324993,0.298023,0.270465,0.242342,0.213678,0.184495,0.154817,0.124673,0.0941121,0.0630719,0.031753,0
0,0.0217806,0.0438246,0.0659358,0.0882412,0.110627,0.133083,0.155583,0.178092,0.20058,0.223017,0.245373,0.267617,0.289719,0.31165,0.333381,0.354883,0.376129,0.397092,0.417744,0.438061,0.458016,0.477586,0.496748,0.515479,0.533757,0.551562,0.568875,0.585675,0.601946,0.61767,0.632832,0.647415,0.661406,0.674792,0.687559,0.699696,0.71119,0.722033,0.732214,0.741723,0.750553,0.758694,0.76614,0.772884,0.778917,0.784236,0.788832,0.792701,0.795838,0.798237,0.799893,0.800802,0.800959,0.800361,0.799003,0.796881,0.793992,0.790333,0.7859,0.78069,0.774702,0.767931,0.760377,0.752037,0.74291,0.732995,0.722292,0.7108,0.69852,0.685454,0.671602,0.656968,0.641555,0.625365,0.608405,0.59068,0.572196,0.552961,0.532983,0.512272,0.490838,0.468692,0.445848,0.422319,0.398121,0.373269,0.34778,0.321672,0.294966,0.267682,0.239841,0.211465,0.182579,0.15321,0.123381,0.093098,0.0624705,0.0313735,0
0,0.0215223,0.0431685,0.0650578,0.0870213,0.109106,0.131263,0.15346,0.17567,0.197863,0.22001,0.24208,0.264044,0.285873,0.307538,0.329011,0.350264,0.371269,0.392,0.41243,0.432535,0.452289,0.471668,0.490649,0.50921,0.52733,0.544987,0.562162,0.578836,0.594991,0.61061,0.625676,0.640174,0.654089,0.667408,0.680116,0.692203,0.703656,0.714465,0.724618,0.734107,0.742923,0.751056,0.758499,0.765244,0.771285,0.776614,0.781225,0.785113,0.788272,0.790695,0.79238,0.793319,0.79351,0.792948,0.791628,0.789548,0.786703,0.78309,0.778706,0.773548,0.767615,0.760903,0.753411,0.745137,0.736081,0.726241,0.715618,0.704212,0.692024,0.679055,0.665307,0.650784,0.635488,0.619424,0.602598,0.585014,0.56668,0.547604,0.527794,0.50726,0.486012,0.464063,0.441424,0.41811,0.394136,0.369517,0.34427,0.318415,0.291969,0.264953,0.237389,0.209298,0.180705,0.151631,0.122103,0.0921668,0.0617747,0.0310913,0
0,0.0211921,0.042627,0.0641462,0.0858467,0.107631,0.129489,0.151393,0.173312,0.195217,0.21708,0.238871,0.260561,0.282122,0.303527,0.324746,0.345753,0.366521,0.387023,0.407234,0.427129,0.446682,0.465871,0.484672,0.503063,0.521023,0.538531,0.555567,0.572112,0.588148,0.603658,0.618625,0.633034,0.646869,0.660116,0.672762,0.684794,0.696201,0.70697,0.717092,0.726556,0.735352,0.743473,0.750909,0.757652,0.763695,0.769032,0.773655,0.777558,0.780736,0.783183,0.784893,0.785862,0.786085,0.785558,0.784277,0.782238,0.779437,0.775871,0.771537,0.766433,0.760557,0.753906,0.746478,0.738274,0.729291,0.719529,0.708989,0.697672,0.685578,0.672709,0.659068,0.644658,0.629483,0.613547,0.596856,0.579416,0.561234,0.542318,0.522677,0.50232,0.481259,0.459504,0.43707,0.413969,0.390217,0.36583,0.340823,0.315216,0.289027,0.262276,0.234984,0.207173,0.178865,0.150088,0.120863,0.0911984,0.0611879,0.0307363,0
0,0.0209401,0.0420139,0.0633105,0.0846908,0.10619,0.127763,0.149379,0.171014,0.192638,0.214223,0.235741,0.257163,0.278463,0.299611,0.320581,0.341347,0.36188,0.382157,0.402151,0.421837,0.441191,0.46019,0.478811,0.497032,0.514832,0.532189,0.549084,0.565499,0.581414,0.596812,0.611677,0.625993,0.639744,0.652916,0.665495,0.677468,0.688824,0.69955,0.709636,0.71907,0.727843,0.735947,0.743371,0.750109,0.756152,0.761492,0.766124,0.77004,0.773235,0.775702,0.777437,0.778434,0.778688,0.778196,0.776952,0.774954,0.772198,0.76868,0.764398,0.759349,0.753531,0.746942,0.739582,0.731448,0.722541,0.71286,0.702405,0.691179,0.679182,0.666416,0.652884,0.63859,0.623538,0.607732,0.591178,0.573883,0.555854,0.537099,0.517627,0.497448,0.476573,0.455013,0.432782,0.409894,0.386362,0.362203,0.337434,0.312072,0.286136,0.259646,0.232622,0.205086,0.177062,0.148569,0.119634,0.0902989,0.0605279,0.0304571,0
0,0.0206333,0.0414927,0.0624491,0.083576,0.104789,0.126078,0.147416,0.168773,0.190122,0.211436,0.232687,0.253847,0.274889,0.295786,0.316511,0.337038,0.357342,0.377395,0.397174,0.416654,0.43581,0.454621,0.473062,0.491113,0.508751,0.525957,0.54271,0.558992,0.574784,0.590068,0.604828,0.619048,0.632712,0.645805,0.658314,0.670225,0.681526,0.692205,0.70225,0.711651,0.720397,0.72848,0.73589,0.742618,0.748657,0.753998,0.758635,0.762562,0.765771,0.768257,0.770014,0.771038,0.771322,0.770864,0.769658,0.767701,0.764989,0.76152,0.75729,0.752297,0.746539,0.740014,0.732722,0.724661,0.715831,0.706233,0.695867,0.684733,0.672835,0.660174,0.646754,0.632578,0.61765,0.601976,0.585561,0.568412,0.550537,0.531944,0.512642,0.49264,0.471951,0.450586,0.428557,0.405879,0.382566,0.358634,0.334099,0.30898,0.283294,0.257061,0.230301,0.203036,0.175288,0.147081,0.118439,0.0893699,0.0599548,0.0301223,0
0,0.020388,0.0409168,0.0616516,0.0824773,0.10342,0.124436,0.1455,0.166586,0.187667,0.208715,0.229704,0.250606,0.271396,0.292047,0.312531,0.332824,0.3529,0.372733,0.3923,0.411575,0.430535,0.449158,0.46742,0.485301,0.502778,0.519832,0.536442,0.55259,0.568256,0.583424,0.598077,0.612198,0.625772,0.638783,0.651218,0.663064,0.674306,0.684934,0.694935,0.704299,0.713015,0.721074,0.728465,0.735181,0.741212,0.746552,0.751192,0.755126,0.758348,0.760851,0.762629,0.763677,0.763991,0.763566,0.762397,0.76048,0.757813,0.754393,0.750215,0.745279,0.739582,0.733123,0.7259,0.717914,0.709164,0.69965,0.689373,0.678335,0.666538,0.653984,0.640676,0.62662,0.611818,0.596277,0.580002,0.563001,0.54528,0.526849,0.507717,0.487894,0.46739,0.446218,0.424391,0.401922,0.378826,0.355118,0.330816,0.305936,0.280497,0.254518,0.228019,0.201021,0.173546,0.145616,0.117253,0.0884982,0.0593251,0.0298467,0
0,0.0201013,0.0404147,0.0608348,0.0814159,0.102085,0.122832,0.143629,0.16445,0.185268,0.206056,0.226789,0.247439,0.267981,0.288389,0.308637,0.328699,0.34855,0.368167,0.387523,0.406596,0.425361,0.443798,0.461882,0.479592,0.496908,0.513809,0.530275,0.546287,0.561828,0.576878,0.591421,0.605441,0.618922,0.631849,0.644207,0.655983,0.667164,0.677738,0.687692,0.697016,0.705698,0.713729,0.721099,0.727799,0.733821,0.739156,0.743797,0.747736,0.750968,0.753486,0.755283,0.756356,0.756697,0.756304,0.755171,0.753296,0.750673,0.747301,0.743177,0.738298,0.732663,0.72627,0.719119,0.711208,0.702538,0.69311,0.682925,0.671983,0.660289,0.647843,0.63465,0.620715,0.60604,0.590633,0.5745,0.557646,0.540081,0.521813,0.502851,0.483205,0.462886,0.441907,0.42028,0.398019,0.375138,0.351653,0.327581,0.302938,0.277742,0.252014,0.225772,0.199037,0.17183,0.144176,0.116097,0.0876035,0.0587648,0.0295286,0
0,0.019863,0.0398712,0.0600718,0.0803688,0.10078,0.121266,0.141802,0.162363,0.182923,0.203457,0.223938,0.244341,0.26464,0.284809,0.304824,0.324659,0.34429,0.363691,0.38284,0.401712,0.420285,0.438535,0.456442,0.473983,0.491138,0.507885,0.524207,0.540083,0.555495,0.570426,0.584858,0.598774,0.61216,0.625,0.637279,0.648984,0.6601,0.670617,0.680521,0.689801,0.698447,0.706448,0.713793,0.720475,0.726484,0.731812,0.736451,0.740394,0.743634,0.746165,0.74798,0.749075,0.749443,0.749081,0.747984,0.746149,0.743571,0.740248,0.736177,0.731356,0.725783,0.719457,0.712377,0.704544,0.695956,0.686615,0.676522,0.665679,0.654088,0.641752,0.628675,0.614861,0.600315,0.585043,0.569052,0.552347,0.534938,0.516832,0.49804,0.478571,0.458437,0.43765,0.416222,0.394167,0.3715,0.348236,0.324391,0.299983,0.275028,0.249547,0.223558,0.197083,0.170143,0.142757,0.114949,0.0867565,0.0581608,0.0292569,0
0,0.0195934,0.0393873,0.0592948,0.0793552,0.0995053,0.119734,0.140015,0.160322,0.18063,0.200914,0.221149,0.241309,0.261369,0.281304,0.30109,0.320701,0.340113,0.359303,0.378246,0.39692,0.415301,0.433367,0.451097,0.468469,0.485463,0.502058,0.518234,0.533973,0.549256,0.564066,0.578385,0.592197,0.605486,0.618236,0.630433,0.642064,0.653114,0.663571,0.673422,0.682656,0.691262,0.69923,0.706549,0.713209,0.719203,0.724522,0.729157,0.733101,0.736347,0.738889,0.740721,0.741837,0.742231,0.7419,0.740838,0.739042,0.736508,0.733234,0.729216,0.724453,0.718943,0.712685,0.705678,0.697922,0.689417,0.680164,0.670165,0.659421,0.647934,0.635709,0.622749,0.609058,0.594642,0.579506,0.563656,0.547101,0.529848,0.511905,0.493283,0.473991,0.454041,0.433444,0.412214,0.390365,0.367909,0.344864,0.321245,0.297068,0.272352,0.247115,0.221377,0.195158,0.168478,0.14136,0.113828,0.0858917,0.0576125,0.0289528,0
0,0.0193621,0.0388722,0.0585632,0.0783547,0.098258,0.118236,0.138266,0.158324,0.178386,0.198425,0.218418,0.23834,0.258165,0.27787,0.29743,0.31682,0.336018,0.354998,0.373738,0.392215,0.410407,0.42829,0.445845,0.463048,0.479881,0.496323,0.512354,0.527955,0.543109,0.557796,0.572001,0.585706,0.598896,0.611555,0.623669,0.635223,0.646204,0.656598,0.666395,0.67558,0.684145,0.692077,0.699366,0.706004,0.71198,0.717287,0.721916,0.725859,0.72911,0.731662,0.733509,0.734644,0.735064,0.734762,0.733734,0.731977,0.729487,0.726262,0.722297,0.717593,0.712146,0.705956,0.699022,0.691344,0.682922,0.673758,0.663853,0.653209,0.641829,0.629715,0.616872,0.603305,0.589019,0.574019,0.558312,0.541906,0.524809,0.507029,0.488576,0.469461,0.449694,0.429288,0.408255,0.386609,0.364364,0.341535,0.318139,0.294192,0.269711,0.244716,0.219226,0.193259,0.166838,0.139983,0.112714,0.0850668,0.0570307,0.0286853,0
0,0.0191073,0.0384055,0.0578219,0.0773844,0.0970376,0.11677,0.136555,0.156369,0.176188,0.195988,0.215743,0.235431,0.255026,0.274504,0.293841,0.313014,0.332,0.350773,0.369313,0.387595,0.405599,0.423301,0.440681,0.457717,0.474389,0.490678,0.506563,0.522027,0.53705,0.551614,0.565704,0.579301,0.592391,0.604957,0.616985,0.628461,0.63937,0.6497,0.659439,0.668574,0.677094,0.684988,0.692246,0.698859,0.704815,0.710109,0.714729,0.718671,0.721925,0.724485,0.726345,0.727499,0.727942,0.727668,0.726674,0.724956,0.72251,0.719332,0.715421,0.710775,0.705391,0.69927,0.692409,0.68481,0.676472,0.667398,0.657588,0.647044,0.63577,0.623768,0.611044,0.597601,0.583445,0.568582,0.553018,0.536762,0.51982,0.502203,0.483919,0.46498,0.445395,0.425178,0.404341,0.382897,0.36086,0.338247,0.315072,0.291352,0.267105,0.242349,0.217103,0.191386,0.165219,0.138624,0.111623,0.0842284,0.0564937,0.0283931,0
0,0.0188831,0.0379154,0.0571191,0.0764262,0.0958426,0.115334,0.134879,0.154454,0.174036,0.1936,0.213122,0.232579,0.251947,0.271202,0.290321,0.30928,0.328056,0.346626,0.364967,0.383057,0.400873,0.418396,0.435602,0.452472,0.468984,0.48512,0.50086,0.516185,0.531077,0.545518,0.559491,0.57298,0.585968,0.598439,0.61038,0.621776,0.632612,0.642876,0.652555,0.661638,0.670111,0.677966,0.68519,0.691775,0.69771,0.702988,0.707599,0.711536,0.714791,0.717358,0.719231,0.720402,0.720867,0.720622,0.719661,0.71798,0.715577,0.712447,0.70859,0.704001,0.698681,0.692628,0.685841,0.678321,0.670068,0.661083,0.651368,0.640925,0.629758,0.617869,0.605263,0.591945,0.57792,0.563193,0.547773,0.531666,0.51488,0.497425,0.47931,0.460546,0.441143,0.421114,0.400471,0.379227,0.357398,0.334998,0.312042,0.288547,0.264531,0.240011,0.215007,0.189537,0.163622,0.137283,0.110539,0.0834234,0.0559311,0.0281298,0
0,0.0186411,0.0374649,0.05641,0.0754952,0.0946717,0.113927,0.133237,0.152577,0.171926,0.191258,0.210552,0.229783,0.248928,0.267963,0.286867,0.305614,0.324184,0.342552,0.360697,0.378596,0.396228,0.413572,0.430606,0.44731,0.463663,0.479647,0.495242,0.510428,0.525189,0.539506,0.553362,0.56674,0.579625,0.592001,0.603854,0.615167,0.625929,0.636125,0.645743,0.654771,0.663196,0.671009,0.678198,0.684754,0.690666,0.695926,0.700526,0.704457,0.707712,0.710285,0.712168,0.713355,0.713842,0.713623,0.712694,0.711051,0.70869,0.705608,0.701803,0.697273,0.692016,0.686031,0.679318,0.671877,0.663708,0.654814,0.645194,0.634853,0.623793,0.612017,0.59953,0.586336,0.572442,0.557852,0.542575,0.526617,0.509987,0.492694,0.474747,0.456157,0.436935,0.417092,0.396643,0.375599,0.353975,0.331786,0.309047,0.285775,0.261988,0.237702,0.212936,0.187711,0.162044,0.135958,0.109476,0.0826085,0.0554047,0.0278478,0
0,0.0184238,0.0369971,0.0557337,0.0745756,0.0935243,0.112548,0.131627,0.150737,0.169856,0.188962,0.20803,0.227039,0.245964,0.264784,0.283475,0.302015,0.32038,0.338549,0.3565,0.374211,0.391661,0.408827,0.42569,0.442229,0.458424,0.474256,0.489705,0.504754,0.519383,0.533575,0.547313,0.560581,0.573363,0.585642,0.597404,0.608635,0.61932,0.629447,0.639002,0.647973,0.656349,0.664118,0.67127,0.677795,0.683682,0.688924,0.69351,0.697434,0.700688,0.703264,0.705157,0.70636,0.706867,0.706674,0.705777,0.70417,0.701851,0.698816,0.695063,0.690591,0.685397,0.67948,0.672841,0.665479,0.657395,0.64859,0.639067,0.628827,0.617874,0.606211,0.593843,0.580774,0.56701,0.552558,0.537423,0.521614,0.50514,0.488008,0.470228,0.451812,0.432769,0.413113,0.392855,0.372009,0.350589,0.32861,0.306086,0.283035,0.259474,0.23542,0.21089,0.185906,0.160486,0.13465,0.108419,0.0818218,0.054859,0.0275887,0
0,0.0181932,0.0365618,0.0550538,0.0736804,0.0923987,0.111196,0.130048,0.148932,0.167826,0.186709,0.205556,0.224346,0.243055,0.261662,0.280144,0.298478,0.316643,0.334616,0.352375,0.369899,0.387167,0.404158,0.420851,0.437227,0.453264,0.468945,0.484249,0.499159,0.513657,0.527724,0.541345,0.554501,0.567178,0.579359,0.591031,0.602177,0.612785,0.622841,0.632332,0.641245,0.64957,0.657294,0.664407,0.670899,0.67676,0.681981,0.686553,0.690469,0.69372,0.696299,0.6982,0.699417,0.699944,0.699776,0.698908,0.697338,0.69506,0.692071,0.688371,0.683955,0.678824,0.672976,0.66641,0.659127,0.651128,0.642414,0.632986,0.622848,0.612002,0.600452,0.588203,0.575258,0.561625,0.547309,0.532317,0.516657,0.500337,0.483365,0.465753,0.447509,0.428646,0.409174,0.389107,0.368457,0.347239,0.325468,0.303158,0.280326,0.256988,0.233163,0.208868,0.184122,0.158945,0.133357,0.10738,0.0810279,0.0543427,0.0273155,0
0,0.0179825,0.0361141,0.0544019,0.0727961,0.0912949,0.109869,0.128498,0.14716,0.165834,0.184497,0.203127,0.221701,0.240198,0.258596,0.276871,0.295003,0.312969,0.330748,0.348318,0.365657,0.382746,0.399563,0.416088,0.4323,0.448181,0.463711,0.478871,0.493643,0.508009,0.521952,0.535454,0.548498,0.56107,0.573153,0.584732,0.595793,0.606323,0.616306,0.625732,0.634586,0.642858,0.650536,0.657609,0.664067,0.6699,0.675099,0.679656,0.683561,0.686808,0.689389,0.691297,0.692527,0.693073,0.692929,0.692091,0.690555,0.688318,0.685376,0.681726,0.677368,0.672299,0.666518,0.660026,0.652822,0.644907,0.636283,0.626951,0.616914,0.606176,0.594739,0.582608,0.569788,0.556285,0.542106,0.527256,0.511744,0.495578,0.478766,0.46132,0.443248,0.424562,0.405274,0.385396,0.364942,0.343924,0.322359,0.300261,0.277645,0.25453,0.230932,0.206868,0.182359,0.157422,0.132079,0.106348,0.0802579,0.0538119,0.0270607,0
0,0.017762,0.0356931,0.0537485,0.0719339,0.090211,0.108566,0.126977,0.145421,0.163878,0.182325,0.200741,0.219103,0.237391,0.255582,0.273655,0.291587,0.309357,0.326944,0.344327,0.361484,0.378395,0.395039,0.411397,0.427448,0.443173,0.458553,0.47357,0.488204,0.502438,0.516256,0.529639,0.542571,0.555037,0.567021,0.578508,0.589483,0.599932,0.609843,0.619202,0.627996,0.636214,0.643844,0.650876,0.657299,0.663103,0.668279,0.672818,0.676712,0.679954,0.682535,0.68445,0.685691,0.686255,0.686134,0.685325,0.683823,0.681626,0.678729,0.675131,0.670829,0.665822,0.660109,0.65369,0.646564,0.638734,0.630199,0.620963,0.611027,0.600395,0.589071,0.577059,0.564363,0.55099,0.536946,0.522238,0.506874,0.490861,0.474209,0.456928,0.439027,0.420518,0.401412,0.381722,0.361461,0.340643,0.319282,0.297394,0.274993,0.252098,0.228724,0.20489,0.180614,0.155916,0.130815,0.105333,0.0794832,0.0533051,0.0267952,0
0,0.0175577,0.0352634,0.0531193,0.0710821,0.0891473,0.107287,0.125483,0.143713,0.161956,0.180191,0.198396,0.216551,0.234632,0.25262,0.270492,0.288227,0.305804,0.323202,0.340399,0.357376,0.374111,0.390584,0.406776,0.422667,0.438238,0.453469,0.468342,0.482839,0.496942,0.510635,0.523899,0.536719,0.549079,0.560963,0.572356,0.583245,0.593614,0.60345,0.612741,0.621474,0.629637,0.637218,0.644208,0.650594,0.656368,0.661519,0.66604,0.669922,0.673157,0.675738,0.677658,0.678911,0.67949,0.679392,0.678611,0.677143,0.674985,0.672133,0.668585,0.664339,0.659393,0.653747,0.647401,0.640354,0.632607,0.624162,0.615021,0.605186,0.594661,0.583449,0.571554,0.558983,0.54574,0.531831,0.517264,0.502047,0.486187,0.469693,0.452576,0.434845,0.416511,0.397587,0.378084,0.358015,0.337394,0.316236,0.294556,0.272368,0.24969,0.226539,0.202932,0.178888,0.154426,0.129564,0.104323,0.0787288,0.0527878,0.0265445,0
0,0.0173463,0.034856,0.0524903,0.0702503,0.0881017,0.106031,0.124015,0.142034,0.160068,0.178094,0.196092,0.214041,0.23192,0.249707,0.267382,0.284923,0.302309,0.319519,0.336534,0.353332,0.369893,0.386197,0.402225,0.417956,0.433373,0.448456,0.463186,0.477547,0.491519,0.505087,0.518232,0.53094,0.543193,0.554977,0.566277,0.577078,0.587366,0.597127,0.60635,0.61502,0.623127,0.630659,0.637604,0.643953,0.649695,0.654822,0.659323,0.663192,0.666419,0.668999,0.670923,0.672185,0.672781,0.672704,0.67195,0.670515,0.668395,0.665587,0.662089,0.657898,0.653014,0.647435,0.64116,0.634191,0.626528,0.618172,0.609126,0.599391,0.588972,0.577872,0.566095,0.553647,0.540533,0.526759,0.512332,0.497261,0.481553,0.465217,0.448263,0.430701,0.412542,0.393798,0.37448,0.354602,0.334177,0.31322,0.291746,0.26977,0.247308,0.224377,0.200995,0.17718,0.152951,0.128327,0.103329,0.0779715,0.0522901,0.0262859,0
0,0.0171481,0.0344427,0.0518822,0.0694286,0.0870751,0.104796,0.122573,0.140385,0.158212,0.176033,0.193827,0.211574,0.229253,0.246842,0.264322,0.281671,0.298869,0.315895,0.332728,0.349349,0.365738,0.381875,0.397739,0.413313,0.428577,0.443513,0.458101,0.472326,0.486168,0.49961,0.512638,0.525232,0.537379,0.549063,0.560268,0.570981,0.581187,0.590873,0.600026,0.608634,0.616684,0.624165,0.631065,0.637376,0.643086,0.648186,0.652667,0.656521,0.65974,0.662317,0.664244,0.665516,0.666126,0.66607,0.665342,0.663939,0.661857,0.659093,0.655644,0.651508,0.646684,0.641171,0.634968,0.628076,0.620496,0.612229,0.603277,0.593642,0.583329,0.57234,0.56068,0.548355,0.535369,0.521729,0.507443,0.492517,0.47696,0.460781,0.443989,0.426595,0.408609,0.390043,0.37091,0.351221,0.330991,0.310233,0.288963,0.267196,0.244948,0.222236,0.199077,0.175489,0.151491,0.127102,0.10234,0.0772317,0.0517849,0.0260393,0
0,0.0169449,0.0340481,0.0512756,0.0686249,0.0860652,0.103582,0.121155,0.138763,0.156387,0.174005,0.191599,0.209147,0.226629,0.244023,0.261311,0.278471,0.295483,0.312326,0.328981,0.345427,0.361645,0.377616,0.393319,0.408736,0.423849,0.438638,0.453085,0.467174,0.480886,0.494205,0.507113,0.519596,0.531636,0.543219,0.55433,0.564954,0.575078,0.584688,0.593771,0.602315,0.610307,0.617736,0.624591,0.630862,0.636539,0.641612,0.646072,0.64991,0.65312,0.655693,0.657623,0.658903,0.659527,0.659491,0.658789,0.657417,0.655372,0.65265,0.64925,0.645168,0.640403,0.634956,0.628824,0.622009,0.614511,0.606332,0.597474,0.587939,0.577731,0.566853,0.55531,0.543106,0.530248,0.516742,0.502595,0.487814,0.472407,0.456384,0.439753,0.422526,0.404712,0.386324,0.367373,0.347872,0.327835,0.307275,0.286208,0.264648,0.242612,0.220116,0.197178,0.173815,0.150046,0.125889,0.101366,0.0764906,0.0512961,0.0257869,0
0,0.0167525,0.0336498,0.0506871,0.067831,0.0850729,0.102389,0.11976,0.137168,0.154591,0.172011,0.189407,0.206759,0.224046,0.241249,0.258347,0.27532,0.292148,0.308812,0.32529,0.341563,0.357613,0.373418,0.388962,0.404224,0.419185,0.433829,0.448137,0.46209,0.475673,0.488868,0.501658,0.514028,0.525962,0.537444,0.548461,0.558996,0.569037,0.578571,0.587583,0.596062,0.603996,0.611373,0.618182,0.624412,0.630055,0.635099,0.639537,0.64336,0.646559,0.649127,0.651059,0.652346,0.652984,0.652966,0.652289,0.650948,0.648939,0.64626,0.642907,0.638878,0.634173,0.62879,0.622729,0.61599,0.608575,0.600483,0.591718,0.582282,0.572178,0.561411,0.549983,0.537901,0.52517,0.511797,0.497788,0.48315,0.467893,0.452025,0.435554,0.418492,0.40085,0.382637,0.363868,0.344553,0.324707,0.304344,0.283478,0.262124,0.240298,0.218017,0.195297,0.172157,0.148614,0.124688,0.100397,0.0757646,0.050802,0.0255444,0
0,0.0165568,0.0332673,0.0501012,0.0670536,0.0840962,0.101215,0.118388,0.135599,0.152825,0.170049,0.18725,0.204409,0.221505,0.238518,0.255429,0.272218,0.288865,0.30535,0.321653,0.337756,0.353638,0.369281,0.384666,0.399774,0.414586,0.429086,0.443254,0.457073,0.470527,0.483599,0.496271,0.508529,0.520356,0.531738,0.542659,0.553106,0.563064,0.57252,0.581462,0.589876,0.59775,0.605074,0.611836,0.618026,0.623633,0.628649,0.633063,0.636869,0.640057,0.64262,0.644552,0.645846,0.646496,0.646497,0.645844,0.644532,0.642559,0.639921,0.636615,0.63264,0.627993,0.622674,0.616683,0.61002,0.602685,0.594681,0.586009,0.576671,0.566671,0.556013,0.5447,0.532739,0.520135,0.506893,0.493021,0.478527,0.463418,0.447703,0.431392,0.414495,0.397022,0.378984,0.360394,0.341265,0.321609,0.30144,0.280773,0.259623,0.238006,0.215937,0.193434,0.170515,0.147197,0.123499,0.0994407,0.0750386,0.0503216,0.0252977,0
0,0.01637,0.0328828,0.0495313,0.0662856,0.0831359,0.100059,0.117039,0.134054,0.151087,0.168118,0.185127,0.202095,0.219002,0.235829,0.252556,0.269163,0.28563,0.301939,0.31807,0.334003,0.34972,0.365202,0.38043,0.395385,0.410049,0.424405,0.438435,0.452121,0.465447,0.478396,0.490951,0.503097,0.514817,0.526099,0.536925,0.547282,0.557157,0.566536,0.575406,0.583754,0.59157,0.59884,0.605554,0.611702,0.617274,0.62226,0.626651,0.630438,0.633615,0.636172,0.638104,0.639403,0.640065,0.640083,0.639453,0.638171,0.636233,0.633635,0.630376,0.626452,0.621863,0.616608,0.610686,0.604098,0.596844,0.588926,0.580345,0.571105,0.561208,0.550659,0.539461,0.52762,0.515141,0.50203,0.488295,0.473943,0.458981,0.443419,0.427266,0.410532,0.393227,0.375363,0.356952,0.338006,0.318538,0.298563,0.278093,0.257146,0.235735,0.213877,0.191589,0.168888,0.145793,0.122321,0.0984906,0.0743257,0.0498378,0.0250591,0
0,0.0161811,0.0325117,0.0489646,0.0655327,0.0821902,0.0989225,0.11571,0.132534,0.149376,0.166217,0.183037,0.199817,0.216538,0.23318,0.249725,0.266152,0.282443,0.298578,0.314538,0.330305,0.345858,0.36118,0.376252,0.391056,0.405574,0.419787,0.43368,0.447233,0.460431,0.473258,0.485696,0.49773,0.509345,0.520525,0.531257,0.541525,0.551317,0.560618,0.569416,0.577698,0.585453,0.59267,0.599336,0.605442,0.610977,0.615932,0.620299,0.624068,0.627232,0.629782,0.631713,0.633018,0.63369,0.633725,0.633118,0.631864,0.62996,0.627402,0.624188,0.620316,0.615784,0.610592,0.604738,0.598224,0.59105,0.583218,0.574728,0.565585,0.555791,0.545349,0.534265,0.522543,0.510189,0.497208,0.483609,0.469397,0.454582,0.439172,0.423175,0.406603,0.389466,0.371774,0.35354,0.334776,0.315495,0.295711,0.275438,0.25469,0.233484,0.211835,0.18976,0.167276,0.144401,0.121153,0.0975522,0.0736139,0.0493656,0.0248176,0
0,0.0159998,0.03214,0.048412,0.0647889,0.0812598,0.0978034,0.114402,0.131038,0.147692,0.164345,0.180978,0.197573,0.214111,0.230571,0.246936,0.263186,0.279303,0.295266,0.311057,0.326658,0.342049,0.357213,0.372131,0.386785,0.401157,0.41523,0.428986,0.442408,0.455479,0.468184,0.480505,0.492428,0.503937,0.515017,0.525654,0.535833,0.545541,0.554764,0.56349,0.571707,0.579401,0.586563,0.59318,0.599243,0.604742,0.609666,0.614008,0.617757,0.620908,0.623451,0.62538,0.626689,0.627372,0.627423,0.626837,0.625611,0.62374,0.621221,0.618052,0.614231,0.609756,0.604625,0.59884,0.592399,0.585305,0.577557,0.569158,0.560111,0.550418,0.540084,0.529112,0.517509,0.505278,0.492427,0.478962,0.46489,0.45022,0.43496,0.41912,0.402709,0.385737,0.368216,0.350158,0.331575,0.312479,0.292885,0.272806,0.252257,0.231254,0.209812,0.187948,0.165679,0.143023,0.119997,0.0966198,0.0729137,0.0488915,0.0245828,0
0,0.0158171,0.0317797,0.0478633,0.064059,0.0803432,0.0967012,0.113114,0.129564,0.146032,0.162501,0.17895,0.195363,0.211719,0.228001,0.244188,0.260263,0.276207,0.292,0.307625,0.323062,0.338294,0.353301,0.368066,0.382571,0.396799,0.410732,0.424352,0.437643,0.450589,0.463172,0.475378,0.48719,0.498593,0.509573,0.520115,0.530205,0.53983,0.548975,0.557629,0.565779,0.573413,0.580519,0.587088,0.593107,0.598568,0.603461,0.607777,0.611507,0.614643,0.617178,0.619105,0.620418,0.62111,0.621176,0.620611,0.619412,0.617574,0.615094,0.611969,0.608197,0.603778,0.598709,0.592991,0.586623,0.579606,0.571943,0.563634,0.554682,0.54509,0.534862,0.524003,0.512516,0.500408,0.487685,0.474354,0.460421,0.445896,0.430785,0.415099,0.398848,0.382041,0.36469,0.346806,0.328402,0.30949,0.290084,0.270198,0.249846,0.229044,0.207808,0.186153,0.164097,0.141657,0.118851,0.0956983,0.0722152,0.0484273,0.0243462,0
0,0.0156409,0.0314198,0.0473271,0.063338,0.079441,0.0956158,0.111846,0.128112,0.144398,0.160684,0.176953,0.193185,0.209363,0.225467,0.24148,0.257382,0.273155,0.288781,0.30424,0.319516,0.334589,0.349441,0.364055,0.378413,0.392498,0.406292,0.419777,0.432939,0.445759,0.458222,0.470312,0.482014,0.493313,0.504193,0.51464,0.524641,0.534182,0.543249,0.551831,0.559914,0.567487,0.574538,0.581057,0.587033,0.592456,0.597317,0.601606,0.605316,0.608438,0.610964,0.612888,0.614204,0.614904,0.614985,0.614441,0.613268,0.611461,0.609019,0.605938,0.602215,0.597851,0.592843,0.58719,0.580895,0.573956,0.566375,0.558155,0.549298,0.539806,0.529684,0.518935,0.507565,0.49558,0.482984,0.469785,0.45599,0.441608,0.426646,0.411113,0.39502,0.378376,0.361193,0.343482,0.325256,0.306526,0.287307,0.267612,0.247456,0.226854,0.205821,0.184373,0.162528,0.140303,0.117715,0.0947829,0.0715272,0.0479623,0.0241153,0
0,0.0154641,0.0310699,0.0467951,0.0626297,0.0785517,0.0945465,0.110596,0.126682,0.142788,0.158894,0.174984,0.191039,0.20704,0.22297,0.23881,0.254541,0.270146,0.285606,0.300902,0.316018,0.330934,0.345633,0.360098,0.37431,0.388252,0.401908,0.415261,0.428293,0.440989,0.453332,0.465308,0.4769,0.488094,0.498874,0.509228,0.51914,0.528597,0.537586,0.546095,0.554112,0.561623,0.568619,0.575088,0.58102,0.586405,0.591233,0.595496,0.599184,0.602291,0.604808,0.606729,0.608046,0.608755,0.60885,0.608325,0.607178,0.605403,0.602997,0.599959,0.596285,0.591974,0.587026,0.58144,0.575215,0.568353,0.560855,0.552723,0.543959,0.534567,0.524549,0.513911,0.502656,0.490791,0.478322,0.465255,0.451597,0.437356,0.422541,0.407161,0.391225,0.374743,0.357727,0.340188,0.322138,0.303589,0.284555,0.265049,0.245087,0.224682,0.203851,0.182609,0.160974,0.138961,0.116589,0.0938776,0.0708417,0.0475059,0.0238833,0
0,0.0152927,0.0307211,0.0462744,0.0619301,0.077676,0.0934929,0.109364,0.125273,0.1412,0.15713,0.173044,0.188923,0.204751,0.220508,0.236177,0.25174,0.267178,0.282474,0.29761,0.312567,0.327328,0.341876,0.356192,0.37026,0.384062,0.397581,0.410801,0.423705,0.436277,0.448502,0.460364,0.471846,0.482936,0.493617,0.503877,0.5137,0.523074,0.531985,0.540422,0.548371,0.555822,0.562762,0.569181,0.575068,0.580414,0.585209,0.589445,0.593112,0.596203,0.59871,0.600627,0.601946,0.602662,0.60277,0.602265,0.601142,0.599397,0.597028,0.594032,0.590406,0.586149,0.581259,0.575738,0.569584,0.562798,0.555382,0.547337,0.538666,0.529371,0.519458,0.508928,0.497789,0.486044,0.4737,0.460763,0.447241,0.433141,0.418472,0.403242,0.387462,0.371141,0.354291,0.336922,0.319046,0.300677,0.281826,0.262509,0.242739,0.22253,0.201899,0.180861,0.159433,0.137631,0.115474,0.0929785,0.0701654,0.0470495,0.0236561,0
0,0.0151213,0.030381,0.0457582,0.0612423,0.0768125,0.0924545,0.10815,0.123883,0.139636,0.155391,0.171131,0.186837,0.202493,0.21808,0.233581,0.248977,0.264252,0.279386,0.294362,0.309163,0.32377,0.338168,0.352337,0.366262,0.379924,0.393308,0.406397,0.419174,0.431624,0.44373,0.455478,0.466852,0.477838,0.488421,0.498587,0.508321,0.517612,0.526446,0.53481,0.542692,0.550081,0.556965,0.563334,0.569177,0.574484,0.579246,0.583453,0.587099,0.590173,0.59267,0.594582,0.595902,0.596626,0.596746,0.596259,0.59516,0.593446,0.591112,0.588157,0.584578,0.580374,0.575543,0.570085,0.564001,0.55729,0.549955,0.541996,0.533417,0.52422,0.514409,0.503988,0.492962,0.481336,0.469116,0.456309,0.442921,0.428961,0.414437,0.399357,0.383731,0.36757,0.350884,0.333684,0.315981,0.29779,0.279122,0.259991,0.240411,0.220397,0.199964,0.179128,0.157905,0.136313,0.114368,0.0920889,0.0694922,0.0466007,0.0234285,0
0,0.0149547,0.0300425,0.0452522,0.0605628,0.0759619,0.0914309,0.106954,0.122514,0.138094,0.153677,0.169245,0.184781,0.200267,0.215686,0.231021,0.246253,0.261364,0.276338,0.291157,0.305803,0.320259,0.334508,0.348532,0.362315,0.375839,0.389089,0.402047,0.414698,0.427026,0.439016,0.450651,0.461917,0.4728,0.483284,0.493356,0.503003,0.512211,0.520967,0.529258,0.537074,0.544401,0.551229,0.557547,0.563345,0.568613,0.573341,0.577521,0.581144,0.584202,0.586688,0.588594,0.589915,0.590645,0.590777,0.590308,0.589233,0.587547,0.585249,0.582334,0.578801,0.574649,0.569876,0.564481,0.558466,0.55183,0.544574,0.536701,0.528213,0.519113,0.509404,0.49909,0.488176,0.476668,0.464572,0.451893,0.438639,0.424817,0.410436,0.395505,0.380033,0.36403,0.347506,0.330473,0.312943,0.294928,0.27644,0.257494,0.238103,0.218282,0.198045,0.17741,0.156391,0.135006,0.113272,0.0912056,0.0688275,0.0461527,0.023205,0
0,0.0147884,0.0297118,0.0447509,0.0598943,0.0751228,0.0904218,0.105774,0.121164,0.136573,0.151986,0.167385,0.182753,0.198072,0.213325,0.228495,0.243564,0.258516,0.273332,0.287995,0.302488,0.316794,0.330895,0.344775,0.358418,0.371805,0.384922,0.397751,0.410277,0.422484,0.434357,0.445881,0.457039,0.467819,0.478206,0.488186,0.497744,0.506869,0.515548,0.523767,0.531515,0.538781,0.545553,0.55182,0.557573,0.562801,0.567496,0.571647,0.575247,0.578288,0.580763,0.582664,0.583985,0.58472,0.584864,0.584412,0.583359,0.581702,0.579438,0.576563,0.573076,0.568975,0.564259,0.558927,0.552979,0.546417,0.53924,0.531452,0.523054,0.514049,0.504441,0.494234,0.483432,0.472041,0.460066,0.447514,0.434392,0.420708,0.40647,0.391686,0.376366,0.360519,0.344157,0.32729,0.309931,0.29209,0.273782,0.255019,0.235815,0.216185,0.196144,0.175707,0.15489,0.133711,0.112185,0.0903313,0.0681662,0.0457114,0.0229816,0
0,0.0146262,0.0293831,0.0442588,0.059234,0.0742959,0.0894268,0.104611,0.119832,0.135074,0.150319,0.165551,0.180752,0.195906,0.210996,0.226003,0.240912,0.255705,0.270365,0.284874,0.299215,0.313373,0.327329,0.341066,0.35457,0.367822,0.380806,0.393508,0.40591,0.417997,0.429754,0.441166,0.452219,0.462897,0.473186,0.483073,0.492544,0.501587,0.510188,0.518335,0.526016,0.533221,0.539936,0.546153,0.55186,0.557049,0.561709,0.565831,0.569408,0.572432,0.574895,0.576789,0.57811,0.57885,0.579005,0.57857,0.577539,0.57591,0.573679,0.570844,0.567402,0.563351,0.558691,0.55342,0.54754,0.54105,0.533952,0.526248,0.517939,0.509029,0.499521,0.489419,0.478727,0.467452,0.455599,0.443173,0.430182,0.416634,0.402537,0.387899,0.37273,0.357039,0.340837,0.324135,0.306944,0.289277,0.271146,0.252565,0.233547,0.214106,0.194258,0.174018,0.153402,0.132426,0.111108,0.0894634,0.0675128,0.0452713,0.0227618,0
0,0.0144647,0.0290612,0.0437716,0.0585839,0.07348,0.0884455,0.103464,0.118519,0.133595,0.148674,0.163741,0.178779,0.19377,0.208697,0.223545,0.238295,0.252931,0.267436,0.281793,0.295985,0.309996,0.323807,0.337404,0.35077,0.363888,0.376742,0.389316,0.401595,0.413564,0.425206,0.436508,0.447454,0.45803,0.468223,0.478018,0.487402,0.496363,0.504886,0.512962,0.520576,0.527719,0.534378,0.540544,0.546206,0.551354,0.55598,0.560074,0.563627,0.566633,0.569083,0.570972,0.572291,0.573036,0.573201,0.572782,0.571773,0.570171,0.567973,0.565176,0.561778,0.557777,0.553172,0.547963,0.542149,0.535731,0.528711,0.521089,0.512868,0.504052,0.494643,0.484645,0.474064,0.462903,0.451169,0.438869,0.426009,0.412596,0.398638,0.384145,0.369125,0.353588,0.337545,0.321006,0.303983,0.286488,0.268533,0.250132,0.231298,0.212045,0.192389,0.172344,0.151927,0.131153,0.11004,0.0886041,0.0668631,0.0448374,0.0225423,0
0,0.0143068,0.0287418,0.0432928,0.0579417,0.0726756,0.0874776,0.102332,0.117224,0.132136,0.147052,0.161956,0.176831,0.191661,0.206429,0.221119,0.235712,0.250194,0.264546,0.278753,0.292796,0.306661,0.320331,0.333788,0.347017,0.360002,0.372726,0.385175,0.397332,0.409183,0.420711,0.431903,0.442744,0.45322,0.463316,0.47302,0.482317,0.491196,0.499643,0.507646,0.515194,0.522275,0.528878,0.534993,0.54061,0.545718,0.550309,0.554373,0.557903,0.560891,0.563328,0.56521,0.566528,0.567277,0.567452,0.567048,0.56606,0.564485,0.562319,0.55956,0.556205,0.552253,0.547703,0.542554,0.536806,0.530459,0.523515,0.515975,0.507842,0.499118,0.489807,0.479913,0.46944,0.458393,0.446778,0.434602,0.42187,0.408591,0.394773,0.380423,0.365551,0.350167,0.334281,0.317904,0.301047,0.283723,0.265942,0.24772,0.229068,0.210002,0.190536,0.170685,0.150464,0.129891,0.108981,0.0877511,0.0662207,0.0444051,0.0223261,0
0,0.0141498,0.0284285,0.042819,0.0573092,0.0718818,0.0865227,0.101216,0.115946,0.130696,0.145451,0.160195,0.17491,0.189581,0.204191,0.218724,0.233163,0.247492,0.261693,0.275751,0.289648,0.303369,0.316897,0.330217,0.343311,0.356164,0.36876,0.381084,0.39312,0.404854,0.416269,0.427352,0.438089,0.448464,0.458465,0.468077,0.477289,0.486086,0.494456,0.502388,0.50987,0.516889,0.523436,0.5295,0.535071,0.540139,0.544695,0.54873,0.552236,0.555205,0.55763,0.559503,0.56082,0.561572,0.561757,0.561367,0.5604,0.558851,0.556717,0.553995,0.550683,0.546779,0.542283,0.537193,0.531509,0.525233,0.518365,0.510906,0.50286,0.494228,0.485014,0.475222,0.464856,0.453922,0.442425,0.430372,0.417768,0.404621,0.39094,0.376733,0.362008,0.346776,0.331046,0.314829,0.298137,0.280981,0.263374,0.245328,0.226858,0.207977,0.188699,0.16904,0.149014,0.128639,0.107931,0.0869064,0.0655822,0.0439784,0.0221106,0
0,0.013996,0.0281178,0.0423529,0.0566842,0.0710989,0.0855806,0.100114,0.114685,0.129276,0.143872,0.158456,0.173014,0.187528,0.201983,0.216361,0.230647,0.244824,0.258876,0.272787,0.286539,0.300118,0.313507,0.326689,0.33965,0.352372,0.364841,0.377042,0.388958,0.400575,0.411879,0.422854,0.433487,0.443763,0.453668,0.46319,0.472316,0.481032,0.489326,0.497187,0.504602,0.51156,0.518051,0.524064,0.529589,0.534617,0.539138,0.543143,0.546625,0.549575,0.551986,0.553852,0.555166,0.555922,0.556115,0.55574,0.554793,0.553269,0.551166,0.548481,0.545211,0.541355,0.536911,0.53188,0.526261,0.520054,0.51326,0.505882,0.497921,0.48938,0.480262,0.470572,0.460313,0.44949,0.43811,0.426178,0.413701,0.400686,0.387141,0.373074,0.358495,0.343413,0.327838,0.31178,0.295251,0.278263,0.260828,0.242958,0.224667,0.205968,0.186877,0.167408,0.147577,0.127399,0.10689,0.0860681,0.0649507,0.0435537,0.021898,0
0,0.0138433,0.0278126,0.0418917,0.0560684,0.0703261,0.084651,0.0990275,0.11344,0.127874,0.142313,0.156741,0.171143,0.185502,0.199802,0.214028,0.228163,0.24219,0.256095,0.26986,0.283469,0.296907,0.310158,0.323205,0.336033,0.348627,0.36097,0.373048,0.384845,0.396348,0.40754,0.418408,0.428937,0.439115,0.448926,0.458358,0.467398,0.476033,0.484252,0.492041,0.49939,0.506288,0.512723,0.518685,0.524164,0.529151,0.533637,0.537612,0.54107,0.544001,0.546399,0.548256,0.549568,0.550327,0.550528,0.550166,0.549238,0.54774,0.545667,0.543017,0.539789,0.53598,0.531589,0.526615,0.521059,0.514921,0.508201,0.500902,0.493026,0.484575,0.475552,0.465962,0.455808,0.445096,0.433832,0.42202,0.409669,0.396784,0.383374,0.369447,0.355013,0.340079,0.324657,0.308758,0.292391,0.275568,0.258303,0.240607,0.222494,0.203977,0.185072,0.165791,0.146152,0.126169,0.105858,0.0852378,0.0643233,0.0431341,0.0216862,0
0,0.0136935,0.0275102,0.0414378,0.0554599,0.0695638,0.0837336,0.0979548,0.112212,0.12649,0.140774,0.155048,0.169295,0.183501,0.19765,0.211725,0.22571,0.23959,0.253349,0.26697,0.280438,0.293736,0.30685,0.319764,0.332461,0.344926,0.357145,0.369101,0.380781,0.392169,0.403251,0.414013,0.42444,0.434519,0.444237,0.453579,0.462535,0.47109,0.479233,0.486951,0.494234,0.501071,0.50745,0.513361,0.518795,0.523741,0.528192,0.532137,0.53557,0.538482,0.540866,0.542715,0.544023,0.544784,0.544993,0.544645,0.543736,0.542262,0.540219,0.537604,0.534417,0.530654,0.526314,0.521398,0.515904,0.509833,0.503187,0.495967,0.488174,0.479812,0.470884,0.461393,0.451344,0.440741,0.429591,0.417899,0.405672,0.392916,0.37964,0.365852,0.35156,0.336774,0.321505,0.305761,0.289555,0.272897,0.2558,0.238277,0.22034,0.202004,0.183281,0.164188,0.144739,0.124949,0.104835,0.0844139,0.0637024,0.0427168,0.0214772,0
0,0.0135449,0.0272129,0.0409887,0.05486,0.0688111,0.0828281,0.096896,0.111,0.125125,0.139255,0.153376,0.167472,0.181526,0.195524,0.20945,0.223288,0.237022,0.250636,0.264115,0.277443,0.290604,0.303583,0.316364,0.328931,0.34127,0.353365,0.365201,0.376764,0.388039,0.399012,0.409668,0.419994,0.429975,0.4396,0.448854,0.457725,0.4662,0.474268,0.481916,0.489133,0.495909,0.502232,0.508093,0.513481,0.518387,0.522802,0.526717,0.530125,0.533017,0.535387,0.537228,0.538532,0.539296,0.539512,0.539177,0.538286,0.536835,0.534821,0.532242,0.529094,0.525376,0.521088,0.516228,0.510795,0.504792,0.498218,0.491075,0.483365,0.475091,0.466256,0.456864,0.446918,0.436424,0.425387,0.413814,0.401709,0.389082,0.375938,0.362287,0.348138,0.333498,0.318379,0.30279,0.286743,0.270248,0.253319,0.235967,0.218205,0.200047,0.181506,0.162598,0.143338,0.12374,0.103821,0.0835977,0.0630858,0.0423043,0.0212691,0
0,0.0133988,0.0269184,0.0405464,0.0542673,0.0680683,0.0819342,0.0958508,0.109803,0.123777,0.137756,0.151726,0.165671,0.179576,0.193426,0.207205,0.220897,0.234486,0.247958,0.261296,0.274486,0.28751,0.300355,0.313005,0.325444,0.337657,0.34963,0.361347,0.372794,0.383957,0.394821,0.405373,0.415598,0.425483,0.435015,0.444181,0.452968,0.461364,0.469357,0.476935,0.484087,0.490802,0.49707,0.50288,0.508222,0.513087,0.517467,0.521352,0.524735,0.527608,0.529963,0.531794,0.533095,0.53386,0.534083,0.533761,0.532887,0.53146,0.529475,0.526929,0.523821,0.520148,0.515909,0.511105,0.505733,0.499796,0.493294,0.486228,0.4786,0.470413,0.46167,0.452375,0.442531,0.432145,0.42122,0.409764,0.397782,0.385281,0.372269,0.358754,0.344745,0.33025,0.31528,0.299845,0.283955,0.267623,0.250859,0.233676,0.216088,0.198106,0.179747,0.161022,0.141949,0.122541,0.102816,0.0827879,0.0624754,0.0418943,0.0210635,0
0,0.0132541,0.0266286,0.0401089,0.0536827,0.0673348,0.0810518,0.094819,0.108622,0.122446,0.136275,0.150096,0.163893,0.177651,0.191354,0.204987,0.218535,0.231982,0.245312,0.258512,0.271564,0.284454,0.297166,0.309686,0.321998,0.334087,0.345938,0.357538,0.36887,0.379922,0.390679,0.401126,0.411251,0.421041,0.430481,0.439559,0.448263,0.45658,0.464499,0.472007,0.479094,0.485749,0.491961,0.49772,0.503017,0.507842,0.512186,0.516041,0.519399,0.522252,0.524592,0.526414,0.527711,0.528477,0.528707,0.528396,0.52754,0.526135,0.524178,0.521666,0.518596,0.514968,0.510779,0.506029,0.500718,0.494846,0.488414,0.481423,0.473877,0.465776,0.457124,0.447926,0.438184,0.427904,0.41709,0.40575,0.393888,0.381513,0.368631,0.355251,0.341381,0.32703,0.312208,0.296925,0.281192,0.26502,0.24842,0.231406,0.213989,0.196183,0.178002,0.15946,0.140572,0.121353,0.101819,0.0819856,0.0618695,0.0414887,0.0208591,0
0,0.0131117,0.0263417,0.0396778,0.0531051,0.0666109,0.0801806,0.0938002,0.107455,0.121131,0.134814,0.148487,0.162138,0.175749,0.189307,0.202797,0.216202,0.229508,0.242699,0.255761,0.268678,0.281434,0.294016,0.306407,0.318593,0.330559,0.34229,0.353773,0.364992,0.375934,0.386584,0.396928,0.406954,0.416648,0.425997,0.434988,0.443609,0.451848,0.459693,0.467132,0.474154,0.480749,0.486906,0.492615,0.497866,0.502651,0.50696,0.510784,0.514116,0.516949,0.519275,0.521087,0.522379,0.523146,0.523382,0.523083,0.522244,0.520861,0.518931,0.516452,0.513421,0.509835,0.505695,0.500999,0.495748,0.48994,0.483578,0.476663,0.469196,0.461181,0.45262,0.443516,0.433875,0.4237,0.412997,0.401771,0.390029,0.377779,0.365026,0.351779,0.338047,0.323839,0.309163,0.294031,0.278453,0.26244,0.246003,0.229155,0.211908,0.194276,0.176273,0.157911,0.139207,0.120175,0.100831,0.0811898,0.0612695,0.0410858,0.020657,0
0,0.0129706,0.0260591,0.0392514,0.0525352,0.0658959,0.0793203,0.0927942,0.106303,0.119834,0.13337,0.146898,0.160404,0.173871,0.187286,0.200633,0.213898,0.227064,0.240118,0.253043,0.265826,0.278451,0.290902,0.303166,0.315228,0.327072,0.338685,0.350052,0.361158,0.371991,0.382535,0.392778,0.402705,0.412305,0.421563,0.430468,0.439007,0.447168,0.454939,0.462309,0.469267,0.475802,0.481904,0.487563,0.492769,0.497513,0.501786,0.50558,0.508887,0.511699,0.51401,0.515812,0.5171,0.517868,0.51811,0.517821,0.516998,0.515637,0.513734,0.511287,0.508293,0.504751,0.500659,0.496016,0.490823,0.48508,0.478787,0.471945,0.464558,0.456627,0.448155,0.439146,0.429604,0.419533,0.408939,0.397828,0.386204,0.374077,0.361452,0.348338,0.334742,0.320675,0.306145,0.291162,0.275737,0.259882,0.243606,0.226923,0.209846,0.192386,0.174558,0.156376,0.137854,0.119007,0.0998509,0.0804013,0.0606741,0.040687,0.0204562,0
0,0.0128318,0.0257795,0.038831,0.051972,0.06519,0.0784708,0.0918008,0.105166,0.118552,0.131944,0.145329,0.158691,0.172017,0.18529,0.198496,0.211621,0.22465,0.237567,0.250359,0.263009,0.275503,0.287826,0.299964,0.311903,0.323626,0.335121,0.346374,0.357369,0.368093,0.378532,0.388674,0.398504,0.40801,0.417179,0.425998,0.434455,0.442539,0.450237,0.457538,0.464432,0.470908,0.476955,0.482564,0.487724,0.492428,0.496666,0.500429,0.503711,0.506503,0.508798,0.51059,0.511873,0.51264,0.512888,0.51261,0.511803,0.510463,0.508587,0.506171,0.503214,0.499714,0.49567,0.49108,0.485944,0.480264,0.474039,0.467271,0.459962,0.452114,0.443731,0.434815,0.425371,0.415404,0.404918,0.393919,0.382413,0.370408,0.357909,0.344926,0.331466,0.317539,0.303153,0.288318,0.273046,0.257346,0.241231,0.224711,0.207801,0.190512,0.172859,0.154854,0.136513,0.117849,0.0988797,0.0796192,0.0600844,0.0402911,0.0202575,0
0,0.0126943,0.0255039,0.0384152,0.0514162,0.0644927,0.0776318,0.0908197,0.104042,0.117286,0.130536,0.143779,0.157,0.170184,0.183318,0.196385,0.209373,0.222265,0.235048,0.247706,0.260225,0.27259,0.284786,0.2968,0.308616,0.320221,0.331599,0.342738,0.353622,0.364239,0.374575,0.384616,0.39435,0.403762,0.412842,0.421576,0.429952,0.437959,0.445585,0.452818,0.459648,0.466065,0.472057,0.477616,0.482732,0.487395,0.491597,0.49533,0.498586,0.501358,0.503638,0.505419,0.506697,0.507464,0.507717,0.507449,0.506658,0.505339,0.503488,0.501104,0.498183,0.494725,0.490727,0.486189,0.48111,0.475492,0.469335,0.462639,0.455408,0.447642,0.439347,0.430523,0.421177,0.411312,0.400932,0.390045,0.378656,0.366771,0.354398,0.341545,0.328219,0.31443,0.300187,0.285499,0.270377,0.254832,0.238876,0.222519,0.205774,0.188655,0.171174,0.153345,0.135183,0.116702,0.0979168,0.0788442,0.0594992,0.0398992,0.0200601,0
0,0.0125588,0.0252312,0.0380051,0.0508669,0.0638042,0.0768032,0.0898506,0.102933,0.116036,0.129145,0.142248,0.155329,0.168374,0.18137,0.1943,0.207151,0.219909,0.232558,0.245085,0.257474,0.269711,0.281782,0.293672,0.305368,0.316854,0.328117,0.339143,0.349918,0.360429,0.370662,0.380604,0.390241,0.399562,0.408553,0.417203,0.425499,0.433429,0.440983,0.448149,0.454915,0.461273,0.467211,0.47272,0.477791,0.482414,0.486581,0.490283,0.493514,0.496264,0.498529,0.5003,0.501572,0.502339,0.502596,0.502339,0.501562,0.500263,0.498438,0.496084,0.4932,0.489782,0.48583,0.481343,0.476321,0.470764,0.464674,0.45805,0.450895,0.443211,0.435002,0.42627,0.41702,0.407256,0.396983,0.386206,0.374932,0.363167,0.350918,0.338193,0.325001,0.311349,0.297247,0.282705,0.267733,0.252341,0.236541,0.220345,0.203765,0.186813,0.169504,0.151849,0.133864,0.115564,0.0969625,0.0780756,0.0589197,0.0395102,0.0198648,0
0,0.0124247,0.0249623,0.0375996,0.0503247,0.063124,0.0759847,0.0888934,0.101837,0.114801,0.127771,0.140735,0.153678,0.166586,0.179445,0.192239,0.204956,0.217581,0.230098,0.242494,0.254755,0.266866,0.278813,0.290581,0.302157,0.313527,0.324675,0.33559,0.346257,0.356662,0.366793,0.376636,0.386179,0.395408,0.404312,0.412878,0.421094,0.428949,0.436431,0.443529,0.450233,0.456532,0.462416,0.467875,0.472901,0.477484,0.481616,0.485288,0.488492,0.491222,0.493471,0.495231,0.496498,0.497264,0.497526,0.497278,0.496516,0.495237,0.493437,0.491113,0.488263,0.484886,0.480979,0.476543,0.471577,0.466081,0.460056,0.453502,0.446423,0.438821,0.430697,0.422056,0.412901,0.403237,0.393068,0.382401,0.371241,0.359595,0.347469,0.334872,0.321811,0.308295,0.294333,0.279935,0.265111,0.249871,0.234227,0.218191,0.201773,0.184988,0.167848,0.150367,0.132558,0.114436,0.0960163,0.0773141,0.0583447,0.0391251,0.019671,0
0,0.0122925,0.0246962,0.0371994,0.0497888,0.0624522,0.0751762,0.0879478,0.100754,0.11358,0.126414,0.139241,0.152048,0.16482,0.177543,0.190204,0.202787,0.21528,0.227667,0.239935,0.252069,0.264055,0.275878,0.287526,0.298984,0.310237,0.321273,0.332077,0.342637,0.352938,0.362968,0.372713,0.382162,0.3913,0.400117,0.4086,0.416736,0.424516,0.431927,0.438958,0.445599,0.45184,0.457671,0.463081,0.468062,0.472605,0.476701,0.480343,0.483522,0.486231,0.488464,0.490213,0.491473,0.492239,0.492505,0.492266,0.491519,0.490259,0.488483,0.486189,0.483373,0.480036,0.476174,0.471788,0.466877,0.46144,0.45548,0.448997,0.441993,0.43447,0.426431,0.41788,0.408819,0.399254,0.389189,0.378631,0.367583,0.356055,0.344051,0.33158,0.318649,0.305268,0.291445,0.27719,0.262512,0.247423,0.231934,0.216055,0.199799,0.183179,0.166207,0.148897,0.131262,0.113318,0.0950785,0.0765589,0.0577752,0.0387428,0.019479,0
0,0.0121617,0.0244338,0.0368037,0.0492596,0.0617884,0.0743775,0.0870137,0.099684,0.112375,0.125073,0.137765,0.150436,0.163074,0.175664,0.188192,0.200644,0.213006,0.225265,0.237405,0.249413,0.261276,0.272978,0.284506,0.295846,0.306985,0.317909,0.328604,0.339057,0.349255,0.359185,0.368834,0.378189,0.387237,0.395968,0.404368,0.412426,0.420131,0.427471,0.434436,0.441015,0.447198,0.452975,0.458336,0.463273,0.467776,0.471837,0.475448,0.478602,0.48129,0.483507,0.485245,0.486499,0.487264,0.487533,0.487303,0.48657,0.485328,0.483577,0.481311,0.47853,0.475232,0.471414,0.467077,0.46222,0.456843,0.450947,0.444534,0.437604,0.43016,0.422204,0.413741,0.404774,0.395307,0.385345,0.374894,0.363959,0.352546,0.340663,0.328317,0.315516,0.302268,0.288583,0.274469,0.259937,0.244997,0.22966,0.213938,0.197843,0.181386,0.16458,0.14744,0.129978,0.11221,0.0941488,0.0758105,0.0572103,0.0383643,0.0192885,0
0,0.0120326,0.0241742,0.0364132,0.0487367,0.0611327,0.0735883,0.0860908,0.098627,0.111184,0.123748,0.136306,0.148844,0.161349,0.173807,0.186204,0.198526,0.21076,0.222891,0.234905,0.246789,0.258529,0.270111,0.281521,0.292745,0.303771,0.314584,0.325171,0.335518,0.345614,0.355444,0.364997,0.374259,0.383219,0.391864,0.400182,0.408163,0.415793,0.423064,0.429963,0.43648,0.442605,0.448329,0.453641,0.458534,0.462997,0.467023,0.470604,0.473731,0.476399,0.478599,0.480326,0.481574,0.482337,0.48261,0.482389,0.481669,0.480446,0.478718,0.476481,0.473734,0.470474,0.4667,0.462411,0.457608,0.452289,0.446457,0.440111,0.433255,0.425889,0.418017,0.409641,0.400766,0.391397,0.381536,0.371191,0.360367,0.349069,0.337306,0.325084,0.312411,0.299295,0.285746,0.271772,0.257384,0.242592,0.227407,0.21184,0.195903,0.179608,0.162968,0.145996,0.128706,0.111111,0.0932274,0.0750686,0.0566506,0.0379888,0.0190999,0
0,0.0119049,0.023918,0.036027,0.0482201,0.0604848,0.0728086,0.0851789,0.0975827,0.110007,0.122439,0.134865,0.147271,0.159645,0.171972,0.184239,0.196433,0.208539,0.220544,0.232434,0.244195,0.255814,0.267277,0.27857,0.289679,0.300593,0.311296,0.321776,0.332019,0.342013,0.351745,0.361203,0.370374,0.379245,0.387805,0.396042,0.403945,0.411502,0.418703,0.425536,0.431992,0.43806,0.443731,0.448995,0.453843,0.458267,0.462258,0.465808,0.46891,0.471557,0.473741,0.475457,0.476698,0.47746,0.477736,0.477523,0.476816,0.475611,0.473906,0.471697,0.468983,0.465761,0.46203,0.457789,0.453039,0.447778,0.442008,0.43573,0.428946,0.421657,0.413867,0.405579,0.396795,0.387522,0.377762,0.367522,0.356807,0.345624,0.333979,0.321879,0.309333,0.296348,0.282934,0.2691,0.254855,0.240209,0.225174,0.209761,0.193981,0.177846,0.16137,0.144565,0.127444,0.110023,0.092314,0.0743333,0.0560956,0.0376169,0.0189128,0
0,0.011779,0.0236646,0.0356456,0.0477096,0.0598446,0.0720382,0.0842778,0.0965508,0.108844,0.121145,0.13344,0.145717,0.15796,0.170159,0.182298,0.194364,0.206344,0.218225,0.229991,0.241631,0.25313,0.264475,0.275652,0.286648,0.29745,0.308045,0.318419,0.328559,0.338453,0.348088,0.357451,0.36653,0.375314,0.38379,0.391947,0.399773,0.407257,0.414389,0.421157,0.427552,0.433563,0.439181,0.444397,0.449202,0.453586,0.457542,0.461062,0.464138,0.466764,0.468932,0.470636,0.471871,0.47263,0.472909,0.472704,0.47201,0.470823,0.46914,0.466959,0.464277,0.461093,0.457404,0.453211,0.448513,0.443309,0.437601,0.43139,0.424677,0.417465,0.409756,0.401553,0.392861,0.383682,0.374022,0.363886,0.35328,0.34221,0.330682,0.318704,0.306283,0.293428,0.280148,0.266451,0.252347,0.237847,0.222961,0.2077,0.192076,0.1761,0.159786,0.143146,0.126194,0.108944,0.0914088,0.0736044,0.0555458,0.0372481,0.0187275,0
