SPACE_POINTS_X
50,54.4485,58.5443,62.3192,65.8023,69.0206,71.9991,74.7607,77.327,79.7177,81.9513,84.0452,86.0156,87.8777,89.646,91.3341,92.955,94.5215,96.0455,97.5389,99.0132,100.48,101.95,103.436,104.948,106.498,108.099,109.763,111.502,113.33,115.261,117.311,119.494,121.829,124.332,127.024,129.925,133.058,136.446,140.117,144.099,148.422,153.12,158.229,163.789,169.843,176.437,183.624,191.458,200
SPACE_POINTS_Y
0,0.00318941,0.00645943,0.00989268,0.0135759,0.0176023,0.0220734,0.0271024,0.0328163,0.0393595,0.0468974,0.0556204,0.065749,0.0775393,0.0912889,0.107346,0.126115,0.148072,0.17377,0.20386,0.239102,0.280386,0.328755,0.385433,0.451851,0.529688,0.620912,0.727826,0.853133,1
VALUES
0,0,0,0,0,0,0,0,0,0,0,0,0,0,0,0,0,0,0,0,0,0,0,0,0,0,0,0,0,0
0.594302,0.604803,0.615411,0.626571,0.638469,0.651425,0.66574,0.681748,0.699817,0.720355,0.743801,0.770651,0.801454,0.836799,0.877325,0.923716,0.976682,1.03697,1.1053,1.1824,1.26881,1.36477,1.46964,1.58062,1.69701,1.85748,2.18095,1.97457,-1.56976,54.4485
1.10868,1.12907,1.14967,1.17132,1.19439,1.21949,1.24722,1.27821,1.31318,1.3529,1.39823,1.45012,1.50961,1.57785,1.65608,1.7456,1.84778,1.96409,2.09589,2.24461,2.41141,2.59702,2.80075,3.01711,3.23715,3.51362,4.15935,4.33302,-4.70341,58.5443
1.63778,1.66654,1.69561,1.72619,1.75881,1.79433,1.83358,1.8775,1.92707,1.98343,2.04779,2.12153,2.20614,2.30326,2.41466,2.54222,2.68792,2.85388,3.04207,3.25457,3.49315,3.75911,4.05228,4.36561,4.67976,5.03783,5.93704,6.86841,-6.51727,62.3192
2.20933,2.24538,2.28182,2.32016,2.36107,2.40561,2.45486,2.50996,2.57218,2.64294,2.72377,2.81639,2.92273,3.04487,3.18501,3.34556,3.52906,3.73817,3.97547,4.24361,4.54493,4.88141,5.2536,5.65417,6.05441,6.47229,7.54474,9.36427,-7.47308,65.8023
2.82794,2.87044,2.91338,2.95855,3.00673,3.0592,3.11718,3.18206,3.25532,3.3386,3.43375,3.54276,3.6679,3.81164,3.9766,4.16564,4.38176,4.62809,4.90776,5.22395,5.57959,5.9772,6.41832,6.8962,7.37502,7.84009,9.01829,11.7353,-7.86563,69.0206
3.48906,3.53727,3.58596,3.63718,3.6918,3.75123,3.8169,3.89034,3.97326,4.06749,4.17511,4.29837,4.43982,4.60226,4.78867,5.00224,5.24643,5.52481,5.8409,6.19845,6.60085,7.05118,7.55199,8.09774,8.64788,9.15289,10.3862,13.9544,-7.8853,71.9991
4.18484,4.23811,4.29191,4.34844,4.40873,4.4743,4.54673,4.6277,4.71906,4.82286,4.94137,5.07703,5.23266,5.41127,5.61621,5.85095,6.11927,6.4252,6.77261,7.16567,7.60826,8.10399,8.65633,9.26135,9.87584,10.4165,11.669,16.0198,-7.65681,74.7607
4.90694,4.96468,5.02294,5.08417,5.14943,5.22039,5.29874,5.38631,5.48506,5.59722,5.7252,5.87165,6.03958,6.23225,6.45315,6.70615,6.99524,7.32486,7.69919,8.12276,8.59992,9.13473,9.73154,10.3882,11.0605,11.6341,12.881,17.9405,-7.263,77.327
5.64778,5.70942,5.77163,5.83695,5.90656,5.98223,6.06576,6.15907,6.26425,6.38364,6.51984,6.67568,6.85428,7.05908,7.29382,7.56254,7.86953,8.21953,8.61702,9.06687,9.57374,10.1423,10.7775,11.4791,12.2033,12.8077,14.0326,19.7293,-6.7595,79.7177
6.40089,6.46594,6.53155,6.60047,6.67388,6.75365,6.84168,6.93999,7.05077,7.17646,7.31978,7.48372,7.67153,7.88686,8.13353,8.41582,8.73827,9.10578,9.52322,9.99573,10.5283,11.1259,11.7944,12.5353,13.3058,13.9395,15.1317,21.4,-6.18394,81.9513
7.16141,7.22941,7.29797,7.36999,7.44668,7.53,7.62193,7.72457,7.84018,7.97133,8.12081,8.29174,8.48751,8.7119,8.96892,9.26289,9.59865,9.98132,10.4159,10.908,11.4628,12.0856,12.7831,13.5582,14.3704,15.0318,16.1846,22.9663,-5.56179,84.0452
7.92576,7.9963,8.06742,8.1421,8.22163,8.30802,8.40331,8.50966,8.62945,8.76533,8.92014,9.09708,9.29971,9.5319,9.79782,10.1019,10.4492,10.8449,11.2944,11.8034,12.3774,13.0222,13.7449,14.5501,15.3996,16.0875,17.1969,24.4409,-4.91017,86.0156
8.6918,8.76453,8.83785,8.91478,8.99674,9.08575,9.1839,9.29346,9.41688,9.5568,9.71622,9.89835,10.1069,10.3458,10.6194,10.9322,11.2894,11.6964,12.1588,12.6825,13.2733,13.9373,14.6821,15.5137,16.3969,17.1099,18.1737,25.836,-4.24029,87.8777
9.45862,9.5332,9.6084,9.68732,9.77132,9.86255,9.96319,10.0755,10.202,10.3453,10.5087,10.6953,10.909,11.1537,11.4339,11.7542,12.12,12.5368,13.0103,13.5468,14.1523,14.8331,15.5974,16.4525,17.3659,18.1031,19.1202,27.1628,-3.55919,89.646
10.2265,10.3027,10.3795,10.46,10.5458,10.6389,10.7416,10.8562,10.9853,11.1317,11.2984,11.4889,11.7069,11.9566,12.2425,12.5693,12.9424,13.3678,13.851,14.3987,15.0171,15.7126,16.4941,17.37,18.3111,19.0713,20.0414,28.432,-2.87085,91.3341
10.9967,11.0741,11.1522,11.2342,11.3214,11.4162,11.5207,11.6373,11.7686,11.9174,12.087,12.2807,12.5025,12.7564,13.0472,13.3796,13.7592,14.1919,14.6836,15.2411,15.8708,16.5794,17.3762,18.2708,19.2369,20.0193,20.9425,29.6537,-2.17696,92.955
11.7712,11.8498,11.929,12.0121,12.1006,12.1967,12.3027,12.4209,12.5541,12.7051,12.8771,13.0735,13.2984,13.5561,13.851,14.1883,14.5733,15.0124,15.5115,16.0776,16.7173,17.4376,18.248,19.1593,20.1485,20.9523,21.8289,30.8374,-1.4775,94.5215
12.5533,12.6328,12.7129,12.7969,12.8864,12.9836,13.0908,13.2104,13.3451,13.4979,13.6719,13.8707,14.0982,14.3589,14.6574,14.9988,15.3886,15.8333,16.3388,16.9124,17.561,18.2917,19.1143,20.0408,21.0513,21.8757,22.706,31.9926,-0.771101,96.0455
13.3466,13.4267,13.5075,13.5924,13.6827,13.7808,13.8889,14.0097,14.1456,14.2998,14.4755,14.6762,14.906,15.1693,15.4708,15.8156,16.2096,16.659,17.1701,17.7504,18.4068,19.1467,19.9804,20.9207,21.9509,22.7955,23.5797,33.1282,-0.0553002,97.5389
14.1557,14.2364,14.3177,14.4031,14.494,14.5928,14.7018,14.8234,14.9603,15.1156,15.2926,15.4949,15.7265,15.9919,16.2959,16.6437,17.041,17.4946,18.0106,18.5967,19.2601,20.0084,20.8521,21.805,22.8535,23.7177,24.4562,34.2533,0.673268,99.0132
14.9857,15.0668,15.1485,15.2343,15.3257,15.425,15.5345,15.6568,15.7944,15.9506,16.1286,16.3321,16.5651,16.8322,17.1382,17.4884,17.8887,18.3457,18.866,19.4571,20.1267,20.8825,21.7353,22.6997,23.7655,24.6491,25.3417,35.3768,1.41876,100.48
15.8428,15.924,16.006,16.0921,16.1837,16.2833,16.3932,16.5159,16.6541,16.8109,16.9896,17.194,17.428,17.6964,18.004,18.3561,18.7587,19.2186,19.7425,20.3381,21.0131,21.7756,22.6367,23.6118,24.6938,25.5966,26.2431,36.5076,2.18606,101.95
16.7335,16.8149,16.8969,16.9831,17.0748,17.1745,17.2846,17.4075,17.546,17.7031,17.8823,18.0872,18.3219,18.5912,18.8999,19.2535,19.6579,20.1202,20.647,21.2464,21.9262,22.6947,23.5634,24.5482,25.6456,26.5675,27.1675,37.6549,2.98074,103.436
17.6655,17.7468,17.8287,17.9148,18.0065,18.1062,18.2162,18.3391,18.4776,18.6348,18.8141,19.0192,19.2543,19.5241,19.8335,20.1881,20.5938,21.0578,21.587,22.1896,22.8735,23.6474,24.5229,25.5168,26.6289,27.5699,28.1227,38.828,3.80906,104.948
18.6472,18.7282,18.8099,18.8957,18.9872,19.0866,19.1964,19.319,19.4573,19.6143,19.7934,19.9984,20.2334,20.5033,20.813,21.168,21.5745,22.0398,22.5708,23.1758,23.8633,24.6419,25.5236,26.5258,27.6518,28.612,29.1167,40.0367,4.67801,106.498
19.6876,19.7682,19.8495,19.9348,20.0259,20.1249,20.2342,20.3564,20.4942,20.6507,20.8293,21.0337,21.2684,21.5379,21.8474,22.2023,22.6091,23.0749,23.6071,24.2141,24.9044,25.687,26.5743,27.5842,28.7234,29.7031,30.1585,41.291,5.59532,108.099
20.7972,20.8772,20.9579,21.0426,21.133,21.2314,21.34,21.4614,21.5984,21.7541,21.9319,22.1354,22.3691,22.6379,22.9466,23.301,23.7074,24.1732,24.7059,25.3142,26.0066,26.7926,27.6847,28.7016,29.8535,30.8528,31.2576,42.6016,6.56957,109.763
21.9875,22.0666,22.1464,22.2303,22.3199,22.4173,22.5249,22.6453,22.7812,22.9357,23.1123,23.3145,23.5469,23.8142,24.1217,24.4749,24.8803,25.3454,25.878,26.4867,27.1806,27.9692,28.8654,29.8886,31.0525,32.0718,32.4243,43.9797,7.61022,111.502
23.2708,23.3488,23.4276,23.5104,23.5989,23.695,23.8015,23.9206,24.055,24.208,24.3829,24.5834,24.8138,25.0793,25.3848,25.7362,26.1398,26.6035,27.135,27.7435,28.438,29.2284,30.1281,31.1568,32.332,33.3717,33.67,45.4376,8.72779,113.33
24.6613,24.738,24.8154,24.8968,24.9839,25.0787,25.1836,25.3009,25.4335,25.5845,25.7573,25.9555,26.1835,26.4463,26.7493,27.098,27.4991,27.9606,28.4902,29.0975,29.7917,30.5831,31.4853,32.5188,33.7046,34.7651,35.0072,46.9881,9.93392,115.261
26.1742,26.2493,26.3253,26.4051,26.4904,26.5834,26.6863,26.8017,26.932,27.0805,27.2506,27.4459,27.6708,27.9304,28.2299,28.5752,28.9728,29.4311,29.9579,30.563,31.256,32.0473,32.9512,33.9884,35.184,36.2657,36.4494,48.6453,11.2415,117.311
27.8269,27.9,27.974,28.0519,28.1353,28.2261,28.3267,28.4395,28.5672,28.7127,28.8794,29.0712,29.2924,29.5478,29.8431,30.184,30.5773,31.0312,31.5541,32.1558,32.8464,33.6366,34.5411,35.5811,36.7856,37.8889,38.0116,50.4246,12.665,119.494
29.6379,29.7088,29.7806,29.8562,29.9372,30.0254,30.1233,30.2332,30.3576,30.4995,30.6624,30.8498,31.0663,31.317,31.607,31.9425,32.3301,32.7786,33.2963,33.8934,34.5804,35.3682,36.2721,37.3138,38.526,39.6513,39.7107,52.3426,14.2205,121.829
31.6282,31.6965,31.7657,31.8386,31.9167,32.002,32.0966,32.203,32.3236,32.4613,32.6196,32.8021,33.013,33.2577,33.5415,33.8704,34.2512,34.6929,35.204,35.7951,36.4771,37.2611,38.1631,39.2051,40.424,41.5715,41.5649,54.4177,15.9258,124.332
33.8202,33.8855,33.9517,34.0216,34.0965,34.1784,34.2693,34.3716,34.4877,34.6206,34.7735,34.9502,35.1547,35.3924,35.6687,35.9897,36.3624,36.7958,37.2989,37.8824,38.5577,39.3364,40.235,41.2759,42.4999,43.6699,43.5946,56.6701,17.801,127.024
36.2386,36.3006,36.3634,36.4298,36.5011,36.579,36.6658,36.7635,36.8746,37.0019,37.1487,37.3186,37.5158,37.7453,38.0129,38.3246,38.6877,39.1112,39.6046,40.1788,40.8457,41.6174,42.5109,43.5492,44.7767,45.9692,45.8228,59.122,19.8686,129.925
38.9107,38.9689,39.0279,39.0905,39.1576,39.2312,39.3132,39.4057,39.5111,39.6322,39.772,39.9342,40.1229,40.3432,40.6008,40.9017,41.2535,41.6655,42.1473,42.7105,43.3671,44.13,45.0166,46.0504,47.2797,48.4947,48.2744,61.7979,22.1538,133.058
41.8651,41.9192,41.9741,42.0324,42.0949,42.1637,42.2405,42.3273,42.4264,42.5404,42.6724,42.8259,43.0051,43.2151,43.4613,43.75,44.0889,44.4875,44.956,45.5061,46.1504,46.9025,47.7803,48.8077,50.0367,51.274,50.9775,64.725,24.6847,136.446
45.1331,45.1826,45.2332,45.2866,45.3446,45.4079,45.4791,45.5596,45.6516,45.7579,45.8814,46.0256,46.1942,46.3926,46.6261,46.9011,47.2254,47.6089,48.0622,48.5972,49.2273,49.9664,50.8334,51.8525,53.079,54.338,53.9633,67.9334,27.4931,140.117
48.7479,48.7926,48.8383,48.8869,48.9394,48.9973,49.0622,49.1361,49.2208,49.3185,49.4328,49.5667,49.724,49.9098,50.1295,50.3894,50.6976,51.0642,51.5004,52.0184,52.6321,53.3563,54.2105,55.2191,56.4409,57.721,57.2665,71.4563,30.6146,144.099
52.7438,52.7836,52.8245,52.868,52.9151,52.967,53.0257,53.0926,53.1695,53.2587,53.3631,53.4858,53.6311,53.8036,54.0087,54.2524,54.5428,54.8908,55.3082,55.8074,56.4028,57.1101,57.9496,58.9458,60.1604,61.4607,60.9253,75.3303,34.0892,148.422
57.1581,57.1929,57.2286,57.2668,57.3084,57.3543,57.4064,57.466,57.535,57.6155,57.7101,57.8216,57.9543,58.1131,58.3029,58.5296,58.8012,59.1293,59.5262,60.0052,60.5808,61.2694,62.0923,63.0744,64.2796,65.5989,64.9823,79.5962,37.9618,153.12
62.0283,62.0582,62.0891,62.1219,62.1581,62.1982,62.2439,62.2963,62.3571,62.4287,62.5133,62.6139,62.7344,62.8795,63.0543,63.2639,63.516,63.823,64.1988,64.6562,65.2109,65.8795,66.6843,67.6509,68.8447,70.1818,69.4847,84.2983,42.2826,158.229
67.3943,67.4195,67.4455,67.4737,67.5043,67.5387,67.5781,67.6237,67.6769,67.7398,67.8149,67.9049,68.0137,68.146,68.3068,68.501,68.7338,69.0186,69.3728,69.8085,70.3416,70.9896,71.7758,72.7259,73.9065,75.2599,74.4849,89.4858,47.1083,163.789
73.299,73.3201,73.342,73.3654,73.3913,73.4205,73.4538,73.4927,73.5382,73.5925,73.6581,73.7377,73.8351,73.9558,74.1054,74.2879,74.5045,74.7664,75.0993,75.5138,76.0259,76.6536,77.4209,78.3546,79.5207,80.889,80.0404,95.2121,52.5021,169.843
79.787,79.8044,79.8225,79.8418,79.8636,79.888,79.9162,79.9488,79.9875,80.034,80.0903,80.1595,80.2452,80.3543,80.4944,80.6718,80.8808,81.1198,81.4329,81.8274,82.3202,82.9292,83.679,84.5972,85.7491,87.1302,86.2154,101.536,58.535,176.437
86.9078,86.9222,86.9374,86.9534,86.9716,86.9919,87.016,87.044,87.077,87.1169,87.1652,87.2239,87.2974,87.3917,87.5181,87.6954,87.919,88.1361,88.4315,88.8095,89.2861,89.8795,90.6145,91.5194,92.6586,94.0502,93.0807,108.52,65.2864,183.624
94.7137,94.7263,94.7394,94.7537,94.7697,94.7877,94.8086,94.8336,94.8631,94.8982,94.9408,94.9921,95.055,95.133,95.2309,95.3872,95.6764,95.8754,96.158,96.5246,96.99,97.5725,98.2974,99.1929,100.323,101.722,100.715,116.233,72.8449,191.458
103.261,103.273,103.285,103.299,103.314,103.331,103.351,103.375,103.404,103.437,103.478,103.527,103.586,103.659,103.747,103.747,104.207,104.4,104.679,105.041,105.503,106.082,106.803,107.696,108.823,110.224,109.205,124.75,81.3096,200.014
