SPACE_POINTS_X
0,0.125975,0.25195,0.377925,0.5039,0.629874,0.755849,0.881824,1.0078,1.13377,1.25975,1.38572,1.5117,1.63767,1.76365,1.88962,2.0156,2.14157,2.26755,2.39352,2.5195,2.64547,2.77145,2.89742,3.0234,3.14937,3.27535,3.40132,3.5273,3.65327,3.77925,3.90522,4.0312,4.15717,4.28315,4.40912,4.5351,4.66107,4.78705,4.91302,5.039,5.16497,5.29095,5.41692,5.5429,5.66887,5.79485,5.92082,6.04679,6.17277,6.29874,6.42472,6.55069,6.67667,6.80264,6.92862,7.05459,7.18057,7.30654,7.43252,7.55849,7.68447,7.81044,7.93642,8.06239,8.18837,8.31434,8.44032,8.56629,8.69227,8.81824,8.94422,9.07019,9.19617,9.32214,9.44812,9.57409,9.70007,9.82604,9.95202,10.078,10.204,10.3299,10.4559,10.5819,10.7079,10.8338,10.9598,11.0858,11.2118,11.3377,11.4637,11.5897,11.7157,11.8416,11.9676,12.0936,12.2196,12.3455,12.4715,12.5975,12.7235,12.8494,12.9754,13.1014,13.2274,13.3533,13.4793,13.6053,13.7313,13.8572,13.9832,14.1092,14.2352,14.3611,14.4871,14.6131,14.7391,14.865,14.991,15.117,15.243,15.3689,15.4949,15.6209,15.7469,15.8728,15.9988,16.1248,16.2508,16.3767,16.5027,16.6287,16.7547,16.8806,17.0066,17.1326,17.2586,17.3845,17.5105,17.6365,17.7625,17.8884,18.0144,18.1404,18.2664,18.3923,18.5183,18.6443,18.7703
SPACE_POINTS_Y
0,0.0079599,0.0159198,0.0238797,0.0318396,0.0397995,0.0477594,0.0557193,0.0636792,0.0716391,0.079599,0.0875589,0.0955188,0.103479,0.111439,0.119399,0.127358,0.135318,0.143278,0.151238,0.159198,0.167158,0.175118,0.183078,0.191038,0.198998,0.206958,0.214917,0.222877,0.230837,0.238797,0.246757,0.254717,0.262677,0.270637,0.278597,0.286557,0.294516,0.302476,0.310436,0.318396,0.326356,0.334316,0.342276,0.350236,0.358196,0.366156,0.374115,0.382075,0.390035
VALUES
0,0,0,0,0,0,0,0,0,0,0,0,0,0,0,0,0,0,0,0,0,0,0,0,0,0,0,0,0,0,0,0,0,0,0,0,0,0,0,0,0,0,0,0,0,0,0,0,0,0
0,-2.12999e-13,2.21394e-13,5.02092e-14,2.7953e-13,2.55615e-13,8.66764e-14,1.23393e-13,-2.23264e-13,-1.86886e-13,-3.18277e-13,-2.34048e-13,-3.05575e-14,7.48889e-14,3.10654e-13,2.73119e-13,2.20372e-13,2.64619e-14,-1.86046e-13,-2.6099e-13,-2.66208e-13,-8.5e-14,9.13041e-14,2.24624e-13,2.2572e-13,8.86775e-14,-6.75267e-14,-1.82208e-13,-1.57709e-13,-4.55577e-14,8.17262e-14,1.331e-13,8.05993e-14,-1.53554e-14,-8.29661e-14,-6.90091e-14,-6.63996e-15,4.63031e-14,4.43016e-14,5.07107e-15,-2.64094e-14,-2.20744e-14,1.87543e-15,1.43204e-14,6.38452e-15,-4.57409e-15,-4.57395e-15,5.86954e-16,1.25245e-15,0
0,-8.31895e-11,-5.00138e-11,-8.89599e-12,-3.74564e-11,7.54565e-11,2.25969e-11,8.61573e-11,4.81057e-11,5.93402e-12,2.54056e-12,-7.92444e-11,-4.43767e-11,-6.63299e-11,-1.69752e-11,2.75145e-11,4.03501e-11,7.18649e-11,2.77987e-11,9.49176e-12,-3.49687e-11,-5.04405e-11,-3.47876e-11,-1.5144e-11,2.58438e-11,3.31417e-11,3.1277e-11,5.51229e-12,-1.80044e-11,-2.44841e-11,-1.78857e-11,3.8537e-12,1.39498e-11,1.58094e-11,2.68017e-12,-6.98204e-12,-1.01232e-11,-3.25453e-12,3.68317e-12,5.55553e-12,1.62707e-12,-2.29612e-12,-2.53531e-12,-1.16056e-13,1.32766e-12,6.43523e-13,-3.79797e-13,-3.36859e-13,5.00236e-14,0
0,2.71281e-09,-1.06981e-08,-4.28163e-10,-1.10582e-08,-2.50395e-09,-4.24388e-10,-7.32318e-10,1.00401e-08,1.74944e-09,8.94222e-09,5.15084e-10,-1.78116e-09,-2.43109e-09,-8.67046e-09,-1.19351e-09,-4.08076e-09,3.37611e-09,3.74962e-09,3.526e-09,3.74668e-09,-1.93284e-09,-1.24814e-09,-4.17965e-09,-1.6354e-09,1.41503e-10,1.32192e-09,2.88159e-09,4.13982e-10,4.3286e-10,-1.99482e-09,-7.0793e-10,-7.31691e-10,8.74738e-10,6.59269e-10,5.25719e-10,-2.98391e-10,-4.39946e-10,-2.80264e-10,1.2825e-10,2.4706e-10,1.08223e-10,-8.69117e-11,-1.09737e-10,-1.11923e-11,4.95132e-11,2.08712e-11,-1.36378e-11,-6.86503e-12,0
0,7.92864e-07,-8.70578e-08,9.87162e-08,-8.9312e-08,-6.0839e-07,2.62118e-08,-6.04598e-07,1.67755e-07,6.3589e-08,1.43174e-07,6.21559e-07,-1.18248e-07,4.98533e-07,-3.66059e-07,-1.11945e-08,-2.55431e-07,-2.43786e-07,1.40347e-07,-8.30386e-08,3.2194e-07,5.95804e-08,6.30072e-08,3.13284e-08,-2.40457e-07,7.52941e-08,-2.24496e-07,2.08461e-07,-9.00642e-08,1.81084e-07,-9.03722e-08,3.92994e-08,-9.18448e-08,1.10228e-08,-1.281e-08,3.38872e-08,6.70027e-09,6.70842e-10,-1.43864e-08,-6.81094e-09,1.52087e-09,6.76291e-09,3.30401e-09,-1.1102e-09,-1.84812e-09,2.53651e-10,1.13757e-09,1.9887e-10,-4.00903e-10,0
0,3.40517e-05,2.19023e-05,1.92163e-05,2.3376e-05,5.07617e-06,2.65563e-06,8.15532e-06,-2.0004e-05,2.68827e-05,-2.39978e-05,4.07674e-05,-1.00648e-05,3.25131e-05,4.34983e-06,9.39777e-06,7.70632e-06,-3.89859e-06,3.18296e-06,4.96393e-06,-3.62699e-06,2.21679e-05,-1.23807e-05,2.86401e-05,-2.00117e-05,2.36501e-05,-1.92948e-05,1.73897e-05,-1.108e-05,1.2294e-05,-4.58413e-06,6.11176e-06,-2.71607e-06,1.69137e-06,-1.3207e-06,7.82624e-07,-8.14246e-08,2.81441e-07,-3.45621e-07,-4.12282e-07,-4.47724e-07,-2.60849e-07,-1.72244e-07,-1.53617e-07,-1.46463e-07,-7.44594e-08,2.02039e-08,7.17682e-08,6.33406e-08,0
0,0.00221827,0.000468441,0.00243936,0.000422237,0.00273466,-0.000154206,0.00288243,-0.000690388,0.00274927,-0.000616065,0.00238382,-4.5741e-06,0.00197531,0.000493478,0.00174363,0.000379019,0.00182289,-0.000184487,0.00214251,-0.00066276,0.00240383,-0.00076397,0.00230247,-0.000578794,0.00183813,-0.000279949,0.00129437,2.962e-05,0.000889022,0.000245763,0.000614365,0.000307925,0.00041633,0.000277676,0.000291035,0.000227381,0.000206812,0.000162024,0.000128354,9.25918e-05,6.39734e-05,3.83543e-05,1.63201e-05,-2.3322e-06,-1.57883e-05,-2.28913e-05,-2.31041e-05,-1.58683e-05,0
0,0.112808,6.95698e-06,0.118749,-0.0015407,0.124863,-0.00354253,0.124103,-0.0024179,0.115054,0.00352222,0.103776,0.0106892,0.0980821,0.0127622,0.100153,0.00744731,0.105178,-0.000172012,0.106425,-0.00222265,0.100426,0.00435015,0.0880344,0.0158038,0.072819,0.026476,0.0589553,0.0334855,0.0489265,0.0366637,0.0423984,0.0366977,0.0377012,0.0346486,0.0337528,0.0316185,0.0300348,0.0280485,0.0261008,0.02398,0.0217945,0.0195,0.017103,0.0145835,0.0119386,0.00916495,0.00625715,0.00320521,0
-2.92405e-13,1.84114,-0.0213111,1.85898,-0.0168464,1.86416,0.0235464,1.82514,0.0918796,1.74751,0.161197,1.67638,0.201864,1.65274,0.206722,1.66799,0.203143,1.66806,0.23668,1.60387,0.336201,1.47274,0.489993,1.3126,0.6547,1.16731,0.788287,1.06231,0.875081,1.00155,0.923186,0.974428,0.947244,0.965937,0.958715,0.965582,0.965265,0.968831,0.970748,0.973592,0.976136,0.978954,0.981853,0.984938,0.988161,0.991529,0.995054,0.998754,1.00264,1.00671
-2.92405e-13,1.95361,-0.0260219,1.96806,-0.0202264,1.96777,0.0279059,1.92381,0.104068,1.84444,0.174255,1.77549,0.208457,1.75573,0.206552,1.77218,0.20344,1.76694,0.245902,1.69053,0.358096,1.54413,0.523066,1.37089,0.695077,1.21728,0.831895,1.10769,0.918576,1.04385,0.96463,1.01413,0.986047,1.00309,0.994637,0.999815,0.997896,0.999646,0.999726,1.00061,1.00109,1.00172,1.00229,1.00292,1.00355,1.00418,1.00481,1.00544,1.00608,1.00671
-2.92405e-13,1.95941,-0.0258839,1.97306,-0.0198963,1.97185,0.0284125,1.92767,0.104551,1.84892,0.174408,1.7808,0.208138,1.76127,0.206031,1.77714,0.203306,1.77095,0.246631,1.69368,0.359649,1.54662,0.524997,1.3729,0.696999,1.21902,0.833703,1.10933,0.920264,1.04541,0.966148,1.01553,0.987368,1.00432,0.995791,1.00089,0.998885,1.00054,1.00053,1.00132,1.00172,1.00226,1.00275,1.00329,1.00384,1.0044,1.00496,1.00553,1.00611,1.00671
-2.92405e-13,1.95965,-0.0258103,1.97326,-0.0198063,1.97202,0.0284481,1.92783,0.104514,1.84914,0.174344,1.78106,0.2081,1.76153,0.206032,1.77734,0.203337,1.77107,0.246684,1.69376,0.359728,1.5467,0.525088,1.37298,0.697079,1.21909,0.833763,1.10939,0.920321,1.04547,0.966202,1.01558,0.987413,1.00436,0.995828,1.00092,0.998915,1.00057,1.00055,1.00134,1.00174,1.00227,1.00276,1.0033,1.00385,1.00441,1.00496,1.00553,1.00612,1.00671
-2.92405e-13,1.95977,-0.0257594,1.97336,-0.0197541,1.9721,0.0284461,1.92793,0.104456,1.84926,0.174281,1.78119,0.208079,1.76164,0.206048,1.7774,0.203351,1.77112,0.246669,1.69383,0.359687,1.5468,0.525034,1.37309,0.697019,1.21918,0.833713,1.10945,0.920292,1.04551,0.966191,1.0156,0.987408,1.00437,0.995824,1.00092,0.998914,1.00057,1.00055,1.00134,1.00173,1.00227,1.00276,1.0033,1.00385,1.0044,1.00496,1.00553,1.00612,1.00671
-2.92405e-13,1.96209,-0.0253677,1.97587,-0.0194062,1.97483,0.0283071,1.93075,0.103868,1.85194,0.173751,1.78358,0.20803,1.76371,0.206351,1.7793,0.203481,1.77308,0.246287,1.69603,0.358912,1.54916,0.524217,1.37527,0.696396,1.22087,0.833375,1.11061,0.920244,1.04627,0.966339,1.01609,0.987607,1.00467,0.995995,1.00111,0.999046,1.00069,1.00063,1.0014,1.00177,1.00229,1.00277,1.0033,1.00385,1.0044,1.00496,1.00553,1.00612,1.00671
-2.92405e-13,2.00008,-0.0245398,2.01622,-0.0191948,2.01775,0.0267511,1.97372,0.101499,1.89177,0.173071,1.81918,0.210357,1.79683,0.209905,1.81271,0.204853,1.80813,0.24393,1.73181,0.354742,1.58322,0.521678,1.40493,0.697574,1.24456,0.838198,1.12856,0.92754,1.05996,0.974741,1.02689,0.995857,1.01332,1.00328,1.00803,1.00508,1.00611,1.00531,1.0054,1.00507,1.00494,1.0048,1.00477,1.0048,1.00492,1.00514,1.0055,1.00601,1.00671
-2.92405e-13,2.33499,-0.0282721,2.36005,-0.0246927,2.36918,0.0240633,2.31959,0.108515,2.21795,0.194422,2.12394,0.242881,2.09246,0.243117,2.11298,0.229626,2.11442,0.262367,2.03143,0.380979,1.85911,0.571798,1.64597,0.778311,1.44913,0.944686,1.30261,1.0495,1.21249,1.10262,1.16528,1.12267,1.14118,1.12444,1.12626,1.1179,1.11429,1.1079,1.10218,1.09542,1.08837,1.0807,1.07249,1.0636,1.05399,1.04357,1.03228,1.02003,1.00671
-5.19378e-11,3.54808,-0.0420679,3.5806,-0.0328496,3.58834,0.0470962,3.51244,0.180419,3.36436,0.313439,3.22986,0.389679,3.18611,0.397926,3.21546,0.392771,3.21411,0.461162,3.08861,0.656299,2.83512,0.954149,2.52752,1.2716,2.25022,1.52877,2.05126,1.69614,1.93733,1.7897,1.88801,1.83788,1.87472,1.86272,1.87747,1.87884,1.88773,1.89376,1.90178,1.90953,1.91809,1.92716,1.93697,1.94749,1.95877,1.9709,1.98399,1.99813,2.01342
-5.19378e-11,3.86059,-0.0504273,3.89084,-0.0392312,3.89237,0.0545084,3.80627,0.204274,3.64817,0.344478,3.50965,0.415285,3.46906,0.414109,3.50183,0.408132,3.49345,0.49031,3.34528,0.710414,3.05856,1.0363,2.71781,1.37742,2.41483,1.6496,2.19848,1.82286,2.0729,1.91582,2.01517,1.95991,1.99464,1.97852,1.98965,1.98662,1.99095,1.99194,1.99454,1.99634,1.99842,2.00039,2.00244,2.00446,2.00643,2.00832,2.01013,2.01185,2.01342
-5.19378e-11,3.91175,-0.0518071,3.93969,-0.0399625,3.93804,0.056446,3.84995,0.208645,3.69208,0.348597,3.55522,0.416548,3.51593,0.412683,3.54807,0.407078,3.5365,0.493037,3.38288,0.718254,3.08966,1.04842,2.74301,1.39223,2.43583,1.66562,2.21677,1.83883,2.08918,1.93078,2.02966,1.97346,2.00749,1.99053,2.00083,1.99692,2.00035,2.00043,2.00211,2.003,2.00415,2.00521,2.00637,2.00754,2.0087,2.00986,2.01103,2.01222,2.01342
-5.19378e-11,3.91867,-0.0516337,3.94598,-0.0396565,3.94359,0.056816,3.85526,0.208953,3.6978,0.348666,3.56154,0.41626,3.52242,0.412165,3.55408,0.406716,3.54169,0.493277,3.38725,0.719218,3.09325,1.04986,2.74588,1.39384,2.43812,1.66726,2.21871,1.84043,2.09085,1.93224,2.03106,1.9747,2.00864,1.99156,2.00177,1.99776,2.00108,2.00106,2.00264,2.00344,2.00452,2.0055,2.00659,2.00769,2.0088,2.00992,2.01106,2.01223,2.01342
-5.19378e-11,3.92161,-0.0512104,3.94901,-0.0392554,3.94674,0.0567349,3.85846,0.208396,3.70092,0.348114,3.56449,0.416112,3.52511,0.412306,3.55656,0.406686,3.5441,0.492814,3.38975,0.718487,3.0958,1.04916,2.74816,1.39334,2.43987,1.66701,2.2199,1.84045,2.09165,1.93243,2.03158,1.97492,2.00895,1.99174,2.00196,1.9979,2.0012,2.00114,2.0027,2.00348,2.00454,2.00552,2.0066,2.0077,2.00881,2.00992,2.01106,2.01223,2.01342
-5.19378e-11,3.94197,-0.0504556,3.9707,-0.0388576,3.96991,0.0557848,3.88173,0.206565,3.72252,0.347055,3.58374,0.416839,3.5429,0.413808,3.57436,0.406815,3.56275,0.490506,3.40891,0.714828,3.11416,1.0462,2.76408,1.39234,2.45227,1.66802,2.22886,1.84289,2.09804,1.93557,2.03623,1.97801,2.01233,1.99432,2.0044,1.99986,2.0029,2.00249,2.00377,2.00427,2.0051,2.00588,2.00681,2.00779,2.00882,2.0099,2.01104,2.01222,2.01342
-5.19378e-11,4.06574,-0.0507828,4.09915,-0.0403817,4.1029,0.0531908,4.01334,0.205601,3.84587,0.351261,3.69723,0.42652,3.65146,0.424396,3.68436,0.412564,3.67588,0.490446,3.52077,0.714527,3.21764,1.05328,2.85348,1.41065,2.52551,1.69617,2.28765,1.87689,2.1461,1.97142,2.07682,2.01256,2.0471,2.02549,2.03394,2.02662,2.02736,2.0243,2.02298,2.02078,2.01893,2.01705,2.0154,2.01394,2.01274,2.01193,2.01165,2.01208,2.01342
-5.19378e-11,4.51246,-0.0558603,4.55378,-0.0459977,4.5631,0.0545606,4.46523,0.222113,4.27545,0.386316,4.10388,0.47475,4.04882,0.474628,4.08635,0.457701,4.08196,0.536151,3.9151,0.777805,3.58098,1.15107,3.17494,1.5486,2.80579,1.86718,2.53535,2.06826,2.37212,2.17181,2.28955,2.21394,2.25045,2.22254,2.22844,2.21578,2.2117,2.2025,2.19439,2.18423,2.17324,2.16078,2.14688,2.13117,2.11337,2.09313,2.07008,2.04371,2.01342
7.47546e-09,5.30572,-0.0652019,5.35194,-0.0511397,5.36034,0.0711782,5.24524,0.272363,5.02516,0.468849,4.82749,0.576817,4.76513,0.58376,4.80946,0.574901,4.80451,0.679747,4.61164,0.974438,4.22727,1.42048,3.76377,1.89349,3.34764,2.27507,3.04948,2.52192,2.87813,2.65849,2.80283,2.72772,2.78118,2.76257,2.78349,2.78479,2.79732,2.80583,2.81754,2.82915,2.84237,2.85682,2.87298,2.89094,2.91099,2.93346,2.95879,2.98749,3.02013
7.47546e-09,5.7084,-0.0733885,5.75399,-0.0569585,5.75747,0.0802422,5.63094,0.300759,5.39683,0.509207,5.19066,0.616803,5.12921,0.617666,5.17735,0.609449,5.16638,0.729899,4.95003,1.05419,4.52896,1.53597,4.02715,2.04151,3.58029,2.44592,3.26129,2.70453,3.07691,2.84455,2.99336,2.91236,2.96529,2.94265,2.96065,2.95769,2.96575,2.96893,2.97458,2.97913,2.98416,2.98907,2.99414,2.99915,3.00403,3.00868,3.01303,3.01692,3.02013
7.47546e-09,5.83816,-0.0767712,5.88126,-0.059307,5.88047,0.0837423,5.74949,0.31058,5.51272,0.520655,5.30668,0.624326,5.24704,0.620295,5.29546,0.611927,5.27977,0.738934,5.05251,1.07397,4.61663,1.56678,4.10033,2.08088,3.64225,2.49024,3.31548,2.75014,3.12546,2.88873,3.03735,2.95365,3.00514,2.98023,2.99619,2.99086,2.99652,2.99715,3.00017,3.00199,3.00418,3.00621,3.00834,3.01044,3.01248,3.01445,3.01639,3.01828,3.02013
7.47546e-09,5.87277,-0.0771526,5.9145,-0.0593533,5.91185,0.0847566,5.77971,0.312491,5.54303,0.522337,5.33783,0.624601,5.27869,0.619098,5.32644,0.610627,5.30869,0.739369,5.07813,1.07716,4.63819,1.57256,4.1178,2.08849,3.65635,2.49884,3.32714,2.75893,3.13529,2.89701,3.04565,2.961,3.01211,2.9865,3.00195,2.996,3.00108,3.00112,3.00358,3.00485,3.00653,3.00807,3.00976,3.01145,3.01316,3.01485,3.01658,3.01834,3.02013
7.47546e-09,5.89304,-0.0765069,5.93516,-0.058854,5.93286,0.0843682,5.80055,0.311428,5.56306,0.521533,5.35677,0.624591,5.2968,0.619272,5.3442,0.609863,5.32631,0.737356,5.09529,1.07482,4.65397,1.57114,4.13111,2.08859,3.66659,2.50035,3.33457,2.76139,3.14063,2.89982,3.04951,2.96359,3.01486,2.98859,3.00388,2.99754,3.00238,3.00213,3.00436,3.00542,3.00694,3.00834,3.00993,3.01154,3.0132,3.01487,3.01659,3.01835,3.02013
7.47546e-09,5.95684,-0.076105,6.0016,-0.0591934,6.00198,0.0826172,5.86915,0.309602,5.62733,0.522102,5.41563,0.62833,5.35269,0.623672,5.40053,0.611233,5.38426,0.734648,5.15283,1.07102,4.70733,1.57064,4.17683,2.09375,3.7031,2.51063,3.3626,2.77477,3.1623,2.91417,3.06668,2.97712,3.02857,3.00019,3.01464,3.00678,3.01048,3.00892,3.00996,3.00985,3.01029,3.01072,3.01148,3.01242,3.01357,3.01494,3.01653,3.0183,3.02013
7.47546e-09,6.16066,-0.077687,6.21066,-0.0617886,6.21559,0.0810467,6.07965,0.313062,5.82626,0.53395,5.60165,0.647369,5.53269,0.643784,5.58253,0.626532,5.5693,0.745886,5.3337,1.08645,4.87393,1.59992,4.3222,2.14098,3.82583,2.57285,3.46603,2.8457,3.25168,2.9878,3.14628,3.04889,3.10029,3.06696,3.07873,3.06658,3.06639,3.06028,3.05658,3.05132,3.04635,3.0411,3.03599,3.03102,3.0264,3.02243,3.01959,3.01853,3.02013
7.47546e-09,6.59535,-0.0825909,6.65145,-0.0662096,6.65995,0.0851621,6.51558,0.333271,6.24221,0.572479,5.99782,0.698661,5.92131,0.698388,5.97534,0.679878,5.96489,0.804775,5.7174,1.16661,5.22898,1.71589,4.64027,2.29694,4.10925,2.76191,3.72374,3.05641,3.49412,3.21031,3.38137,3.27659,3.33188,3.2956,3.30755,3.29328,3.29132,3.28222,3.27476,3.26437,3.25273,3.23876,3.22236,3.20273,3.17912,3.15053,3.11571,3.07299,3.02013
7.61358e-07,7.15214,-0.0897195,7.21193,-0.0704613,7.21996,0.0967337,7.06327,0.369176,6.76817,0.631326,6.50528,0.770895,6.42408,0.77501,6.48368,0.761854,6.47341,0.905456,6.20775,1.30509,5.68393,1.90626,5.05501,2.54117,4.49163,3.05133,4.08779,3.37917,3.85411,3.55804,3.74883,3.64606,3.71501,3.68755,3.71275,3.71162,3.72539,3.73374,3.74635,3.75889,3.7737,3.79042,3.80988,3.83244,3.85885,3.89005,3.92728,3.97218,4.02685
7.61358e-07,7.54255,-0.096526,7.6026,-0.0749127,7.60712,0.105716,7.44014,0.396398,7.13112,0.671671,6.85874,0.814212,6.77715,0.815686,6.84035,0.804658,6.82596,0.963237,6.54071,1.39117,5.98502,2.02756,5.32222,2.69579,4.7317,3.2308,4.3102,3.57347,4.06687,3.75958,3.95718,3.85044,3.92127,3.89208,3.91692,3.91411,3.92609,3.93178,3.94098,3.94893,3.95777,3.96669,3.97607,3.98558,3.99508,4.00434,4.01309,4.02082,4.02685
7.61358e-07,7.73441,-0.100622,7.79285,-0.0777317,7.79349,0.1103,7.62066,0.409856,7.30609,0.689318,7.03132,0.829467,6.95094,0.826343,7.01519,0.815225,6.99609,0.981768,6.69759,1.42411,6.12255,2.07687,5.43995,2.75914,4.83349,3.30327,4.40074,3.64966,4.14959,3.83538,4.03398,3.92336,3.99279,3.96051,3.98275,3.97666,3.98527,3.98719,3.99231,3.99584,3.99988,4.00365,4.00754,4.0113,4.01488,4.01823,4.02136,4.02423,4.02685
7.61358e-07,7.8174,-0.101954,7.87466,-0.078633,7.87315,0.111819,7.69784,0.414093,7.38142,0.694376,7.10607,0.832761,7.02606,0.826954,7.09007,0.81496,7.06818,0.98398,6.76337,1.43163,6.1793,2.09069,5.48702,2.77836,4.87213,3.32592,4.43295,3.67346,4.17699,3.85843,4.05759,3.94446,4.01313,3.97904,3.99998,3.99226,3.99935,3.99966,4.00321,4.00517,4.00767,4.00996,4.01244,4.01489,4.01731,4.01969,4.02207,4.02445,4.02685
7.61358e-07,7.8791,-0.101963,7.93706,-0.0789114,7.93598,0.111288,7.7596,0.414008,7.44059,0.695446,7.16247,0.834671,7.08095,0.828115,7.14477,0.814008,7.12244,0.981489,6.81509,1.43012,6.22559,2.09277,5.52569,2.78502,4.90267,3.33627,4.45642,3.68574,4.19512,3.87085,4.07178,3.95568,4.0242,3.98831,4.00841,3.99937,4.00543,4.00464,4.00721,4.00824,4.00994,4.01154,4.01345,4.01547,4.0176,4.0198,4.02211,4.02446,4.02685
7.61358e-07,7.99649,-0.102385,8.05747,-0.0800784,8.05906,0.109837,7.88103,0.414421,7.55548,0.7001,7.26985,0.8433,7.18448,0.83708,7.24897,0.819377,7.22809,0.983312,6.91816,1.43325,6.32005,2.10314,5.60697,2.80525,4.96947,3.36478,4.51051,3.71887,4.2397,3.90498,4.10945,3.98798,4.05624,4.01695,4.03521,4.02335,4.02698,4.02344,4.02332,4.0216,4.02061,4.01962,4.01915,4.01906,4.01947,4.02045,4.0221,4.02433,4.02685
7.61358e-07,8.23913,-0.104589,8.30477,-0.0827495,8.30993,0.110047,8.12773,0.421951,7.78989,0.717641,7.49117,0.868692,7.40002,0.864098,7.46662,0.843221,7.44811,1.00626,7.13226,1.46453,6.51758,2.15244,5.78138,2.87606,5.12047,3.45336,4.64245,3.81816,4.35845,4.00845,4.21949,4.0908,4.15946,4.11567,4.1315,4.11549,4.1151,4.10664,4.10107,4.09308,4.08503,4.07613,4.06688,4.05724,4.04752,4.0383,4.03057,4.0259,4.02685
7.61358e-07,8.62101,-0.108949,8.69136,-0.0862509,8.69885,0.114888,8.50904,0.441669,8.15431,0.753614,7.83935,0.915752,7.74243,0.914505,7.81283,0.894073,7.79638,1.06428,7.46996,1.54334,6.83087,2.26409,6.06405,3.02372,5.37548,3.6311,4.87819,4.01654,4.58433,4.2197,4.44278,4.3101,4.38413,4.34038,4.35904,4.34422,4.34557,4.3381,4.3331,4.32471,4.31502,4.30258,4.28712,4.26735,4.24185,4.2086,4.16476,4.10621,4.02685
2.17156e-05,9.05061,-0.114658,9.12399,-0.0898455,9.13123,0.123563,8.93178,0.46921,8.55999,0.798814,8.23057,0.970958,8.13015,0.972529,8.2051,0.955642,8.18889,1.13984,7.84818,1.64785,7.18123,2.40855,6.38273,3.20963,5.66852,3.85164,5.15646,4.26245,4.85889,4.48446,4.72261,4.59125,4.67571,4.6387,4.66764,4.66321,4.67721,4.6841,4.69605,4.7076,4.72173,4.73806,4.75776,4.78154,4.81072,4.84719,4.89363,4.95388,5.03356
2.17156e-05,9.39828,-0.120181,9.47249,-0.0933427,9.4774,0.131415,9.26916,0.492979,8.88465,0.834998,8.54597,1.01141,8.44456,1.01209,8.52285,0.997511,8.50403,1.1946,8.14763,1.72744,7.45413,2.51987,6.62699,3.35182,5.88982,4.01776,5.36333,4.44402,5.05896,4.67516,4.92121,4.78761,4.87563,4.83892,4.86974,4.86617,4.88122,4.88861,4.90061,4.91137,4.92357,4.93632,4.95009,4.96457,4.97957,4.99478,5.00966,5.02318,5.03356
2.17156e-05,9.62081,-0.124186,9.69451,-0.0960541,9.6966,0.136244,9.4822,0.50759,9.09025,0.855713,8.74701,1.03192,8.64581,1.02933,8.72564,1.01483,8.70312,1.21984,8.33375,1.76822,7.62004,2.57974,6.77141,3.42922,6.01646,4.10752,5.47741,4.54008,5.1648,4.77276,5.02146,4.88376,4.97124,4.93162,4.96034,4.95372,4.9656,4.96923,4.97699,4.98285,4.98947,4.99584,5.00238,5.00875,5.01483,5.02045,5.02555,5.02995,5.03356
2.17156e-05,9.75616,-0.126331,9.82952,-0.097762,9.82994,0.138108,9.61189,0.514158,9.21548,0.864961,8.86924,1.04027,8.76768,1.03468,8.84791,1.01859,8.82266,1.22643,8.44481,1.78245,7.71766,2.60427,6.85393,3.46348,6.08543,4.14844,5.53582,4.58375,5.2154,4.81592,5.06607,4.92425,5.0107,4.96811,4.99473,4.98537,4.99466,4.99547,5.00038,5.00331,5.00696,5.01033,5.01394,5.01748,5.02093,5.02423,5.02744,5.03054,5.03356
2.17156e-05,9.87243,-0.127448,9.94683,-0.0990967,9.94752,0.138017,9.72708,0.516703,9.3258,0.870292,8.97486,1.04663,8.87124,1.03943,8.95166,1.02056,8.92553,1.22763,8.54232,1.78732,7.80461,2.61679,6.92724,3.48465,6.14507,4.17617,5.58395,4.61452,5.25479,4.84647,5.09884,4.95223,5.03793,4.99214,5.01679,5.00473,5.01166,5.00993,5.01243,5.01299,5.01442,5.01578,5.01764,5.01974,5.02212,5.02473,5.02757,5.03056,5.03356
2.17156e-05,10.036,-0.128781,10.1131,-0.100888,10.1158,0.137684,9.89243,0.520489,9.48328,0.879792,9.12394,1.06031,9.01641,1.05311,9.09769,1.0311,9.07227,1.23669,8.68404,1.80114,7.93389,2.64188,7.03929,3.52326,6.23941,4.22567,5.66343,4.66999,5.32335,4.90323,5.15949,5.00678,5.09195,5.04209,5.06425,5.04849,5.05196,5.04626,5.04465,5.0408,5.03767,5.03437,5.0316,5.02929,5.02773,5.0272,5.02804,5.03032,5.03356
2.17156e-05,10.2881,-0.131277,10.369,-0.10337,10.374,0.139255,10.146,0.530484,9.7251,0.900048,9.35381,1.08803,9.24132,1.08253,9.32468,1.0588,9.30083,1.26609,8.9057,1.84153,8.1385,2.70217,7.2213,3.60622,6.39953,4.32729,5.80662,4.78338,5.45565,5.02223,5.28541,5.127,5.21348,5.16049,5.18141,5.1628,5.16347,5.15401,5.14794,5.13858,5.12874,5.11728,5.10468,5.09071,5.0756,5.06002,5.04544,5.03476,5.03356
2.17156e-05,10.6202,-0.13508,10.7047,-0.106203,10.7113,0.144105,10.4764,0.548582,10.0411,0.932184,9.65644,1.12944,9.53948,1.12672,9.62616,1.10395,9.60366,1.3186,9.19888,1.91324,8.41045,2.80308,7.46727,3.73867,6.62263,4.48613,6.01449,4.96076,5.65664,5.21193,5.48606,5.32552,5.41775,5.36636,5.39139,5.37588,5.38042,5.37464,5.37233,5.36644,5.35957,5.35002,5.33743,5.32015,5.29613,5.26217,5.21333,5.14153,5.03356
0.00197648,10.9723,-0.137795,11.0592,-0.1068,11.065,0.153898,10.8219,0.573636,10.3729,0.970928,9.97708,1.17548,9.85787,1.17445,9.94843,1.15428,9.92586,1.38026,9.50901,1.99845,8.69743,2.92076,7.72797,3.88998,6.86192,4.66543,6.24115,5.16038,5.87965,5.42644,5.71268,5.55275,5.65313,5.60675,5.63973,5.63216,5.64651,5.65194,5.66307,5.67323,5.68599,5.70081,5.71913,5.74188,5.77096,5.80922,5.86126,5.93432,6.04027
0.00197648,11.2812,-0.142358,11.3694,-0.10969,11.3738,0.160515,11.1232,0.593964,10.6625,1.00264,10.2576,1.21188,10.137,1.21069,10.2306,1.19238,10.2063,1.429,9.7764,2.06857,8.94205,3.019,7.94758,4.01616,7.06125,4.81374,6.42775,5.32354,6.06068,5.59902,5.89337,5.73192,5.83655,5.79141,5.82738,5.82206,5.83916,5.84715,5.86081,5.87318,5.88759,5.90304,5.92025,5.93899,5.95924,5.9807,6.00274,6.02371,6.04027
0.00197648,11.5163,-0.1461,11.6049,-0.11232,11.6076,0.164997,11.351,0.608337,10.8816,1.02426,10.4705,1.23504,10.3491,1.23172,10.4446,1.21334,10.4177,1.45708,9.97588,2.11197,9.12168,3.08251,8.10532,4.0991,7.20042,4.91112,6.55379,5.4291,6.1785,5.70782,6.00624,5.84083,5.94589,5.89842,5.93315,5.92558,5.94041,5.94548,5.95573,5.96392,5.97328,5.98258,5.99232,6.00205,6.01154,6.02046,6.02851,6.03525,6.04027
0.00197648,11.6948,-0.148814,11.7839,-0.114583,11.7856,0.16717,11.5245,0.616908,11.0484,1.03751,10.632,1.24877,10.5095,1.2428,10.6058,1.22262,10.5767,1.46955,10.1252,2.13401,9.25464,3.11831,8.21934,4.14851,7.2972,4.97029,6.6371,5.49284,6.25205,5.77173,6.07253,5.90194,6.00596,5.95476,5.98691,5.97582,5.98725,5.98853,5.99484,5.99883,6.00379,6.00852,6.01358,6.01861,6.02351,6.02816,6.03253,6.03656,6.04027
0.00197648,11.8604,-0.150886,11.9509,-0.116689,11.9527,0.16795,11.688,0.622666,11.205,1.04788,10.7823,1.2608,10.6573,1.253,10.7544,1.23012,10.7241,1.47776,10.2649,2.14903,9.37966,3.14514,8.32612,4.18803,7.38635,5.01921,6.71182,5.54613,6.31597,5.82488,6.12822,5.95174,6.05451,5.9991,6.02832,6.01331,6.02104,6.01828,6.02049,6.02029,6.02109,6.02178,6.02309,6.0248,6.02699,6.02972,6.03298,6.0366,6.04027
0.00197648,12.0574,-0.152997,12.1502,-0.11886,12.1532,0.168854,11.8845,0.629643,11.3928,1.06166,10.9615,1.2787,10.8329,1.27067,10.931,1.24549,10.9006,1.49408,10.4342,2.1736,9.53348,3.18449,8.46011,4.24372,7.50114,5.08763,6.81129,5.6215,6.40461,5.90202,6.20923,6.02692,6.12913,6.06974,6.09633,6.07746,6.08138,6.07413,6.07146,6.06581,6.06064,6.05487,6.04932,6.04399,6.03934,6.03601,6.03481,6.03637,6.04027
0.00197648,12.3084,-0.155677,12.4041,-0.121206,12.4084,0.171383,12.1347,0.641219,11.6318,1.08335,11.1896,1.30723,11.0566,1.30098,11.156,1.27582,11.1252,1.52903,10.65,2.22198,9.73152,3.25352,8.63663,4.33462,7.65832,5.19592,6.95452,5.74073,6.53964,6.02692,6.34021,6.15407,6.25799,6.19693,6.22334,6.2031,6.2057,6.19637,6.191,6.18164,6.17151,6.1591,6.14474,6.12787,6.10837,6.08664,6.06431,6.04553,6.04027
0.00197648,12.6037,-0.158416,12.7012,-0.121306,12.7042,0.180754,12.4217,0.66473,11.9044,1.12045,11.4497,1.35318,11.3115,1.3514,11.4106,1.33095,11.3768,1.59427,10.8906,2.30481,9.95466,3.35917,8.84105,4.46322,7.84764,5.34325,7.1346,5.90142,6.71643,6.1971,6.51843,6.33188,6.44073,6.38201,6.41265,6.39619,6.40339,6.39889,6.39884,6.3951,6.39082,6.38417,6.37486,6.36109,6.34042,6.30867,6.25865,6.17727,6.04027
0.111623,12.7983,-0.0478963,12.8931,-0.00607359,12.8965,0.29851,12.6188,0.778638,12.1091,1.22622,11.6621,1.45188,11.5302,1.44725,11.6338,1.42819,11.6014,1.6969,11.1115,2.41767,10.167,3.48699,9.04299,4.60806,8.04066,5.50362,7.32249,6.07423,6.90382,6.38004,6.70963,6.52425,6.63917,6.58461,6.62144,6.61132,6.62629,6.63069,6.64134,6.65046,6.66204,6.67539,6.69202,6.71294,6.74037,6.778,6.83236,6.91495,7.04698
0.111623,13.08,-0.0515919,13.1757,-0.00724649,13.1768,0.30735,12.8902,0.801459,12.3679,1.26088,11.9106,1.4928,11.775,1.49095,11.8781,1.47658,11.8414,1.75626,11.3392,2.49501,10.3764,3.5863,9.23355,4.7286,8.21638,5.64097,7.4891,6.22309,7.06672,6.53665,6.87297,6.6868,6.8056,6.7526,6.79258,6.78516,6.80345,6.81129,6.82567,6.83865,6.85411,6.87103,6.8904,6.91215,6.93654,6.96361,6.99288,7.02242,7.04698
0.111623,13.3206,-0.0551213,13.4175,-0.00983262,13.4176,0.311458,13.1252,0.815435,12.5933,1.283,12.1285,1.51793,11.9909,1.51525,12.0953,1.50145,12.0558,1.78835,11.5419,2.54239,10.5595,3.65385,9.39519,4.81578,8.35986,5.74283,7.61981,6.33353,7.18969,6.6509,6.99166,6.80191,6.92163,6.86682,6.90619,6.89723,6.91408,6.91993,6.93195,6.94188,6.95347,6.96538,6.97823,6.99149,7.00487,7.01788,7.0299,7.03997,7.04698
0.111623,13.529,-0.058154,13.6271,-0.0123843,13.6267,0.313966,13.3293,0.825615,12.7891,1.29945,12.3174,1.53625,12.178,1.53163,12.2836,1.51631,12.2421,1.80709,11.7178,2.57249,10.7173,3.70049,9.53174,4.879,8.47722,5.81814,7.72246,6.41483,7.28204,6.73312,7.07663,6.88162,7.0003,6.9417,6.97829,6.96558,6.97864,6.98021,6.9876,6.99247,6.99859,7.00462,7.01123,7.01796,7.02467,7.03114,7.03715,7.04247,7.04698
0.111623,13.7302,-0.0608238,13.8297,-0.0148643,13.8294,0.315648,13.5275,0.83412,12.979,1.31415,12.4998,1.55344,12.3578,1.54733,12.4644,1.53011,12.4212,1.82366,11.8872,2.59932,10.8688,3.74316,9.66196,4.93775,8.58795,5.88835,7.81814,6.49022,7.36705,6.80846,7.15371,6.9534,7.07026,7.00748,7.0406,7.02352,7.03208,7.02865,7.0307,7.02984,7.02994,7.02979,7.03022,7.0311,7.03262,7.035,7.03838,7.04258,7.04698
0.111623,13.9489,-0.0634695,14.0505,-0.0172642,14.0508,0.317564,13.7442,0.843629,13.1863,1.33153,12.698,1.57556,12.5517,1.57057,12.6575,1.55456,12.6103,1.85475,12.0638,2.64455,11.0257,3.80674,9.79805,5.01788,8.70714,5.97911,7.92587,6.58534,7.46757,6.90359,7.24924,7.04593,7.16114,7.09562,7.12599,7.10561,7.11047,7.10276,7.09987,7.09334,7.0869,7.07928,7.07131,7.06292,7.05467,7.04753,7.04299,7.04269,7.04698
0.111623,14.1972,-0.0662996,14.3011,-0.0191854,14.3012,0.322458,13.987,0.861026,13.4143,1.36397,12.9092,1.62246,12.7486,1.63181,12.8404,1.63278,12.7759,1.95272,12.2099,2.76093,11.1561,3.93555,9.92056,5.15186,8.82867,6.11312,8.0496,6.71754,7.59392,7.03439,7.37757,7.17622,7.29064,7.2258,7.2559,7.23555,7.24002,7.23169,7.22766,7.21928,7.20995,7.19795,7.18339,7.16531,7.14308,7.11647,7.08662,7.05843,7.04698
0.111623,14.4648,-0.0564426,14.5491,0.0216502,14.5131,0.410472,14.151,1.00114,13.5274,1.55323,12.9736,1.85893,12.7665,1.91418,12.8191,1.94931,12.7355,2.27637,12.1807,3.06076,11.1647,4.19314,9.97737,5.36705,8.92785,6.29757,8.1779,6.88534,7.73948,7.19653,7.53344,7.33938,7.454,7.39362,7.42652,7.41042,7.41917,7.41593,7.41754,7.41555,7.41333,7.40912,7.40275,7.39246,7.37568,7.34768,7.29935,7.21214,7.04698
1.82705,13.0155,1.66316,13.1288,1.67286,13.2084,1.91071,13.0304,2.30631,12.6004,2.68148,12.1981,2.86023,12.099,2.81746,12.2547,2.74145,12.3016,2.92618,11.9024,3.55499,11.0392,4.5507,9.97459,5.62741,9.00691,6.50141,8.30345,7.06293,7.88895,7.36607,7.69588,7.51031,7.62571,7.57075,7.60758,7.59712,7.61194,7.61608,7.62637,7.63493,7.64572,7.65801,7.67326,7.69243,7.71779,7.75357,7.80788,7.8968,8.05369
1.82705,13.2799,1.6645,13.3812,1.69759,13.4312,1.97657,13.2106,2.42003,12.7332,2.84195,12.2838,3.06603,12.1402,3.06559,12.2606,3.01827,12.2932,3.20589,11.9067,3.81159,11.0766,4.77131,10.0508,5.81464,9.11501,6.66605,8.43208,7.21616,8.02901,7.51586,7.84256,7.66123,7.77731,7.72514,7.76413,7.75656,7.77448,7.78218,7.79645,7.80945,7.82511,7.84256,7.86295,7.88646,7.91369,7.94518,7.98103,8.0195,8.05369
1.82705,13.5233,1.66112,13.6262,1.69527,13.6752,1.98171,13.447,2.43757,12.956,2.8729,12.492,3.10892,12.3357,3.12034,12.4439,3.08723,12.4618,3.29087,12.0592,3.91119,11.2153,4.8815,10.1806,5.93096,9.24024,6.7851,8.55488,7.33593,8.15027,7.6355,7.96264,7.78032,7.89622,7.84319,7.88156,7.87302,7.88992,7.8963,7.90895,7.91984,7.93274,7.94648,7.96177,7.97815,7.99534,8.01278,8.02951,8.04392,8.05369
1.82705,13.7501,1.65794,13.8545,1.69264,13.9033,1.98456,13.6697,2.44901,13.1694,2.89206,12.697,3.13179,12.5372,3.1436,12.6447,3.11205,12.658,3.32311,12.2424,3.95767,11.379,4.94572,10.3238,6.01133,9.36635,6.87639,8.66862,7.4323,8.25557,7.73253,8.06183,7.87506,7.98995,7.93352,7.96926,7.95714,7.97031,7.97236,7.9802,7.98565,7.99249,7.99949,8.00737,8.01569,8.02431,8.0329,8.04106,8.04815,8.05369
1.82705,13.973,1.65495,14.0791,1.69006,14.1279,1.98695,13.8894,2.45943,13.3799,2.90983,12.8992,3.15279,12.7368,3.16363,12.8454,3.13091,12.857,3.346,12.4312,3.99253,11.5491,4.99827,10.4721,6.08177,9.49479,6.96001,8.78189,7.5227,8.35826,7.82432,8.15693,7.96447,8.07843,8.01781,8.0505,8.03404,8.04278,8.03959,8.04165,8.04059,8.04024,8.03941,8.03897,8.03881,8.03928,8.04081,8.04387,8.04847,8.05369
1.82705,14.2048,1.65201,14.3128,1.68755,14.3619,1.98951,14.1183,2.47041,13.5992,2.92893,13.1098,3.17609,12.9443,3.18678,13.0542,3.15325,13.0647,3.37242,12.6296,4.03104,11.7298,5.05519,10.6313,6.15804,9.63437,7.0514,8.9066,7.62294,8.47312,7.92804,8.26557,8.06799,8.18235,8.11861,8.14961,8.13015,8.13587,8.1289,8.12655,8.12018,8.11349,8.10506,8.09558,8.0848,8.0732,8.06186,8.05295,8.04952,8.05369
1.82705,14.4513,1.64903,14.5613,1.68522,14.6107,1.9929,14.3616,2.4833,13.832,2.95146,13.3327,3.20482,13.1628,3.21749,13.2731,3.18489,13.2826,3.40906,12.8391,4.08025,11.9231,5.12351,10.8047,6.24708,9.78957,7.15756,9.04852,7.74049,8.60738,8.05208,8.39652,8.19549,8.31248,8.24793,8.27998,8.26057,8.26678,8.25991,8.25755,8.25069,8.24284,8.23212,8.21852,8.20068,8.17742,8.14762,8.11137,8.07332,8.05369
1.82705,14.7091,1.64697,14.8195,1.68619,14.8667,2.00243,14.6097,2.50534,14.0667,2.98698,13.5536,3.25088,13.376,3.2684,13.4862,3.23634,13.4978,3.46245,13.0508,4.14278,12.1229,5.20315,10.9877,6.34722,9.95633,7.27588,9.20372,7.87199,8.75687,8.19247,8.54531,8.34241,8.46397,8.4008,8.4365,8.42021,8.43058,8.42827,8.43134,8.43074,8.43022,8.42797,8.42406,8.41679,8.40372,8.37996,8.33507,8.24524,8.05369
1.93997,14.8565,1.75484,14.9765,1.78218,15.0401,2.08771,14.793,2.5888,14.2474,3.07613,13.7271,3.34388,13.55,3.35616,13.6719,3.31232,13.6976,3.52973,13.2562,4.21247,12.3215,5.28678,11.1717,6.45029,10.1251,7.39699,9.36145,8.0065,8.90939,8.33625,8.69771,8.49336,8.61988,8.55864,8.59864,8.58629,8.60186,8.60546,8.61575,8.6239,8.63425,8.64584,8.66013,8.67793,8.70142,8.73499,8.78789,8.88047,9.0604
1.93997,15.1113,1.752,15.2321,1.78189,15.2936,2.09593,15.0386,2.60959,14.4798,3.10989,13.9464,3.38693,13.7627,3.40262,13.8852,3.35856,13.9127,3.57825,13.4665,4.27094,12.5185,5.36295,11.3506,6.54686,10.2869,7.51108,9.51107,8.13272,9.05253,8.47012,8.83907,8.63231,8.76249,8.70182,8.74442,8.73408,8.75252,8.75923,8.77325,8.78569,8.80105,8.81835,8.83895,8.86324,8.89214,8.92679,8.96812,9.01527,9.0604
1.93997,15.356,1.74873,15.4787,1.77939,15.54,2.09959,15.2792,2.62298,14.7101,3.13248,14.1674,3.41456,13.9802,3.43103,14.1036,3.38726,14.1299,3.61204,13.6745,4.31772,12.709,5.42899,11.5202,6.63324,10.4376,7.61374,9.64786,8.24557,9.18083,8.58808,8.96291,8.75214,8.88399,8.82167,8.86427,8.85292,8.87068,8.87634,8.88919,8.90008,8.91344,8.92803,8.94482,8.96348,8.9839,9.00557,9.02737,9.04698,9.0604
1.93997,15.5929,1.74552,15.7173,1.77679,15.7786,2.10265,15.5124,2.63503,14.9336,3.15267,14.3824,3.43848,14.1925,3.45433,14.3175,3.40978,14.3425,3.63916,13.8772,4.35763,12.8932,5.4879,11.6823,6.71183,10.5798,7.7075,9.77488,8.34807,9.29779,8.69379,9.07335,8.8573,8.98932,8.92365,8.9643,8.94968,8.96417,8.96578,8.97406,8.9796,8.98678,8.99426,9.00294,9.01245,9.02272,9.03346,9.04409,9.05349,9.0604
1.93997,15.8278,1.7424,15.954,1.77418,16.0153,2.1055,15.7438,2.64664,15.1554,3.17232,14.5957,3.46185,14.4032,3.47698,14.5298,3.43133,14.5538,3.66489,14.0788,4.39588,13.0763,5.545,11.8433,6.78855,10.7204,7.79934,9.90014,8.44849,9.41266,8.79717,9.18128,8.9597,9.09163,9.02226,9.06053,9.04212,9.05271,9.04952,9.05229,9.05135,9.05103,9.0499,9.04887,9.04777,9.04705,9.04737,9.04965,9.05432,9.0604
1.93997,16.0667,1.73932,16.1947,1.77168,16.2562,2.10849,15.9794,2.65855,15.3812,3.19265,14.8128,3.48641,14.6175,3.50122,14.7459,3.45474,14.7692,3.6927,14.2848,4.43659,13.2641,5.60523,12.0093,6.8693,10.8665,7.89624,10.0315,8.55513,9.53457,8.90813,9.29765,9.07134,9.20419,9.13221,9.16937,9.14858,9.15686,9.15059,9.14971,9.14421,9.13825,9.13003,9.12015,9.10804,9.09389,9.07865,9.06486,9.05713,9.0604
1.93997,16.3123,1.73626,16.4423,1.76929,16.5039,2.11184,16.2218,2.67123,15.6135,3.21434,15.0361,3.51297,14.8379,3.52803,14.9682,3.48117,14.9912,3.72407,14.4977,4.48164,13.4593,5.6709,12.183,6.95681,11.021,8.00138,10.1723,8.67173,9.66761,9.03115,9.42739,9.19775,9.33319,9.26052,9.29883,9.27829,9.28732,9.28158,9.28127,9.27612,9.27016,9.26124,9.24936,9.23279,9.20989,9.17858,9.13748,9.08993,9.0604
1.93997,16.5632,1.7332,16.6951,1.76709,16.7568,2.11573,16.469,2.68502,15.8503,3.23784,15.2635,3.54184,15.0623,3.55739,15.195,3.51026,15.218,3.75837,14.716,4.53021,13.6599,5.74093,12.3624,7.04967,11.1818,8.11298,10.3203,8.79604,9.80914,9.16347,9.56742,9.33558,9.47496,9.40319,9.44452,9.42651,9.43907,9.43727,9.44178,9.44234,9.44329,9.44271,9.44086,9.43615,9.42639,9.40676,9.36615,9.27619,9.0604
1.94556,16.8102,1.73472,16.9452,1.76825,17.008,2.12252,16.7148,2.70188,16.0854,3.26442,15.4895,3.57325,15.2863,3.58841,15.4221,3.54035,15.4459,3.79344,14.9353,4.57964,13.8616,5.812,12.543,7.14374,11.3438,8.2259,10.4696,8.92183,9.95218,9.29748,9.70925,9.47543,9.61896,9.54837,9.59311,9.57809,9.59479,9.59772,9.60815,9.61594,9.62602,9.63714,9.65082,9.66762,9.68962,9.7211,9.77196,9.86622,10.0671
1.94556,17.06,1.73155,17.1968,1.76592,17.2595,2.12641,16.9607,2.71573,16.3208,3.28772,15.7158,3.60147,15.5099,3.6167,15.648,3.56822,15.6716,3.82659,15.1519,4.62708,14.0601,5.88071,12.72,7.23482,11.5018,8.33507,10.6144,9.04292,10.0898,9.42562,9.84448,9.60789,9.75464,9.68416,9.73101,9.71744,9.73647,9.74191,9.75552,9.76708,9.78178,9.79844,9.81872,9.84302,9.87268,9.90934,9.955,10.0101,10.0671
1.94556,17.3053,1.7283,17.444,1.76339,17.5068,2.12986,17.2023,2.72873,16.5525,3.30951,15.9386,3.62758,15.7302,3.64255,15.8703,3.59355,15.8933,3.85704,15.3639,4.67138,14.2537,5.94553,12.8916,7.32105,11.6539,8.43823,10.7523,9.15662,10.2192,9.54463,9.96954,9.72895,9.87752,9.8054,9.85242,9.8379,9.85643,9.86093,9.87362,9.88388,9.89701,9.91155,9.92892,9.94884,9.9716,9.99689,10.0237,10.0491,10.0671
1.94556,17.5471,1.72501,17.6877,1.76077,17.7504,2.1331,17.4406,2.74125,16.7808,3.33053,16.1583,3.65258,15.9473,3.667,16.0894,3.61725,16.1115,3.88554,15.5723,4.71326,14.4434,6.00728,13.0592,7.40347,11.8015,8.53675,10.8851,9.26469,10.3425,9.65675,10.087,9.84143,9.9908,9.91572,9.96145,9.94414,9.96005,9.961,9.96971,9.975,9.98231,9.98978,9.99886,10.009,10.0205,10.033,10.0462,10.0584,10.0671
1.94556,17.7881,1.72171,17.9304,1.75805,17.9932,2.13625,17.6779,2.75365,17.0083,3.35134,16.3771,3.6773,16.1635,3.69117,16.3075,3.64066,16.3287,3.9137,15.7798,4.75465,14.6323,6.06838,13.226,7.48507,11.9483,8.63431,11.017,9.37167,10.4647,9.76759,10.2033,9.95243,10.1026,10.0242,10.0686,10.048,10.061,10.0578,10.0619,10.0612,10.0615,10.0603,10.0593,10.0575,10.0558,10.0547,10.0558,10.0601,10.0671
1.94556,18.0307,1.71833,18.1748,1.75533,18.2375,2.1395,17.9168,2.76632,17.2374,3.37257,16.5976,3.70252,16.3813,3.71597,16.5272,3.66493,16.5477,3.94302,15.9892,4.79749,14.8233,6.13122,13.3951,7.56882,12.0978,8.73451,11.1522,9.48196,10.5911,9.88262,10.3247,10.0689,10.221,10.1399,10.1841,10.1613,10.1731,10.1671,10.1688,10.1642,10.16,10.1524,10.1435,10.1309,10.1155,10.0969,10.0786,10.0655,10.0671
1.94556,18.2763,1.71479,18.4221,1.75253,18.4846,2.14296,18.1585,2.77953,17.4692,3.39449,16.8208,3.72854,16.602,3.74172,16.7499,3.69049,16.7697,3.97415,16.2016,4.84271,15.0174,6.19693,13.5678,7.65601,12.2517,8.83882,11.2927,9.59729,10.7238,10.004,10.454,10.1935,10.3493,10.2663,10.3127,10.2894,10.3027,10.2968,10.2999,10.2956,10.2925,10.2849,10.2759,10.2607,10.2396,10.2079,10.1641,10.1075,10.0671
1.94556,18.5244,1.71109,18.6716,1.74961,18.7338,2.14669,18.402,2.79337,17.703,3.41714,17.0462,3.75509,16.825,3.76799,16.9749,3.71693,16.9939,4.0068,16.4162,4.89,15.2137,6.26503,13.7431,7.74583,12.4088,8.94603,11.4373,9.71612,10.8615,10.1297,10.5894,10.324,10.4854,10.4006,10.4514,10.4283,10.446,10.4419,10.4503,10.45,10.454,10.4533,10.4547,10.4509,10.445,10.4284,10.3933,10.3042,10.0671
1.94577,18.7734,1.70723,18.9218,1.74664,18.9831,2.15075,18.6456,2.80783,17.9371,3.44024,17.2723,3.78155,17.049,3.79394,17.2008,3.74337,17.2185,4.04009,16.6309,4.93831,15.41,6.33396,13.9187,7.83612,12.5667,9.05322,11.5832,9.83471,11.0009,10.2551,10.7265,10.4543,10.6233,10.5351,10.5919,10.5679,10.5915,10.5887,10.6041,10.6079,10.6211,10.6287,10.6447,10.6585,10.6812,10.7093,10.7597,10.8529,11.0738
1.94577,19.0221,1.70297,19.1712,1.74338,19.231,2.15488,18.8876,2.82254,18.1702,3.46317,17.4981,3.807,17.2729,3.81861,17.4262,3.76895,17.4418,4.07323,16.8436,4.98676,15.6041,6.40223,14.0924,7.92469,12.7234,9.15733,11.728,9.94924,11.139,10.3753,10.8612,10.5785,10.7574,10.6622,10.7265,10.6984,10.7284,10.7232,10.7449,10.7488,10.7687,10.7788,10.8033,10.8229,10.8558,10.8907,10.9426,11.0024,11.0738
1.94577,19.27,1.69838,19.4189,1.73999,19.4764,2.15925,19.1268,2.83754,18.4015,3.48576,17.7231,3.83094,17.4961,3.84149,17.6505,3.79342,17.6624,4.10616,17.053,5.03533,15.7947,6.46932,14.2634,8.01042,12.8783,9.25659,11.8713,10.0575,11.2752,10.4878,10.9925,10.6937,10.886,10.7782,10.8524,10.815,10.8523,10.8393,10.8664,10.8643,10.8874,10.8915,10.9171,10.9303,10.96,10.9829,11.0195,11.047,11.0738
1.94577,19.5175,1.6935,19.6651,1.73674,19.7191,2.16416,19.3632,2.85295,18.6312,3.50804,17.9479,3.85314,17.7194,3.86251,17.8739,3.81721,17.8804,4.13968,17.2589,5.08505,15.982,6.5358,14.4323,8.09351,13.0329,9.35079,12.0151,10.1593,11.412,10.5926,11.1231,10.8004,11.0123,10.8845,10.9731,10.92,10.9677,10.9408,10.9742,10.96,10.9851,10.9761,10.9992,10.9977,11.0193,11.0246,11.0486,11.0573,11.0738
1.94577,19.7662,1.6884,19.9108,1.73386,19.9601,2.16985,19.5974,2.8688,18.8603,3.52999,18.1743,3.87343,17.9442,3.8818,18.0977,3.84126,18.0961,4.17514,17.4616,5.13767,16.1669,6.60295,14.6008,8.17483,13.1899,9.44048,12.1629,10.2553,11.5538,10.6912,11.258,10.901,11.1422,10.9853,11.0961,11.0201,11.0843,11.0374,11.0817,11.0505,11.0805,11.0538,11.0755,11.0547,11.0675,11.0512,11.0641,11.0575,11.0738
1.94577,20.0175,1.68326,20.1567,1.73178,20.2002,2.17679,19.83,2.8851,19.0901,3.55153,18.404,3.89163,18.1718,3.89954,18.323,3.86665,18.3099,4.21397,17.6613,5.19494,16.3502,6.67192,14.7705,8.25495,13.3524,9.52588,12.3184,10.3459,11.7053,10.7844,11.4023,10.9976,11.2819,11.0843,11.2286,11.121,11.2119,11.1385,11.2021,11.1504,11.1932,11.1469,11.1738,11.1332,11.141,11.0988,11.0961,11.0621,11.0738
1.94577,20.2723,1.67847,20.4027,1.73077,20.4397,2.18546,20.061,2.90154,19.3209,3.57228,18.6384,3.90735,18.403,3.91562,18.55,3.89443,18.5213,4.25735,17.8574,5.25816,16.5323,6.7431,14.9426,8.33337,13.5228,9.60583,12.4846,10.4296,11.8698,10.8713,11.5594,11.0897,11.4349,11.1817,11.3746,11.2244,11.3551,11.2476,11.3421,11.2663,11.3332,11.2677,11.3122,11.2568,11.273,11.2101,11.1938,11.1076,11.0738
1.94577,20.531,1.67476,20.648,1.7309,20.6787,2.19652,20.2898,2.91758,19.5528,3.59162,18.8781,3.9201,18.6379,3.92974,18.7783,3.92541,18.7291,4.30598,18.0485,5.32787,16.7127,6.81592,15.1174,8.40829,13.7023,9.67774,12.6629,10.5032,12.0488,10.9486,11.7302,11.1736,11.6014,11.2741,11.5333,11.326,11.5121,11.3598,11.4981,11.3923,11.4959,11.41,11.4865,11.4236,11.4708,11.4113,11.4219,11.3042,11.0738
1.94585,20.7931,1.67336,20.891,1.73169,20.9168,2.21106,20.5156,2.93236,19.7855,3.60871,19.1234,3.92943,18.8761,3.94157,19.0066,3.96033,18.9317,4.36032,18.2326,5.40401,16.8907,6.88916,15.2948,8.47714,13.8918,9.73823,12.8541,10.5625,12.2428,11.0117,11.9143,11.2442,11.7798,11.3554,11.701,11.4184,11.6766,11.4653,11.6601,11.514,11.665,11.5516,11.6693,11.5976,11.6901,11.6522,11.757,11.8065,12.0805
1.94585,21.0584,1.67584,21.1307,1.73193,21.1535,2.23017,20.738,2.94448,20.0187,3.62262,19.3745,3.93494,19.1171,3.95095,19.2336,4,19.1276,4.42072,18.4081,5.48621,17.0658,6.96146,15.475,8.5373,14.0921,9.78413,13.0589,10.6038,12.4522,11.0568,12.1112,11.2968,11.9683,11.4204,11.8744,11.4946,11.8427,11.5544,11.8181,11.6172,11.8235,11.6694,11.8304,11.7346,11.8626,11.8107,11.9398,11.9484,12.0805
1.94585,21.3259,1.68398,21.3671,1.73044,21.388,2.2553,20.9572,2.95274,20.2525,3.63275,19.6313,3.93661,19.3604,3.95818,19.458,4.04532,19.3156,4.48765,18.5742,5.57406,17.2382,7.03173,15.6586,8.58674,14.3044,9.8133,13.2786,10.6245,12.6777,11.0816,12.3214,11.3292,12.1667,11.4665,12.0526,11.5517,12.0083,11.6233,11.9684,11.696,11.9653,11.7546,11.9594,11.8223,11.978,11.8888,12.026,11.9851,12.0805
1.94585,21.5951,1.69897,21.6011,1.72638,21.6196,2.28725,21.1745,2.95618,20.4871,3.63869,19.894,3.93474,19.6059,3.96396,19.679,4.09723,19.4957,4.56166,18.7309,5.66718,17.409,7.09936,15.8473,8.62438,14.5303,9.82495,13.5148,10.6239,12.9211,11.0858,12.5468,11.3415,12.377,11.4947,12.2379,11.5912,12.1765,11.6749,12.1151,11.755,12.0963,11.8145,12.0663,11.8738,12.0558,11.9172,12.0648,11.9829,12.0805
1.94585,21.8653,1.72128,21.834,1.71983,21.8478,2.3259,21.3915,2.95451,20.7228,3.64007,20.1627,3.92986,19.8537,3.96923,19.896,4.15647,19.668,4.64322,18.8787,5.76515,17.5794,7.16406,16.0427,8.64991,14.7713,9.81937,13.7693,10.6029,13.1839,11.0711,12.7895,11.3359,12.6018,11.5082,12.4343,11.6179,12.353,11.7162,12.2671,11.8049,12.2299,11.8658,12.1718,11.9148,12.1263,11.9299,12.0903,11.9676,12.0805
1.94585,22.1363,1.75048,22.0668,1.71154,22.0729,2.37024,21.6095,2.94794,20.9602,3.63664,20.4373,3.92264,20.1035,3.975,20.1087,4.22344,19.8332,4.73248,19.019,5.86736,17.7508,7.22561,16.2461,8.66344,15.0285,9.79743,14.0429,10.5628,13.4668,11.0393,13.0506,11.3151,12.843,11.5105,12.645,11.6366,12.5427,11.7543,12.4324,11.8566,12.3796,11.9262,12.2977,11.9726,12.2222,11.9631,12.1352,11.9574,12.0805
1.94585,22.4077,1.78572,22.2999,1.70264,22.2953,2.41884,21.8294,2.93711,21.1997,3.62835,20.7171,3.91379,20.355,3.98216,20.317,4.29811,19.9918,4.82915,19.1527,5.97291,17.924,7.28367,16.4584,8.66525,15.3015,9.76009,14.3353,10.5051,13.7692,10.9921,13.3299,11.2809,13.1004,11.5036,12.8705,11.6497,12.7469,11.7925,12.614,11.9153,12.5509,12.0046,12.456,12.0656,12.3697,12.0543,12.2461,11.9921,12.0805
1.94585,22.6789,1.82597,22.533,1.69431,22.5156,2.47055,22.0508,2.92305,21.4411,3.61565,21.0008,3.90404,20.6074,3.99141,20.5205,4.38002,20.1441,4.93251,19.281,6.08067,18.0994,7.3377,16.6794,8.65565,15.5893,9.70825,14.6447,10.4312,14.0889,10.9307,13.6252,11.2343,13.3718,11.4878,13.1083,11.6567,12.9627,11.829,12.808,11.9777,12.7389,12.0964,12.6411,12.1901,12.5697,12.2202,12.4737,12.174,12.0805
1.94797,22.9476,1.87213,22.7639,1.68917,22.7324,2.52584,22.2722,2.90734,21.6835,3.5993,21.287,3.89383,20.8598,4.00308,20.7193,4.46828,20.2909,5.04134,19.4049,6.18933,18.2773,7.38714,16.9085,8.63506,15.89,9.64284,14.9688,10.3421,14.4228,10.8559,13.9332,11.1755,13.6535,11.4621,13.3543,11.6555,13.1845,11.8593,13.0066,12.0354,12.9309,12.1862,12.8315,12.318,12.7838,12.4138,12.7846,12.6241,13.0872
1.94797,23.2174,1.91938,22.9962,1.68332,22.9504,2.57981,22.4969,2.88737,21.929,3.57816,21.5759,3.88265,21.1122,4.01688,20.9139,4.56162,20.433,5.15425,19.5255,6.29774,18.4575,7.43166,17.1448,8.60423,16.2015,9.56512,15.305,10.2396,14.768,10.7688,14.2508,11.1051,13.9421,11.4262,13.6045,11.6441,13.4072,11.8793,13.2023,12.0806,13.1147,12.259,13.0047,12.4175,12.9605,12.5414,12.9674,12.7501,13.0872
1.94797,23.486,1.96889,23.2278,1.67878,23.1681,2.63373,22.7233,2.86469,22.1765,3.55347,21.8664,3.87094,21.3639,4.0328,21.1046,4.65908,20.5712,5.27016,19.6436,6.40525,18.64,7.47141,17.3874,8.56443,16.5218,9.47682,15.6507,10.1256,15.1219,10.6711,14.5757,11.0246,14.2354,11.3809,13.8568,11.6229,13.6286,11.8881,13.3921,12.1109,13.2855,12.3095,13.1529,12.4794,13.0893,12.6012,13.0622,12.7757,13.0872
1.94797,23.7534,2.02012,23.4587,1.67544,23.3858,2.68756,22.9509,2.84001,22.4255,3.52624,22.1576,3.85909,21.6146,4.05087,21.292,4.76,20.7061,5.38839,19.7601,6.51177,18.8245,7.50709,17.6352,8.51734,16.8494,9.38002,16.0043,10.0025,15.4828,10.5651,14.9063,10.9364,14.5325,11.3286,14.111,11.5945,13.8493,11.889,13.578,12.1306,13.4473,12.3441,13.2832,12.5146,13.1857,12.6182,13.1104,12.762,13.0872
1.94797,24.0198,2.07259,23.6891,1.67309,23.6036,2.74118,23.1798,2.81375,22.6757,3.49721,22.4493,3.84739,21.8644,4.07101,21.4767,4.86391,20.8385,5.50869,19.8753,6.61773,19.0105,7.53978,17.8873,8.46487,17.1827,9.27697,16.3643,9.8729,15.8496,10.4534,15.2421,10.8432,14.8336,11.2722,14.3684,11.5627,14.0721,11.8873,13.7653,12.1479,13.6096,12.376,13.4119,12.5446,13.2758,12.6241,13.1457,12.7364,13.0872
1.94797,24.2855,2.12595,23.9193,1.67145,23.822,2.7946,23.4098,2.78634,22.9269,3.46711,22.7409,3.83628,22.1128,4.0934,21.6589,4.97085,20.9683,5.63136,19.9892,6.72397,19.1975,7.57075,18.1425,8.40878,17.5206,9.16962,16.7293,9.73896,16.2212,10.3381,15.5826,10.7474,15.1389,11.2144,14.6299,11.5309,14.2996,11.8875,13.9589,12.1703,13.7812,12.4181,13.5557,12.5921,13.3882,12.6532,13.2017,12.7199,13.0872
1.94797,24.5505,2.17993,24.1494,1.67037,24.0407,2.84815,23.6402,2.75891,23.1778,3.4375,23.0313,3.827,22.359,4.119,21.8377,5.08163,21.0949,5.75717,20.101,6.83142,19.3846,7.60104,18.3999,8.35042,17.8619,9.05942,17.0983,9.60216,16.5966,10.2207,15.9268,10.6502,15.4479,11.1565,14.8956,11.5006,14.5322,11.8917,14.1601,12.2007,13.9656,12.476,13.7226,12.6702,13.5432,12.7372,13.3218,12.7537,13.0872
1.94797,24.8148,2.23503,24.3778,1.67224,24.2561,2.90647,23.8658,2.73694,23.4234,3.41289,23.3167,3.82253,22.6004,4.14958,22.0119,5.19707,21.2177,5.88639,20.2106,6.94023,19.5716,7.63095,18.6589,8.29044,18.2056,8.94716,17.4702,9.46335,16.9748,10.1017,16.2737,10.5521,15.7593,11.0985,15.164,11.471,14.7683,11.8984,14.3665,12.2366,14.159,12.5455,13.9072,12.7738,13.7384,12.8847,13.545,12.9312,13.0872
1.98518,25.0414,2.32735,24.57,1.70861,24.4406,2.99186,24.0695,2.73213,23.6562,3.39765,23.5949,3.82348,22.8373,4.18399,22.1829,5.31533,21.3385,6.01713,20.3194,7.04913,19.759,7.65995,18.9193,8.22892,18.5511,8.83322,17.8438,9.32289,17.3545,9.98127,16.6219,10.4529,16.0718,11.0394,15.4331,11.4407,15.0047,11.9045,14.5732,12.272,14.3528,12.6152,14.0935,12.8805,13.9416,13.053,13.833,13.3462,14.094
1.98518,25.305,2.3825,24.7987,1.71009,24.6575,3.04894,24.2971,2.70828,23.9035,3.3715,23.8809,3.81871,23.0783,4.21537,22.3563,5.43159,21.4611,6.14615,20.4298,7.1563,19.9479,7.6873,19.181,8.16586,18.8978,8.71783,18.2184,9.18105,17.7349,9.85948,16.9704,10.3522,16.384,10.9787,15.7013,11.408,15.2391,11.9069,14.7759,12.3014,14.5391,12.6743,14.2655,12.9665,14.1139,13.1684,14.012,13.4688,14.094
1.98518,25.5683,2.43728,25.0284,1.70953,24.8776,3.10175,24.5299,2.67903,24.156,3.34042,24.171,3.81011,23.3225,4.24359,22.5325,5.54503,21.5863,6.27266,20.5423,7.26147,20.1382,7.71324,19.4437,8.10177,19.245,8.60153,18.5933,9.03821,18.1153,9.73656,17.3187,10.2501,16.6955,10.9161,15.968,11.3726,15.4706,11.905,14.9733,12.3232,14.7154,12.7192,14.4179,13.0246,14.2465,13.2269,14.1113,13.496,14.094
1.98518,25.8313,2.49208,25.2581,1.70889,25.0981,3.15416,24.7634,2.64891,24.4095,3.30823,24.4621,3.80041,23.5677,4.27074,22.7098,5.65736,21.7124,6.39838,20.6552,7.36639,20.3282,7.73937,19.7058,8.03788,19.5918,8.48516,18.968,8.89499,18.4956,9.61301,17.6668,10.1472,17.0065,10.8523,16.2337,11.3355,15.7002,11.9002,15.1672,12.3399,14.8849,12.7544,14.5567,13.0632,14.352,13.2487,14.1664,13.4838,14.094
1.98518,26.0942,2.54691,25.4877,1.70828,25.3186,3.20649,24.997,2.61868,24.663,3.27608,24.7529,3.79111,23.8121,4.2989,22.8856,5.7717,21.836,6.52713,20.7647,7.47478,20.5149,7.76849,19.9653,7.97596,19.9371,8.36977,19.3421,8.75208,18.8758,9.48944,18.015,10.0441,17.3177,10.7885,16.4996,11.2984,15.9301,11.8955,15.3614,12.3568,15.0545,12.7894,14.6947,13.0996,14.453,13.2624,14.2096,13.4599,14.094
1.98518,26.357,2.60175,25.7173,1.70766,25.5392,3.25899,25.2304,2.58923,24.9153,3.24586,25.041,3.78542,24.0518,4.333,23.0542,5.89442,21.9504,6.66546,20.8648,7.59185,20.6941,7.80392,20.2201,7.91776,20.2799,8.25617,19.7153,8.60995,19.2559,9.3663,18.3635,9.94157,17.6295,10.7254,16.7666,11.2626,16.1618,11.8933,15.5589,12.3781,15.2303,12.8328,14.8442,13.1514,14.5737,13.2991,14.2745,13.4475,14.094
1.98518,26.6197,2.65666,25.9467,1.70794,25.7579,3.31524,25.458,2.56797,25.1573,3.22789,25.3152,3.79521,24.2747,4.38537,23.2039,6.0366,22.046,6.82146,20.9495,7.72225,20.8626,7.8477,20.4689,7.86396,20.6201,8.14459,20.0876,8.46874,19.636,9.24374,18.7125,9.83964,17.9422,10.6633,17.035,11.2285,16.3959,11.8942,15.7607,12.4054,15.4145,12.888,15.0108,13.2277,14.7297,13.3849,14.4007,13.488,14.094
1.98518,26.8802,2.71919,26.1606,1.73325,25.9423,3.41385,25.6382,2.596,25.3508,3.25602,25.5465,3.84476,24.4611,4.47143,23.323,6.20605,22.1181,6.99734,21.0181,7.86527,21.0219,7.8984,20.7131,7.81344,20.9584,8.03443,20.4594,8.32817,20.0161,9.1216,19.0619,9.73817,18.2554,10.6019,17.3042,11.1955,16.6314,11.897,15.9653,12.4365,15.6043,12.9514,15.1897,13.3232,14.9168,13.5232,14.6175,13.6664,14.094
2.31779,26.8082,3.10529,26.0699,2.03511,25.8863,3.71286,25.6584,2.74782,25.4511,3.35343,25.7265,3.93285,24.6182,4.58004,23.4249,6.38892,22.1801,7.18075,21.0813,8.01207,21.1787,7.95077,20.9563,7.76363,21.2963,7.92458,20.831,8.18778,20.3962,8.99959,19.4112,9.63678,18.5686,10.5405,17.5735,11.1624,16.8669,11.8996,16.1696,12.4672,15.7938,13.0146,15.3688,13.4202,15.1086,13.6759,14.885,14.0547,15.1007
2.31779,27.0701,3.16517,26.2883,2.05509,26.0778,3.80385,25.8474,2.7672,25.6532,3.37363,25.965,3.97607,24.8105,4.66095,23.5494,6.55351,22.2572,7.35199,21.1543,8.15135,21.3412,7.99921,21.2024,7.71217,21.6353,7.81422,21.2028,8.04727,20.7763,8.87753,19.7604,9.53519,18.8815,10.4787,17.8421,11.1284,17.1011,11.9004,16.3713,12.4942,15.9779,13.0702,15.537,13.5009,15.2751,13.7848,15.0592,14.1772,15.1007
2.31779,27.3326,3.22075,26.518,2.05595,26.2977,3.85959,26.0771,2.7439,25.898,3.35284,26.2423,3.98336,25.0364,4.71112,23.7023,6.69306,22.3563,7.50496,21.2421,8.27947,21.5118,8.04224,21.4519,7.6588,21.9753,7.70345,21.5747,7.90676,21.1562,8.75547,20.1094,9.4334,19.1941,10.4163,18.1099,11.0933,17.3336,11.8988,16.5697,12.5165,16.1553,13.116,15.6908,13.5602,15.4095,13.8453,15.1617,14.2086,15.1007
2.31779,27.5952,3.27668,26.7483,2.05656,26.52,3.91233,26.3127,2.71348,26.1522,3.32145,26.5316,3.97771,25.2765,4.74712,23.8698,6.8193,22.4677,7.64812,21.3374,8.40252,21.6855,8.08395,21.7019,7.60589,22.3148,7.59343,21.946,7.76673,21.5359,8.63371,20.4583,9.3317,19.5065,10.3539,18.3774,11.0576,17.5654,11.8961,16.7661,12.5359,16.3285,13.1555,15.835,13.605,15.522,13.8742,15.2231,14.2003,15.1007
2.31779,27.858,3.3331,26.9793,2.05768,26.7439,3.9649,26.5503,2.68198,26.4086,3.2887,26.8226,3.97167,25.5168,4.78492,24.0352,6.95028,22.5737,7.79846,21.4254,8.53341,21.8523,8.13226,21.9469,7.55737,22.6514,7.48583,22.3161,7.62783,21.9153,8.5126,20.8074,9.23047,19.8192,10.2919,18.6453,11.0224,17.7976,11.8938,16.9631,12.5558,16.5023,13.1955,15.9793,13.649,15.6321,13.8972,15.2741,14.1803,15.1007
2.31779,28.1217,3.39014,27.2121,2.05943,26.9703,4.01813,26.7892,2.65309,26.6619,3.26374,27.1033,3.98166,25.738,4.84799,24.1734,7.11248,22.6495,7.97901,21.4869,8.6877,22.0008,8.19541,22.1817,7.51671,22.9837,7.38183,22.6846,7.49038,22.2945,8.39239,21.157,9.13008,20.1327,10.231,18.9144,10.9884,18.0315,11.8936,17.1627,12.5789,16.6808,13.242,16.1329,13.7061,15.7597,13.9422,15.3473,14.1737,15.1007
2.31779,28.3877,3.44805,27.4471,2.0656,27.1929,4.08654,27.0098,2.65588,26.8782,3.2874,27.3306,4.05425,25.8945,4.98111,24.2448,7.34123,22.6675,8.21188,21.5071,8.87589,22.1254,8.27686,22.4055,7.48439,23.3119,7.28124,23.0522,7.35415,22.6742,8.27308,21.5075,9.03071,20.4472,10.1715,19.1851,10.9559,18.2674,11.8959,17.3654,12.6062,16.8652,13.2971,16.2992,13.7824,15.9166,14.0304,15.4782,14.2214,15.1007
2.31779,28.649,3.53707,27.6276,2.16751,27.296,4.3079,27.07,2.83216,26.9297,3.47438,27.4101,4.26749,25.9285,5.22769,24.2227,7.65326,22.6223,8.49764,21.4909,9.09208,22.2337,8.37051,22.6243,7.45634,23.6401,7.18212,23.421,7.21827,23.055,8.15446,21.8592,8.93238,20.7629,10.1134,19.4573,10.9249,18.505,11.9002,17.5706,12.6362,17.0536,13.3582,16.4744,13.8731,16.0977,14.1621,15.6886,14.4009,15.1007
3.52127,27.7272,4.76608,26.772,3.19359,26.631,5.16465,26.6446,3.38888,26.7072,3.8724,27.3424,4.59719,25.8839,5.53969,24.1607,8.00027,22.5612,8.79774,21.4737,9.30993,22.3486,8.46101,22.8509,7.42499,23.9744,7.08145,23.7937,7.08161,23.4383,8.03629,22.2126,8.83516,21.0796,10.0566,19.7312,10.8948,18.7438,11.9056,17.7768,12.6665,17.2423,13.4197,16.6498,13.9649,16.2817,14.3043,15.9386,14.7669,16.1074
3.52127,28.0192,4.84459,26.9993,3.2739,26.7959,5.35465,26.7731,3.52958,26.8221,4.02744,27.4748,4.78642,25.9622,5.76689,24.1808,8.29149,22.5607,9.05701,21.5022,9.49719,22.4975,8.53146,23.1003,7.38264,24.3223,6.97658,24.1742,6.94335,23.8258,7.91864,22.5685,8.73938,21.3979,10.0013,20.0068,10.8655,18.9833,11.9115,17.9828,12.6955,17.4284,13.4771,16.8177,14.0451,16.4459,14.4115,16.1084,14.8912,16.1074
3.52127,28.3416,4.90384,27.3022,3.27726,27.1018,5.41118,27.0846,3.51256,27.1232,4.03162,27.7738,4.84672,26.1816,5.88899,24.3177,8.4993,22.6557,9.25123,21.605,9.63643,22.7006,8.57206,23.3848,7.325,24.6908,6.8666,24.5666,6.80361,24.22,7.80227,22.9284,8.64593,21.7183,9.94801,20.285,10.8374,19.2239,11.9182,18.1889,12.7231,17.6111,13.5297,16.976,14.1109,16.5848,14.4799,16.2143,14.9307,16.1074
3.52127,28.7072,4.96217,27.6537,3.27464,27.4683,5.44974,27.4712,3.4621,27.5094,3.99004,28.1632,4.85417,26.4951,5.95298,24.5501,8.64736,22.844,9.38883,21.7897,9.72842,22.9683,8.58245,23.7135,7.25247,25.0865,6.75307,24.9761,6.664,24.6242,7.68907,23.2945,8.55665,22.0425,9.89804,20.5672,10.8116,19.4663,11.9271,18.3962,12.7514,17.7923,13.5812,17.1287,14.1689,16.7073,14.5249,16.2828,14.9333,16.1074
3.52127,29.1392,5.01874,28.077,3.26705,27.9133,5.48041,27.9392,3.40175,27.973,3.93753,28.6252,4.85012,26.8811,5.9985,24.8606,8.76646,23.1188,9.48929,22.0589,9.78292,23.3087,8.56857,24.0957,7.1694,25.5177,6.64019,25.4104,6.52813,25.0439,7.58267,23.6707,8.47485,22.3731,9.85375,20.8556,10.7904,19.7119,11.9404,18.6062,12.7834,17.9745,13.6374,17.2825,14.2314,16.8293,14.571,16.3429,14.9287,16.1074
3.52127,29.669,5.07245,28.6039,3.25224,28.4685,5.50232,28.5178,3.33525,28.5365,3.88437,29.1731,4.85308,27.346,6.04858,25.2514,8.87828,23.4858,9.56924,22.423,9.8103,23.7349,8.53874,24.5446,7.08289,25.9958,6.53479,25.8801,6.40238,25.4874,7.48937,24.0635,8.40615,22.7149,9.81944,21.1537,10.7777,19.9622,11.9613,18.82,12.8226,18.1592,13.7039,17.4429,14.3105,16.9663,14.6442,16.4254,14.9444,16.1074
3.52127,30.3372,5.12203,29.2753,3.22865,29.172,5.51773,29.2408,3.271,29.227,3.84397,29.8273,4.88082,27.9073,6.12068,25.7403,8.99603,23.9665,9.63875,22.9056,9.81785,24.269,8.50173,25.0801,7.00224,26.5379,6.4467,26.4011,6.29684,25.967,7.41939,24.4826,8.35987,23.0751,9.80263,21.4665,10.7801,20.2197,11.9948,19.0381,12.8728,18.3452,13.7839,17.6099,14.4122,17.1256,14.7643,16.5611,15.0229,16.1074
3.52127,31.192,5.17498,30.1253,3.21832,30.0418,5.55947,30.1206,3.24373,30.0589,3.84494,30.6075,4.95413,28.5942,6.22592,26.3626,9.12257,24.601,9.6999,23.5452,9.80924,24.9436,8.46657,25.7301,6.93917,27.1671,6.38933,26.9945,6.22669,26.4998,7.38848,24.9421,8.35092,23.4645,9.81618,21.8015,10.8094,20.4883,12.05,19.2613,12.9395,18.5288,13.8782,17.7767,14.5343,17.2996,14.9319,16.7654,15.2371,16.1074
3.8333,31.9879,5.51249,30.9711,3.41528,30.9872,5.72967,31.1464,3.29443,31.0672,3.89472,31.5681,5.06631,29.4712,6.35269,27.1823,9.24526,25.4494,9.74735,24.3942,9.78644,25.8003,8.44397,26.5299,6.90877,27.913,6.38057,27.6871,6.21349,27.1078,7.41995,25.4615,8.40252,23.8983,9.88121,22.1693,10.8849,20.7748,12.1424,19.4925,13.0335,18.7071,13.989,17.9328,14.6683,17.4665,15.121,16.9978,15.6308,17.1141
3.8333,33.413,5.54699,32.411,3.3639,32.4443,5.73284,32.6077,3.25395,32.4426,3.89894,32.8407,5.16405,30.6416,6.47033,28.2836,9.34448,26.5831,9.77547,25.5125,9.75439,26.8862,8.44847,27.5206,6.93074,28.81,6.44397,28.5093,6.28686,27.8166,7.54663,26.0641,8.54923,24.3965,10.0307,22.5845,11.0369,21.09,12.2981,19.7398,13.175,18.8821,14.1252,18.0691,14.8078,17.6018,15.2963,17.1548,15.8188,17.1141
3.8333,35.232,5.56531,34.2687,3.27066,34.3207,5.68469,34.4921,3.17701,34.2216,3.87677,34.4836,5.24875,32.1774,6.57556,29.7392,9.41508,28.0693,9.78857,26.9596,9.72619,28.2492,8.50072,28.7456,7.03108,29.8947,6.61078,29.4919,6.48641,28.6512,7.81255,26.7743,8.83951,24.9823,10.3137,23.0666,11.3102,21.4502,12.5558,20.0181,13.3978,19.0658,14.3091,18.1871,14.9573,17.6932,15.4538,17.2435,15.9431,17.1141
3.8333,37.5161,5.57024,36.6087,3.15618,36.6559,5.61422,36.8349,3.09815,36.4424,3.85854,36.5404,5.34075,34.1341,6.68441,31.6097,9.46751,29.9664,9.80364,28.7902,9.72594,29.9348,8.62981,30.2465,7.24501,31.2001,6.92382,30.6599,6.86568,29.63,8.27477,27.6107,9.33638,25.6783,10.7976,23.6405,11.7679,21.8781,12.9688,20.351,13.7516,19.2841,14.5832,18.3058,15.1404,17.7416,15.6034,17.2787,16.0446,17.1141
3.8333,40.3253,5.5572,39.4971,3.02617,39.501,5.52439,39.6871,3.03034,39.1539,3.86115,39.0587,5.45486,36.5643,6.81604,33.9499,9.52058,32.324,9.84841,31.051,9.7911,31.9813,8.87855,32.0556,7.62363,32.7455,7.44413,32.0227,7.49875,30.7579,9.00667,28.5768,10.1146,26.4977,11.5657,24.3347,12.494,22.4065,13.6065,20.7699,14.3002,19.5773,15.0124,18.4696,15.4087,17.7683,15.764,17.2763,16.1407,17.1141
3.8333,43.6921,5.51937,42.9725,2.89134,42.8827,5.41451,43.0796,2.98279,42.3877,3.89564,42.0741,5.59954,39.5085,6.98772,36.8032,9.59808,35.1758,9.96059,33.7703,9.9773,34.4093,9.3162,34.1843,8.24919,34.5217,8.26081,33.5596,8.48775,32.02,10.1051,29.6569,11.2564,27.4307,12.7055,25.1739,13.5919,23.0828,14.5567,21.3153,15.1181,19.9944,15.6796,18.7494,15.853,17.8309,15.9686,17.2581,16.236,17.1141
3.8333,47.6047,5.44781,47.0266,2.76902,46.7873,5.28214,47.002,2.96553,46.1367,3.96915,45.5891,5.77624,42.9753,7.21225,40.1847,9.73193,38.5216,10.1961,36.9307,10.3691,37.1892,10.0589,36.6015,9.26407,36.4772,9.50623,35.2012,9.96288,33.3752,11.6997,30.8236,12.8554,28.4366,14.2845,26.1557,15.167,23.9711,15.9321,22.0425,16.2882,20.5851,16.6717,19.2314,16.6038,18.0503,16.2848,17.2687,16.3335,17.1141
3.8333,51.9975,5.33357,51.5868,2.68394,51.148,5.12515,51.3869,2.98957,50.3418,4.08223,49.5567,5.9751,46.9134,7.49442,44.0399,9.97763,42.2852,10.6651,40.4183,11.1064,40.1759,11.283,39.1898,10.9039,38.5196,11.386,36.8227,12.0661,34.7374,13.9484,32.0608,15.0411,29.4627,16.3311,27.2147,17.2773,25.133,17.8744,23.0366,17.9102,21.3968,18.0616,19.9866,17.8027,18.6339,16.8503,17.409,16.4581,17.1141
3.88423,56.7132,5.21125,56.4915,2.68267,55.8431,4.94468,56.1112,3.05826,54.8962,4.22975,53.8757,6.2014,51.1708,7.86443,48.1409,10.4519,46.2045,11.6121,43.9639,12.4585,43.0298,13.2079,41.649,13.4775,40.5275,14.2317,38.2993,14.9382,35.9369,16.9783,33.3661,18.0207,30.525,18.8669,28.2008,19.8479,26.5523,20.5289,24.4293,20.1288,22.493,19.9035,21.0363,19.5182,19.8589,17.9136,17.8918,16.6445,18.1208
3.88423,61.7425,4.98618,61.6791,2.71658,60.8199,4.69954,61.0566,3.14984,59.6269,4.43466,58.3164,6.63449,55.4165,8.60085,51.916,11.4197,49.5749,13.4512,47.0673,14.9706,45.2603,16.0878,43.3637,17.1712,42.2752,18.5159,39.6803,18.8088,36.7204,20.7459,34.645,22.0569,31.8412,22.0622,28.9711,22.6025,27.9743,23.9329,26.3784,23.1739,24.0078,22.2717,22.3647,21.6124,21.9592,19.8345,19.1576,16.706,18.1208
3.88423,66.9459,4.70911,66.9839,2.83744,65.9681,4.52167,66.0459,3.52816,64.0794,5.01807,62.0187,7.92618,58.8429,10.8302,54.4896,13.6306,50.9681,16.4686,48.7074,19.4744,46.5823,20.4668,43.5055,21.6523,43.0389,24.5309,41.3603,24.3348,37.0239,24.9427,35.4193,27.1778,33.8444,26.5113,29.7463,25.2113,28.7226,27.7417,28.9144,27.3589,26.2278,25.3516,24.0721,23.6412,24.8713,22.9212,22.0805,17.3302,18.1208
3.88423,72.1917,4.41998,72.1849,3.11773,70.5953,4.85815,70.0823,5.92924,67.274,8.08253,62.6117,11.1623,58.8901,16.6236,55.338,19.4896,49.1284,20.3491,46.4233,25.9666,47.1255,27.9388,42.1913,26.1601,40.9101,31.1569,43.5068,32.9806,37.8798,29.4886,34.6046,32.4255,36.6298,33.3071,31.7596,28.0176,27.8211,30.828,31.505,32.891,29.6377,29.5171,26.7453,25.007,27.9187,26.922,27.6799,19.8696,18.1208
3.88423,76.1614,5.31592,76.2041,7.96973,71.3384,8.1957,65.184,13.2534,66.0343,21.9347,59.4859,18.9553,49.0185,24.3537,52.9203,34.1401,47.7326,26.7885,36.242,29.9743,44.8077,40.8101,43.2469,32.2298,33.5484,33.8698,43.2006,45.8318,42.6346,36.5267,31.5202,35.0879,38.3038,42.9869,37.5962,33.5827,25.1643,31.1936,32.2767,39.2187,34.7751,35.1837,31.945,25.6647,29.8076,30.2462,36.2605,26.7901,18.1208
4.55537,78.1558,6.28571,78.2149,10.2582,72.2572,9.97936,64.2223,16.3659,66.2922,27.2232,59.1151,22.2242,46.3992,27.6016,52.7855,39.6948,47.9385,29.6061,33.5194,31.9813,44.7062,45.7717,44.27,34.9242,31.7656,35.4453,43.7697,50.7867,44.8907,39.5438,31.1633,36.6465,39.533,46.8847,40.2129,36.1089,24.9498,31.9866,33.2051,41.999,37.1587,37.7437,37.7437,26.555,31.1084,32.0254,39.7918,29.7681,18.7919
