SPACE_POINTS_X
50,51.5152,53.0303,54.5455,56.0606,57.5758,59.0909,60.6061,62.1212,63.6364,65.1515,66.6667,68.1818,69.697,71.2121,72.7273,74.2424,75.7576,77.2727,78.7879,80.303,81.8182,83.3333,84.8485,86.3636,87.8788,89.3939,90.9091,92.4242,93.9394,95.4545,96.9697,98.4848,100,101.515,103.03,104.545,106.061,107.576,109.091,110.606,112.121,113.636,115.152,116.667,118.182,119.697,121.212,122.727,124.242,125.758,127.273,128.788,130.303,131.818,133.333,134.848,136.364,137.879,139.394,140.909,142.424,143.939,145.455,146.97,148.485,150,151.515,153.03,154.545,156.061,157.576,159.091,160.606,162.121,163.636,165.152,166.667,168.182,169.697,171.212,172.727,174.242,175.758,177.273,178.788,180.303,181.818,183.333,184.848,186.364,187.879,189.394,190.909,192.424,193.939,195.455,196.97,198.485,200
SPACE_POINTS_Y
0,0.0204082,0.0408163,0.0612245,0.0816327,0.102041,0.122449,0.142857,0.163265,0.183673,0.204082,0.22449,0.244898,0.265306,0.285714,0.306122,0.326531,0.346939,0.367347,0.387755,0.408163,0.428571,0.44898,0.469388,0.489796,0.510204,0.530612,0.55102,0.571429,0.591837,0.612245,0.632653,0.653061,0.673469,0.693878,0.714286,0.734694,0.755102,0.77551,0.795918,0.816326,0.836735,0.857143,0.877551,0.897959,0.918367,0.938775,0.959184,0.979592,1
VALUES
0,0,0,0,0,0,0,0,0,0,0,0,0,0,0,0,0,0,0,0,0,0,0,0,0,0,0,0,0,0,0,0,0,0,0,0,0,0,0,0,0,0,0,0,0,0,0,0,0,0
0.126434,0.13969,0.154038,0.169885,0.185183,0.200409,0.215528,0.230499,0.245293,0.259891,0.274278,0.288445,0.302384,0.316091,0.329564,0.342801,0.355804,0.368572,0.381109,0.393417,0.405498,0.417358,0.428999,0.440426,0.451644,0.462659,0.473476,0.484102,0.494549,0.504828,0.514961,0.524984,0.534956,0.544982,0.555255,0.566119,0.578208,0.592684,0.61168,0.639133,0.6823,0.754593,0.880876,1.10756,1.52286,2.30286,3.84298,7.25159,16.6536,51.5152
0.238522,0.268678,0.297222,0.329782,0.360956,0.391753,0.422248,0.452406,0.482186,0.511558,0.540498,0.568988,0.597017,0.624577,0.651663,0.678275,0.704413,0.73008,0.75528,0.780019,0.804303,0.828138,0.851535,0.874501,0.897045,0.919178,0.940912,0.962261,0.983242,1.00388,1.02421,1.04429,1.06422,1.08418,1.10447,1.12567,1.1488,1.17577,1.21005,1.25805,1.3316,1.45253,1.66124,2.03272,2.70734,3.9536,6.31648,11.0638,21.8992,53.0303
0.351247,0.396579,0.4355,0.485048,0.532379,0.578912,0.624896,0.670329,0.715172,0.759386,0.802943,0.845817,0.887994,0.929463,0.970218,1.01026,1.04958,1.0882,1.12611,1.16333,1.19987,1.23572,1.27092,1.30547,1.33938,1.37268,1.40537,1.43748,1.46903,1.50006,1.5306,1.56075,1.59061,1.62042,1.65057,1.68176,1.7153,1.75354,1.80085,1.86523,1.96147,2.11687,2.38188,2.84997,3.69527,5.24556,8.13757,13.7237,25.463,54.5455
0.476647,0.537117,0.57527,0.640499,0.703902,0.766184,0.827656,0.888355,0.948246,1.00729,1.06544,1.12268,1.17899,1.23435,1.28875,1.3422,1.3947,1.44624,1.49685,1.54653,1.5953,1.64317,1.69015,1.73627,1.78154,1.82598,1.86961,1.91247,1.95458,1.99597,2.03671,2.07689,2.11664,2.15623,2.1961,2.23705,2.28056,2.32931,2.38823,2.46642,2.58063,2.76182,3.06718,3.60259,4.56485,6.32227,9.57441,15.715,27.9563,56.0606
0.476647,0.690779,0.722513,0.800592,0.879478,0.957345,1.03421,1.1101,1.18495,1.25874,1.33141,1.40293,1.47328,1.54245,1.61042,1.67719,1.74278,1.80718,1.87041,1.93248,1.99341,2.05321,2.11191,2.16953,2.22609,2.28161,2.33613,2.38967,2.44228,2.49398,2.54486,2.595,2.64457,2.69384,2.7433,2.79383,2.847,2.90574,2.97536,3.06571,3.19491,3.39646,3.73228,4.31688,5.36276,7.267,10.7789,17.3381,29.9141,56.0606
0.503504,0.834269,0.878801,0.968905,1.06255,1.15572,1.24781,1.33874,1.42843,1.51682,1.60386,1.68953,1.77379,1.85663,1.93803,2.018,2.09655,2.17367,2.24939,2.32373,2.39669,2.46832,2.53862,2.60762,2.67536,2.74186,2.80716,2.87129,2.93428,2.9962,3.05711,3.11712,3.1764,3.23525,3.29417,3.35409,3.41669,3.48503,3.56473,3.66615,3.80842,4.02686,4.38686,5.00926,6.11788,8.12995,11.8334,18.7353,31.7752,57.5758
0.54976,0.959201,1.04163,1.14758,1.25597,1.36418,1.4713,1.57709,1.68143,1.78425,1.8855,1.98513,2.08312,2.17945,2.2741,2.36709,2.45841,2.54809,2.63613,2.72256,2.8074,2.89068,2.97242,3.05266,3.13143,3.20876,3.28469,3.35926,3.43252,3.50452,3.57533,3.64508,3.71394,3.78223,3.85046,3.91961,3.99142,4.06907,4.15839,4.27014,4.42417,4.65722,5.03729,5.6902,6.84854,8.94394,12.7888,19.9495,33.4782,59.0909
0.979226,1.09635,1.2111,1.33796,1.462,1.58519,1.70715,1.82761,1.9464,2.06344,2.17868,2.29206,2.40356,2.51316,2.62085,2.72663,2.83052,2.93254,3.03269,3.13101,3.22752,3.32226,3.41525,3.50654,3.59615,3.68413,3.77052,3.85536,3.93871,4.02062,4.10118,4.18051,4.2588,4.33636,4.41375,4.49196,4.57277,4.65946,4.75804,4.87957,5.04448,5.29058,5.68795,6.36647,7.56627,9.73093,13.687,21.0217,34.9475,62.1212
1.17488,1.30759,1.39694,1.54232,1.68262,1.82088,1.95754,2.09245,2.22547,2.35651,2.4855,2.61238,2.73714,2.85976,2.98023,3.09857,3.21478,3.32888,3.4409,3.55087,3.65882,3.76479,3.8688,3.97091,4.07115,4.16957,4.26621,4.36113,4.45437,4.54601,4.63613,4.72486,4.81239,4.89906,4.98542,5.07249,5.1621,5.2576,5.36513,5.49602,5.67115,5.92921,6.34195,7.04263,8.27816,10.5041,14.5604,22.0243,36.0265,63.6364
1.17488,1.55324,1.60758,1.76404,1.91988,2.07315,2.22436,2.37352,2.52054,2.66531,2.80778,2.9479,3.08565,3.22101,3.35399,3.4846,3.61285,3.73877,3.86239,3.98374,4.10286,4.2198,4.33458,4.44727,4.55789,4.66651,4.77318,4.87794,4.98086,5.08201,5.18148,5.27941,5.37599,5.47156,5.5667,5.66244,5.76064,5.86472,5.98093,6.12081,6.30566,6.57488,7.00162,7.72193,8.98871,11.2697,15.4243,23.0361,37.1069,63.6364
1.21944,1.80259,1.84298,2.00592,2.17581,2.34372,2.50928,2.67248,2.83324,2.99148,3.14715,3.30022,3.45065,3.59845,3.74363,3.88621,4.0262,4.16364,4.29856,4.431,4.56101,4.68863,4.81392,4.9369,5.05765,5.17622,5.29265,5.40701,5.51937,5.6298,5.73839,5.84529,5.9507,6.05496,6.15867,6.26287,6.36944,6.48186,6.60649,6.75506,6.94922,7.22901,7.66877,8.40685,9.70123,12.0313,16.2796,24.059,38.3734,65.1515
1.30066,2.05239,2.10117,2.26962,2.45215,2.63418,2.81381,2.99079,3.16502,3.33644,3.50501,3.67071,3.83351,3.99344,4.15049,4.30471,4.45612,4.60475,4.75066,4.89388,5.03447,5.17248,5.30796,5.44096,5.57155,5.69978,5.82571,5.9494,6.07094,6.19039,6.30787,6.4235,6.53751,6.65023,6.76228,6.87471,6.98943,7.10997,7.24277,7.39973,7.60283,7.89273,8.34479,9.09931,10.4184,12.7918,17.126,25.0738,39.6436,66.6667
1.41047,2.29042,2.37957,2.5559,2.75031,2.94592,3.13928,3.32974,3.51715,3.70145,3.8826,4.06059,4.23542,4.40713,4.57572,4.74123,4.90371,5.06321,5.21976,5.37344,5.52428,5.67235,5.81771,5.96042,6.10055,6.23815,6.37329,6.50604,6.63648,6.76469,6.89078,7.0149,7.13725,7.2582,7.37835,7.49878,7.62142,7.74984,7.89055,8.05562,8.26734,8.56694,9.03077,9.80086,11.1427,13.554,17.9645,26.0809,40.9466,68.1818
1.53961,2.49232,2.67174,2.8645,3.07129,3.28009,3.48683,3.69046,3.89074,4.08758,4.28096,4.4709,4.65742,4.84054,5.0203,5.19675,5.36995,5.53995,5.7068,5.87058,6.03133,6.18913,6.34405,6.49615,6.64549,6.79215,6.9362,7.07772,7.21678,7.35347,7.48791,7.62024,7.75068,7.8796,8.00761,8.1358,8.26612,8.40216,8.55053,8.72345,8.94348,9.25241,9.72758,10.5126,11.8758,14.321,18.7961,27.0667,42.3211,69.697
2.48398,2.7152,2.9754,3.19464,3.41568,3.63766,3.85747,4.07395,4.28674,4.49578,4.70104,4.90256,5.10038,5.29454,5.4851,5.67211,5.85565,6.03578,6.21257,6.38608,6.5564,6.72358,6.88771,7.04886,7.2071,7.3625,7.51515,7.66512,7.81251,7.95739,8.09989,8.24016,8.37843,8.51506,8.65067,8.78637,8.92412,9.06754,9.22332,9.4038,9.63184,9.94975,10.4359,11.2355,12.6194,15.096,19.6254,28.0156,43.6359,72.7273
2.78016,3.04,3.30134,3.54703,3.78402,4.01942,4.25207,4.48104,4.706,4.92685,5.14362,5.35633,5.56506,5.76987,5.97083,6.16802,6.36151,6.55139,6.73773,6.92062,7.10012,7.27633,7.44933,7.61918,7.78598,7.9498,8.11073,8.26884,8.42424,8.57702,8.72729,8.87522,9.02103,9.1651,9.30806,9.451,9.59593,9.7465,9.90943,10.0972,10.3329,10.6595,11.1562,11.9701,13.3745,15.8815,20.4596,28.9423,44.7595,74.2424
3.11612,3.38839,3.6556,3.92362,4.17703,4.42605,4.67134,4.91248,5.14922,5.3815,5.60936,5.83286,6.0521,6.26715,6.47811,6.68506,6.88811,7.08735,7.28286,7.47473,7.66305,7.84792,8.02942,8.20762,8.38264,8.55453,8.72341,8.88935,9.05246,9.21282,9.37057,9.52587,9.67895,9.83019,9.98022,10.1302,10.282,10.4394,10.6093,10.8041,11.0472,11.382,11.8889,12.7167,14.1416,16.679,21.3034,29.8701,45.8758,75.7576
3.48479,3.76789,4.03652,4.32589,4.59558,4.8582,5.11593,5.36888,5.61701,5.8603,6.09884,6.3327,6.56202,6.78689,7.00743,7.22374,7.43593,7.64412,7.8484,8.04887,8.24563,8.43878,8.62841,8.81462,8.99749,9.17713,9.35362,9.52706,9.69755,9.8652,10.0301,10.1925,10.3526,10.5107,10.6675,10.8242,10.9827,11.1468,11.3232,11.5248,11.775,12.1178,12.6345,13.4758,14.921,17.4895,22.1592,30.7999,46.9792,77.2727
3.89939,4.18802,4.44434,4.75469,5.04043,5.3165,5.58638,5.85078,6.10987,6.36374,6.61251,6.8563,7.09525,7.32951,7.55919,7.78444,8.00536,8.22209,8.43473,8.6434,8.84821,9.04926,9.24666,9.4405,9.63088,9.81791,10.0017,10.1823,10.3598,10.5345,10.7063,10.8754,11.0422,11.2069,11.3703,11.5334,11.6983,11.8687,12.0516,12.2596,12.5167,12.8671,13.3931,14.2475,15.713,18.3136,23.0297,31.7346,48.0602,78.7879
4.38337,4.66727,4.88175,5.21085,5.5123,5.8015,6.08317,6.35862,6.62823,6.89222,7.15075,7.40401,7.65215,7.89534,8.13373,8.36746,8.59669,8.82154,9.04214,9.25861,9.47107,9.67964,9.88442,10.0855,10.2831,10.4771,10.6678,10.8553,11.0396,11.2209,11.3992,11.5749,11.748,11.9191,12.0887,12.258,12.429,12.6056,12.7945,13.0088,13.2724,13.6301,14.165,15.0319,16.5174,19.1513,23.9177,32.6815,49.1041,80.303
4.9571,5.23878,5.35611,5.69587,6.01188,6.3137,6.60674,6.89276,7.17241,7.44604,7.71386,7.9761,8.23296,8.48462,8.73127,8.97305,9.21015,9.44269,9.67083,9.89469,10.1144,10.3301,10.5419,10.7499,10.9542,11.155,11.3523,11.5462,11.737,11.9246,12.1092,12.291,12.4703,12.6474,12.823,12.9982,13.1751,13.3575,13.5523,13.7726,14.0425,14.407,14.9504,15.8293,17.3341,20.0018,24.8245,33.6564,50.0868,81.8182
4.9571,5.88209,5.87502,6.21206,6.53999,6.85359,7.15742,7.4535,7.74269,8.02544,8.30205,8.57279,8.83788,9.09754,9.35197,9.60136,9.84588,10.0857,10.3209,10.5518,10.7784,11.0008,11.2192,11.4338,11.6445,11.8516,12.0552,12.2553,12.4521,12.6457,12.8363,13.024,13.2091,13.3919,13.5732,13.7541,13.9366,14.1246,14.3251,14.5511,14.8269,15.1981,15.7495,16.6396,18.1629,20.8641,25.7476,34.6728,51.1363,81.8182
5.07576,6.52437,6.43718,6.76132,7.09749,7.42162,7.73553,8.04108,8.33925,8.63059,8.91547,9.19419,9.46702,9.7342,9.99595,10.2525,10.504,10.7506,10.9926,11.23,11.463,11.6918,11.9165,12.1372,12.354,12.5671,12.7765,12.9825,13.1851,13.3844,13.5806,13.7739,13.9645,14.1529,14.3396,14.5258,14.7137,14.907,15.1128,15.3443,15.6259,16.0034,16.5625,17.4632,19.0038,21.7374,26.683,35.7191,52.3602,83.3333
5.2925,7.16541,7.03722,7.34428,7.68509,8.01818,8.3413,8.65566,8.96222,9.26159,9.55419,9.84037,10.1204,10.3946,10.6632,10.9264,11.1845,11.4375,11.6857,11.9293,12.1684,12.4031,12.6337,12.8601,13.0827,13.3014,13.5164,13.7279,13.9359,14.1407,14.3422,14.5408,14.7367,14.9302,15.1221,15.3134,15.5064,15.7048,15.9157,16.1524,16.4394,16.823,17.3894,18.3001,19.857,22.6212,27.6282,36.7785,53.5993,84.8485
5.58694,7.79732,7.67124,7.96069,8.30322,8.64357,8.97491,9.29735,9.61167,9.91848,10.2182,10.5113,10.7981,11.0789,11.3538,11.6232,11.8873,12.1463,12.4004,12.6497,12.8944,13.1348,13.3708,13.6027,13.8306,14.0546,14.2748,14.4915,14.7047,14.9145,15.1211,15.3246,15.5255,15.7239,15.9207,16.1169,16.3147,16.5179,16.7337,16.9753,17.2676,17.6569,18.2302,19.1505,20.7227,23.5154,28.582,37.8511,54.8605,86.3636
5.94076,8.40314,8.33439,8.60972,8.95196,9.29796,9.63646,9.96619,10.2876,10.6012,10.9076,11.2071,11.5,11.7868,12.0676,12.3428,12.6125,12.877,13.1365,13.3911,13.6411,13.8866,14.1278,14.3647,14.5976,14.8265,15.0517,15.2732,15.4912,15.7058,15.9171,16.1254,16.3309,16.534,16.7354,16.9362,17.1386,17.3464,17.5668,17.8131,18.1103,18.5052,19.0851,20.0145,21.6008,24.42,29.5428,38.9349,56.1531,87.8788
6.33526,8.95457,9.01848,9.2897,9.63107,9.98138,10.326,10.6622,10.99,11.3098,11.6221,11.9274,12.226,12.5183,12.8045,13.0849,13.3598,13.6294,13.8939,14.1535,14.4083,14.6586,14.9045,15.1461,15.3837,15.6172,15.847,16.073,16.2955,16.5145,16.7303,16.943,17.1529,17.3604,17.5661,17.7713,17.978,18.1901,18.4149,18.6657,18.9677,19.3677,19.954,20.892,22.4918,25.3353,30.5093,40.0242,57.4906,89.3939
6.74894,9.40867,9.70919,9.99759,10.3399,10.6937,11.0434,11.3852,11.7186,12.044,12.3618,12.6723,12.976,13.2733,13.5644,13.8496,14.1292,14.4034,14.6725,14.9366,15.1959,15.4506,15.7009,15.9468,16.1886,16.4265,16.6604,16.8907,17.1174,17.3406,17.5606,17.7774,17.9914,18.203,18.4128,18.6221,18.8329,19.0491,19.278,19.5331,19.8395,20.2445,20.8369,21.7831,23.3958,26.2618,31.4811,41.1071,58.8931,90.9091
9.55988,9.93334,10.4046,10.7301,11.0775,11.4345,11.7885,12.1351,12.4735,12.8037,13.1263,13.4415,13.7498,14.0515,14.347,14.6365,14.9204,15.1988,15.4721,15.7403,16.0037,16.2624,16.5167,16.7666,17.0124,17.2541,17.492,17.7262,17.9568,18.1839,18.4077,18.6284,18.8463,19.0617,19.2754,19.4885,19.7031,19.9232,20.156,20.4151,20.7258,21.1355,21.7337,22.6877,24.3128,27.2003,32.4603,42.1748,60.2427,93.9394
10.2437,10.6846,11.1281,11.4869,11.8429,12.2034,12.561,12.9117,13.2543,13.5887,13.9154,14.2347,14.5471,14.8528,15.1522,15.4456,15.7332,16.0154,16.2924,16.5643,16.8314,17.0938,17.3517,17.6053,17.8547,18.1001,18.3416,18.5793,18.8135,19.0442,19.2716,19.4959,19.7174,19.9364,20.1537,20.3703,20.5886,20.8123,21.0488,21.3117,21.6264,22.0406,22.6442,23.6059,25.2427,28.1509,33.4497,43.2389,61.4546,95.4545
11.0195,11.4581,11.8918,12.2702,12.6355,13,13.3607,13.7146,14.0607,14.3988,14.729,15.0518,15.3676,15.6768,15.9796,16.2764,16.5674,16.853,17.1333,17.4085,17.6789,17.9446,18.2058,18.4627,18.7154,18.964,19.2088,19.4499,19.6873,19.9214,20.1521,20.3797,20.6045,20.8269,21.0475,21.2676,21.4892,21.7163,21.9563,22.2227,22.5412,22.9597,23.5685,24.5373,26.1856,29.1138,34.4503,44.313,62.6742,96.9697
11.8228,12.2621,12.6913,13.0818,13.4553,13.8236,14.187,14.5437,14.8925,15.2335,15.5667,15.8924,16.2112,16.5233,16.829,17.1287,17.4227,17.7112,17.9944,18.2726,18.5459,18.8145,19.0787,19.3385,19.5942,19.8458,20.0936,20.3377,20.5781,20.8152,21.049,21.2797,21.5076,21.733,21.9568,22.18,22.4048,22.6351,22.8783,23.148,23.4701,23.8926,24.5064,25.4821,27.1413,30.0888,35.4621,45.3967,63.9007,98.4848
12.6574,13.0972,13.5242,13.9222,14.3022,14.6741,15.0397,15.3984,15.7494,16.0926,16.4281,16.7562,17.0774,17.3919,17.7001,18.0023,18.2988,18.5898,18.8755,19.1562,19.4321,19.7034,19.9701,20.2326,20.4909,20.7452,20.9956,21.2424,21.4857,21.7255,21.9621,22.1956,22.4263,22.6547,22.8813,23.1074,23.3351,23.5684,23.8146,24.0875,24.4129,24.8393,25.4577,26.44,28.1096,31.0758,36.4847,46.4897,65.1337,100
13.5238,13.9633,14.389,14.7914,15.1762,15.5509,15.9182,16.2783,16.6308,16.9756,17.3129,17.6428,17.9659,18.2823,18.5925,18.8967,19.1953,19.4884,19.7763,20.0592,20.3373,20.6108,20.8798,21.1445,21.4052,21.6619,21.9147,22.164,22.4097,22.652,22.8911,23.1272,23.3606,23.5915,23.8208,24.0496,24.2801,24.5161,24.7651,25.041,25.3695,25.7995,26.4224,27.4109,29.0905,32.0746,37.5179,47.5915,66.3728,101.515
14.422,14.8602,15.2845,15.6892,16.077,16.4537,16.8221,17.1831,17.5365,17.8823,18.2207,18.5519,18.8763,19.1942,19.5059,19.8117,20.1119,20.4067,20.6964,20.9811,21.2611,21.5364,21.8074,22.0742,22.3369,22.5956,22.8506,23.102,23.3499,23.5945,23.836,24.0744,24.3101,24.5435,24.7752,25.0065,25.2394,25.478,25.7297,26.0083,26.3398,26.7731,27.4002,28.3947,30.0839,33.0851,38.5617,48.7021,67.6178,103.03
15.3514,15.7874,16.2098,16.615,17.0043,17.382,17.751,18.1122,18.4658,18.8121,19.151,19.483,19.8082,20.1271,20.4398,20.7468,21.0483,21.3444,21.6355,21.9217,22.2031,22.4801,22.7527,23.0212,23.2856,23.5462,23.803,24.0563,24.3062,24.5528,24.7963,25.0368,25.2747,25.5102,25.7442,25.9777,26.213,26.454,26.7081,26.9892,27.3234,27.7599,28.3911,29.3913,31.0895,34.1072,39.6159,49.8212,68.8685,104.545
16.3115,16.7443,17.1639,17.5683,17.9577,18.3356,18.7043,19.0651,19.4185,19.7645,20.1035,20.4356,20.7612,21.0806,21.394,21.7017,22.004,22.3011,22.5932,22.8805,23.1632,23.4414,23.7154,23.9852,24.2511,24.5132,24.7716,25.0266,25.2782,25.5265,25.7719,26.0143,26.2541,26.4916,26.7276,26.9632,27.2006,27.4438,27.7001,27.9836,28.3204,28.7598,29.3948,30.4004,32.1074,35.1407,40.6803,50.9486,70.1245,106.061
17.3017,17.73,18.146,18.5484,18.9368,19.3138,19.6816,20.0414,20.3938,20.7392,21.0777,21.4095,21.735,22.0544,22.368,22.676,22.9788,23.2765,23.5692,23.8573,24.1409,24.4201,24.6951,24.966,25.2331,25.4964,25.7562,26.0125,26.2656,26.5155,26.7624,27.0065,27.248,27.4874,27.7252,27.9627,28.202,28.4471,28.7055,28.9912,29.3304,29.7726,30.4111,31.4219,33.1373,36.1857,41.7548,52.0841,71.3856,107.576
18.321,18.7438,19.1553,19.5547,19.9409,20.3161,20.6823,21.0405,21.3914,21.7355,22.073,22.404,22.7289,23.0479,23.3613,23.6693,23.9721,24.27,24.5632,24.8517,25.1358,25.4157,25.6914,25.9632,26.2312,26.4955,26.7564,27.0139,27.2682,27.5194,27.7677,28.0133,28.2563,28.4972,28.7367,28.9759,29.217,29.4639,29.7242,30.0119,30.3532,30.7981,31.4399,32.4556,34.1791,37.2419,42.8392,53.2273,72.6516,109.091
19.3687,19.785,20.191,20.5865,20.9695,21.3421,21.7058,22.0618,22.4108,22.7531,23.089,23.4187,23.7426,24.0608,24.3735,24.6811,24.9837,25.2815,25.5746,25.8633,26.1477,26.4279,26.7041,26.9765,27.2451,27.5102,27.7719,28.0304,28.2857,28.538,28.7875,29.0343,29.2787,29.521,29.7619,30.0026,30.2453,30.4939,30.7559,31.0454,31.3888,31.836,32.4811,33.5015,35.2326,38.3092,43.9335,54.3782,73.9222,110.606
20.4439,20.8526,21.252,21.643,22.0219,22.391,22.7516,23.1048,23.4512,23.7912,24.1251,24.4532,24.7755,25.0925,25.4043,25.7111,26.013,26.3104,26.6032,26.8918,27.1761,27.4564,27.7329,28.0055,28.2746,28.5402,28.8025,29.0616,29.3177,29.571,29.8214,30.0693,30.3148,30.5584,30.8006,31.0426,31.2867,31.5368,31.8004,32.0915,32.4368,32.8862,33.5343,34.5592,36.2978,39.3876,45.0376,55.5364,75.197,112.121
21.5458,21.9459,22.3375,22.7233,23.0974,23.4623,23.8192,24.169,24.5123,24.8495,25.1809,25.5068,25.8273,26.1427,26.4531,26.7587,27.0597,27.3563,27.6486,27.9367,28.2207,28.5009,28.7772,29.05,29.3192,29.5851,29.8478,30.1074,30.3641,30.6181,30.8693,31.1181,31.3645,31.6091,31.8525,32.0957,32.341,32.5924,32.8574,33.1501,33.497,33.9485,34.5994,35.6285,37.3743,40.4771,46.1515,56.7018,76.4756,113.636
22.6738,23.0642,23.4466,23.8268,24.1953,24.5552,24.9078,25.2536,25.5933,25.9273,26.2559,26.5792,26.8974,27.2108,27.5194,27.8236,28.1234,28.4189,28.7103,28.9977,29.2812,29.5609,29.8369,30.1095,30.3786,30.6446,30.9075,31.1674,31.4245,31.679,31.9308,32.1803,32.4276,32.673,32.9173,33.1616,33.408,33.6606,33.9268,34.2209,34.5694,35.0228,35.6762,36.7094,38.4622,41.5774,47.2751,57.8741,77.7574,115.152
23.8275,24.207,24.5783,24.9526,25.3148,25.6693,26.0168,26.3582,26.6939,27.0242,27.3494,27.6697,27.9853,28.2963,28.603,28.9053,29.2035,29.4977,29.7879,30.0743,30.357,30.6361,30.9116,31.1837,31.4526,31.7184,31.9813,32.2413,32.4986,32.7534,33.0057,33.2557,33.5036,33.7498,33.9949,34.24,34.4874,34.741,35.0083,35.3036,35.6535,36.1086,36.7644,37.8016,39.5611,42.6884,48.4085,59.0533,79.0418,116.667
25.0071,25.3741,25.7319,26.0997,26.4553,26.8036,27.1457,27.4821,27.8132,28.1394,28.4609,28.7779,29.0905,29.3989,29.7032,30.0034,30.2997,30.5923,30.8811,31.1663,31.4479,31.7261,32.0009,32.2724,32.5408,32.8062,33.0688,33.3288,33.5862,33.8411,34.0937,34.344,34.5924,34.8392,35.0849,35.3308,35.5789,35.8334,36.1018,36.3982,36.7493,37.206,37.864,38.9048,40.6709,43.8102,49.5519,60.2392,80.3279,118.182
26.2132,26.566,26.9063,27.2675,27.616,27.9577,28.2937,28.6247,28.9509,29.2726,29.59,29.9033,30.2126,30.518,30.8195,31.1174,31.4116,31.7023,31.9895,32.2732,32.5535,32.8306,33.1044,33.3751,33.6428,33.9077,34.1699,34.4296,34.6868,34.9417,35.1944,35.445,35.6937,35.9409,36.1871,36.4336,36.6825,36.9377,37.2069,37.5042,37.8565,38.3146,38.9747,40.0189,41.7913,44.9425,50.7053,61.4321,81.6144,119.697
27.4479,27.7839,28.1012,28.4551,28.7961,29.1306,29.4602,29.7853,30.1062,30.423,30.736,31.0453,31.3509,31.653,31.9517,32.2469,32.5388,32.8273,33.1126,33.3946,33.6735,33.9492,34.2218,34.4915,34.7584,35.0225,35.2841,35.5434,35.8003,36.0551,36.3077,36.5584,36.8073,37.0547,37.3013,37.5483,37.7977,38.0536,38.3235,38.6217,38.9749,39.4343,40.0963,41.1436,42.9222,46.0852,51.869,62.6322,82.8998,121.212
28.7148,29.0302,29.3161,29.6617,29.9948,30.3219,30.6446,30.9634,31.2785,31.5902,31.8984,32.2034,32.5051,32.8037,33.0991,33.3914,33.6807,33.9669,34.25,34.5302,34.8074,35.0816,35.3528,35.6213,35.8871,36.1504,36.4112,36.6698,36.9264,37.1808,37.4333,37.6838,37.9328,38.1804,38.4273,38.6746,38.9244,39.1808,39.4513,39.7502,40.1044,40.5649,41.2285,42.2788,44.0632,47.238,53.0432,63.8405,84.1818,122.727
30.0197,30.3094,30.5514,30.8866,31.2115,31.5306,31.8461,32.1583,32.4674,32.7735,33.0767,33.3771,33.6746,33.9694,34.2614,34.5506,34.837,35.1206,35.4015,35.6795,35.9548,36.2273,36.497,36.7642,37.0287,37.2909,37.5508,37.8087,38.0646,38.3186,38.5708,38.8212,39.07,39.3177,39.5647,39.8122,40.0623,40.3191,40.5901,40.8896,41.2446,41.7061,42.3713,43.4243,45.2141,48.4005,54.228,65.0586,85.4576,124.242
31.3687,31.6285,31.8082,32.1294,32.4453,32.7563,33.0641,33.3694,33.6722,33.9725,34.2704,34.5659,34.859,35.1497,35.438,35.7238,36.0072,36.2881,36.5664,36.8423,37.1155,37.3861,37.6541,37.9197,38.1828,38.4438,38.7027,38.9597,39.2148,39.4682,39.72,39.9701,40.2187,40.4663,40.7133,40.9609,41.2113,41.4684,41.7397,42.0397,42.3953,42.8578,43.5244,44.5799,46.3748,49.5725,55.4232,66.289,86.7232,125.758
32.705,32.9932,33.0885,33.3898,33.6956,33.998,34.298,34.5961,34.8922,35.1865,35.4788,35.7692,36.0577,36.3441,36.6285,36.9109,37.191,37.4689,37.7446,38.018,38.289,38.5576,38.8237,39.0876,39.3492,39.6088,39.8665,40.1224,40.3767,40.6294,40.8806,41.1303,41.3786,41.626,41.8729,42.1206,42.371,42.6283,42.8999,43.2003,43.5565,44.0198,44.6877,45.7454,47.545,50.7534,56.6281,67.536,87.9733,127.273
32.705,34.3121,34.3885,34.6674,34.9619,35.2553,35.5471,35.8377,36.127,36.415,36.7015,36.9866,37.2702,37.5522,37.8326,38.1112,38.3879,38.6627,38.9356,39.2064,39.475,39.7414,40.0055,40.2676,40.5275,40.7856,41.0419,41.2967,41.55,41.8019,42.0524,42.3015,42.5495,42.7966,43.0433,43.2908,43.5413,43.7986,44.0705,44.3712,44.7278,45.1918,45.8608,46.9207,48.7246,51.943,57.8414,68.7984,89.3085,127.273
35.4243,35.6251,35.7022,35.9611,36.2435,36.5274,36.8108,37.0937,37.376,37.6574,37.938,38.2176,38.4961,38.7735,39.0496,39.3243,39.5975,39.8691,40.1389,40.407,40.6731,40.9372,41.1992,41.4592,41.7174,41.9738,42.2286,42.4821,42.7344,42.9853,43.235,43.4836,43.731,43.9777,44.2242,44.4715,44.7219,44.9792,45.2512,45.5521,45.9091,46.3737,47.0438,48.1055,49.9133,53.1411,59.0624,70.0692,90.6782,130.303
35.4243,36.9866,37.0307,37.27,37.5396,37.8137,38.0885,38.3635,38.6385,38.9133,39.1877,39.4616,39.7349,40.0075,40.2792,40.5499,40.8194,41.0876,41.3543,41.6195,41.883,42.1446,42.4044,42.6623,42.9185,43.1731,43.4264,43.6785,43.9296,44.1795,44.4284,44.6762,44.923,45.1692,45.4153,45.6624,45.9126,46.1698,46.4418,46.7428,47.1001,47.5652,48.2363,49.2998,51.1112,54.3473,60.2905,71.348,92.0277,130.303
38.1716,38.3409,38.3743,38.5931,38.8495,39.1135,39.3795,39.6465,39.9141,40.182,40.4501,40.7182,40.9862,41.2538,41.521,41.7876,42.0532,42.3179,42.5814,42.8436,43.1043,43.3634,43.6208,43.8765,44.1306,44.3834,44.635,44.8856,45.1353,45.3841,45.632,45.879,46.1252,46.3708,46.6165,46.8632,47.1131,47.3703,47.6422,47.9432,48.3007,48.7663,49.4381,50.5033,52.318,55.5617,61.5251,72.6352,93.4121,133.333
38.1716,39.741,39.734,39.93,40.1727,40.4262,40.6832,40.9421,41.2021,41.4631,41.7248,41.9869,42.2494,42.512,42.7745,43.0368,43.2986,43.5596,43.8198,44.0789,44.3367,44.5932,44.8481,45.1015,45.3534,45.6042,45.854,46.103,46.3513,46.599,46.8458,47.0919,47.3374,47.5824,47.8275,48.0738,48.3234,48.5803,48.8521,49.1531,49.5107,49.9766,50.6492,51.7158,53.5336,56.784,62.7655,73.9303,94.7798,133.333
38.4005,40.9639,41.0988,41.2795,41.5084,41.7512,41.9991,42.2497,42.5021,42.756,43.0111,43.2672,43.5241,43.7816,44.0394,44.2973,44.555,44.8124,45.0691,45.325,45.5799,45.8336,46.0859,46.3369,46.5866,46.8353,47.0832,47.3305,47.5774,47.8237,48.0695,48.3146,48.5592,48.8036,49.0481,49.2939,49.5431,49.7997,50.0712,50.3722,50.7298,51.196,51.8693,52.9373,54.758,58.0145,64.0113,75.2265,96.2863,134.848
42.0949,42.2017,42.4584,42.6394,42.8557,43.0879,43.3265,43.5688,43.8135,44.0603,44.3088,44.5587,44.8099,45.0621,45.3152,45.5686,45.8223,46.0758,46.329,46.5817,46.8335,47.0844,47.3341,47.5826,47.8299,48.0764,48.3223,48.5678,48.8132,49.0582,49.3028,49.5469,49.7906,50.0342,50.2781,50.5233,50.7721,51.0283,51.2996,51.6003,51.9579,52.4243,53.0982,54.1676,55.9909,59.2531,65.263,76.5147,97.7394,137.879
43.3899,43.5975,43.8237,44.008,44.2138,44.4356,44.665,44.8988,45.1358,45.3754,45.6172,45.8609,46.1064,46.3533,46.6014,46.8504,47.0999,47.3495,47.5992,47.8485,48.0973,48.3452,48.5922,48.8381,49.083,49.3272,49.571,49.8147,50.0585,50.3021,50.5454,50.7885,51.0313,51.274,51.5172,51.7618,52.01,52.2658,52.5368,52.8373,53.1948,53.6614,54.3358,55.4064,57.2324,60.4999,66.5217,77.8023,99.0966,139.394
44.8067,44.9945,45.2021,45.3853,45.582,45.7937,46.0139,46.2393,46.4686,46.7009,46.9359,47.1734,47.413,47.6546,47.8978,48.1422,48.3875,48.6333,48.8792,49.1252,49.3708,49.6158,49.86,50.1032,50.3456,50.5875,50.8291,51.071,51.313,51.5551,51.7972,52.0392,52.281,52.5228,52.7652,53.0092,53.2569,53.5122,53.7827,54.083,54.4403,54.9069,55.5818,56.6536,58.4821,61.7547,67.7877,79.0958,100.458,140.909
46.2252,46.4003,46.5914,46.7712,46.9595,47.1615,47.3726,47.5897,47.8112,48.0363,48.2646,48.4957,48.7295,48.9657,49.204,49.4438,49.6848,49.9266,50.1689,50.4114,50.6538,50.8958,51.1372,51.3777,51.6175,51.8569,52.0964,52.3362,52.5766,52.8172,53.058,53.2988,53.5395,53.7804,54.0221,54.2653,54.5124,54.7671,55.0373,55.3371,55.6943,56.1609,56.8361,57.9091,59.74,63.0175,69.061,80.3949,101.822,142.424
47.6515,47.8142,47.9905,48.1654,48.3458,48.5385,48.7407,48.9495,49.1633,49.3812,49.6027,49.8275,50.0554,50.2862,50.5195,50.7547,50.9914,51.2292,51.4678,51.7069,51.9461,52.185,52.4235,52.6613,52.8984,53.1353,53.3725,53.6103,53.8488,54.0879,54.3274,54.567,54.8067,55.0466,55.2874,55.5299,55.7763,56.0305,56.3001,56.5996,56.9565,57.4231,58.0986,59.1726,61.0058,64.2881,70.3414,81.6993,103.189,143.939
49.0854,49.2362,49.3983,49.5675,49.7403,49.9242,50.1176,50.3183,50.5244,50.7351,50.9498,51.1683,51.3903,51.6157,51.844,52.0746,52.307,52.5408,52.7757,53.0113,53.2472,53.4831,53.7186,53.9536,54.1881,54.4224,54.6572,54.8929,55.1297,55.3672,55.6052,55.8436,56.0822,56.3212,56.5611,56.8028,57.0484,57.3021,57.5712,57.8702,58.2268,58.6932,59.369,60.4439,62.2795,65.5665,71.629,83.009,104.559,145.455
50.5272,50.6662,50.814,50.9772,51.1425,51.3179,51.5029,51.6955,51.894,52.0976,52.3055,52.5177,52.7339,52.9538,53.1772,53.4031,53.6313,53.8611,54.0922,54.3243,54.557,54.7897,55.0223,55.2545,55.4862,55.7179,55.9503,56.1839,56.4188,56.6547,56.8914,57.1285,57.366,57.6039,57.8429,58.0838,58.3287,58.5816,58.8502,59.1488,59.505,59.9713,60.6472,61.723,63.5609,66.8524,72.9237,84.3238,105.93,146.97
51.9772,52.1044,52.237,52.3941,52.552,52.7193,52.896,53.0807,53.2718,53.4682,53.6695,53.8754,54.0857,54.3003,54.5186,54.74,54.9639,55.1897,55.4171,55.6457,55.875,56.1047,56.3343,56.5636,56.7926,57.0216,57.2515,57.4829,57.7159,57.9502,58.1855,58.4214,58.6577,58.8946,59.1326,59.3727,59.6168,59.8691,60.137,60.4351,60.7909,61.257,61.9331,63.0097,64.8498,68.1459,74.2256,85.6436,107.303,148.485
53.4364,53.5512,53.6667,53.8175,53.9684,54.1278,54.2965,54.4735,54.6572,54.8467,55.0413,55.2409,55.4454,55.6546,55.8681,56.0849,56.3045,56.5264,56.75,56.9751,57.2012,57.4278,57.6544,57.8808,58.1069,58.3332,58.5606,58.7898,59.0209,59.2536,59.4875,59.7221,59.9572,60.1931,60.4302,60.6693,60.9127,61.1642,61.4315,61.7291,62.0845,62.5503,63.2264,64.3038,66.146,69.4467,75.5346,86.9687,108.676,150
54.906,55.0074,55.1026,55.2472,55.3912,55.543,55.704,55.8735,56.05,56.2325,56.4206,56.614,56.8127,57.0166,57.2252,57.4375,57.6529,57.8708,58.0907,58.3124,58.5351,58.7586,58.9823,59.2058,59.4291,59.6526,59.8774,60.1043,60.3335,60.5646,60.7971,61.0304,61.2644,61.4992,61.7353,61.9735,62.2161,62.4669,62.7335,63.0305,63.3854,63.8509,64.527,65.6051,67.4493,70.7548,76.8509,88.2991,110.049,151.515
56.3884,56.4746,56.5447,56.6827,56.82,56.9645,57.1181,57.2802,57.4496,57.6254,57.807,57.9942,58.1872,58.3858,58.5896,58.7975,59.0087,59.2227,59.439,59.6571,59.8766,60.097,60.3177,60.5383,60.7588,60.9794,61.2016,61.4262,61.6535,61.8831,62.1141,62.3461,62.5789,62.8127,63.0478,63.2851,63.5268,63.7769,64.0428,64.3392,64.6936,65.1588,65.8349,66.9135,68.7597,72.0699,78.1746,89.6352,111.42,153.03
57.8866,57.9552,57.9931,58.1238,58.2545,58.3919,58.5382,58.6933,58.8559,59.025,59.2002,59.3813,59.5686,59.762,59.961,60.1645,60.3717,60.5818,60.7944,61.0091,61.2254,61.4427,61.6605,61.8782,62.0957,62.3136,62.533,62.7553,62.9807,63.2087,63.4383,63.6691,63.9008,64.1334,64.3675,64.6039,64.8448,65.094,65.3593,65.6551,66.0089,66.4737,67.1497,68.2288,70.0769,73.3919,79.5057,90.9779,112.788,154.545
59.4051,59.4525,59.4482,59.57,59.6942,59.8248,59.9642,60.1124,60.2683,60.4309,60.5998,60.775,60.9566,61.1449,61.3392,61.5384,61.7415,61.9478,62.1569,62.3682,62.5812,62.7955,63.0103,63.2252,63.4398,63.6548,63.8715,64.0914,64.3149,64.5413,64.7696,64.9991,65.2296,65.4612,65.6943,65.9298,66.1698,66.4182,66.6828,66.9779,67.3312,67.7956,68.4714,69.5509,71.4008,74.7206,80.8441,92.3282,114.151,156.061
60.9447,60.9715,60.9111,61.0213,61.1389,61.2629,61.3956,61.5372,61.6865,61.8428,62.0056,62.1748,62.3509,62.5341,62.7238,62.9188,63.118,63.3205,63.5261,63.734,63.9439,64.1552,64.3671,64.579,64.7908,65.0029,65.2168,65.4343,65.6559,65.8808,66.1077,66.336,66.5654,66.7959,67.028,67.2625,67.5016,67.7493,68.0131,68.3076,68.6603,69.1243,69.7999,70.8797,72.7313,76.0557,82.1897,93.6877,115.506,157.576
62.4217,62.513,62.3831,62.4778,62.5882,62.7058,62.8321,62.9672,63.1103,63.2605,63.4172,63.5806,63.7512,63.9293,64.1146,64.3055,64.5008,64.6997,64.9017,65.1064,65.3132,65.5214,65.7305,65.9396,66.1485,66.3576,66.5687,66.7837,67.0035,67.2269,67.4526,67.6797,67.9079,68.1374,68.3684,68.602,68.8402,69.0871,69.3501,69.6439,69.9961,70.4596,71.135,72.2151,74.0681,77.397,83.5419,95.0589,116.851,159.091
62.4217,63.9921,63.8608,63.9391,64.0419,64.1532,64.2733,64.4023,64.5393,64.6835,64.8343,64.9919,65.1571,65.3303,65.5113,65.6982,65.8897,66.085,66.2837,66.4851,66.6888,66.8941,67.1003,67.3067,67.5127,67.7188,67.927,68.1396,68.3575,68.5795,68.8039,69.0298,69.257,69.4854,69.7155,69.9481,70.1854,70.4314,70.6937,70.9868,71.3384,71.8014,72.4766,73.5568,75.4111,78.7443,84.9001,96.4404,118.267,159.091
65.4618,65.4568,65.3398,65.4049,65.4999,65.6049,65.7189,65.8421,65.9733,66.1116,66.2567,66.4087,66.5685,66.7368,66.9135,67.0967,67.2845,67.4764,67.6717,67.8699,68.0706,68.2731,68.4765,68.68,68.8832,69.0863,69.2915,69.5016,69.7176,69.9383,70.1616,70.3864,70.6124,70.8398,71.0689,71.3006,71.537,71.7822,72.0437,72.3362,72.6871,73.1496,73.8246,74.9049,76.7604,80.0975,86.2639,97.8274,119.707,162.121
65.4618,66.948,66.8208,66.8745,66.9617,67.0605,67.1688,67.2862,67.4119,67.5445,67.684,67.8305,67.9851,68.1486,68.3212,68.5006,68.685,68.8734,69.0654,69.2606,69.4583,69.658,69.8587,70.0595,70.2598,70.4599,70.6622,70.8696,71.0838,71.3033,71.5254,71.7492,71.9742,72.2005,72.4286,72.6594,72.895,73.1393,73.4,73.6918,74.0421,74.5041,75.1787,76.2591,78.1156,81.4563,87.6331,99.2198,121.133,162.121
68.4276,68.4208,68.304,68.3475,68.4271,68.5198,68.6225,68.7346,68.8548,68.9821,69.1161,69.2572,69.4066,69.5654,69.734,69.9099,70.0908,70.276,70.4649,70.657,70.8519,71.0487,71.2467,71.4449,71.6424,71.8394,72.0386,72.2434,72.4559,72.6742,72.8953,73.118,73.342,73.5674,73.7945,74.0244,74.259,74.5025,74.7625,75.0535,75.4032,75.8647,76.539,77.6194,79.4768,82.8208,89.0075,100.618,122.582,165.152
68.4276,69.913,69.7893,69.8236,69.8958,69.9826,70.0798,70.1867,70.3018,70.424,70.5527,70.6885,70.8327,70.987,71.1517,71.3242,71.5019,71.6839,71.8697,72.0589,72.2509,72.4451,72.6404,72.836,73.0307,73.2248,73.4208,73.6229,73.8336,74.0509,74.271,74.4928,74.7158,74.9402,75.1664,75.3953,75.6291,75.8717,76.1309,76.4212,76.7703,77.2313,77.9053,78.9856,80.8437,84.1908,90.3869,102.02,124.019,165.152
71.3954,71.3855,71.2763,71.3023,71.3675,71.4485,71.5406,71.6425,71.7528,71.8699,71.9936,72.1242,72.2634,72.4131,72.574,72.7434,72.918,73.0969,73.2797,73.4661,73.6554,73.8469,74.0397,74.2327,74.4247,74.6157,74.8086,75.0078,75.2168,75.4333,75.6525,75.8733,76.0954,76.3188,76.5441,76.7722,77.0051,77.2469,77.5053,77.7949,78.1433,78.6038,79.2774,80.3577,82.2164,85.5662,91.7711,103.428,125.479,168.182
71.3954,72.8747,72.765,72.7836,72.8421,72.9174,73.0044,73.1017,73.2074,73.3197,73.4385,73.5641,73.6983,73.8434,74.0008,74.1673,74.3388,74.5148,74.6947,74.8784,75.065,75.254,75.4443,75.6348,75.8242,76.0122,76.2017,76.398,76.6053,76.8211,77.0395,77.2595,77.4807,77.7032,77.9276,78.1547,78.3868,78.6278,78.8854,79.1743,79.5221,79.982,80.6553,81.7355,83.5948,86.9468,93.1599,104.841,126.93,168.182
74.3476,74.3415,74.2548,74.267,74.3192,74.3891,74.4712,74.564,74.6654,74.7732,74.8873,75.008,75.1372,75.2779,75.4318,75.5956,75.7643,75.9375,76.1146,76.2956,76.4796,76.6661,76.8541,77.0422,77.229,77.4139,77.6,77.7933,77.9989,78.2142,78.432,78.6512,78.8715,79.0932,79.3167,79.5429,79.7741,80.0143,80.2711,80.5593,80.9065,81.3659,82.0388,83.1189,84.9787,88.3327,94.5531,106.258,128.405,171.212
74.3476,75.8204,75.7452,75.7524,75.7987,75.8633,75.9407,76.0293,76.1266,76.2301,76.3397,76.4557,76.58,76.7162,76.8668,77.0281,77.1943,77.3647,77.5392,77.7176,77.8991,78.0832,78.2689,78.4546,78.6389,78.8209,79.0035,79.1935,79.3974,79.6125,79.8298,80.0483,80.2678,80.4886,80.7112,80.9366,81.167,81.4063,81.6624,81.9499,82.2964,82.7553,83.4278,84.5079,86.368,89.7239,95.9506,107.678,129.873,171.212
77.2634,77.2722,77.2353,77.2394,77.2802,77.3398,77.4127,77.4973,77.5908,77.6902,77.7956,77.9069,78.0264,78.1582,78.3056,78.4648,78.6284,78.7963,78.9683,79.1442,79.3233,79.5051,79.6885,79.872,80.0538,80.2329,80.4119,80.5985,80.8007,81.0159,81.2327,81.4506,81.6694,81.8894,82.1111,82.3357,82.5653,82.8038,83.0591,83.3459,83.6918,84.1501,84.8223,85.9022,87.7627,91.1201,97.3522,109.101,131.368,174.242
77.2634,78.7288,78.7241,78.7277,78.7637,78.8185,78.887,78.9678,79.0579,79.1535,79.2547,79.3616,79.4763,79.6037,79.748,79.9054,80.0667,80.2322,80.4017,80.5752,80.752,80.9316,81.1129,81.2942,81.4737,81.6498,81.8252,82.0081,82.2086,82.4242,82.6407,82.8581,83.0762,83.2954,83.5163,83.74,83.9688,84.2066,84.4611,84.7472,85.0925,85.5502,86.222,87.3018,89.1628,92.5215,98.758,110.525,132.861,174.242
80.2156,80.1556,80.2102,80.2169,80.2489,80.2991,80.3635,80.4407,80.5276,80.6196,80.7169,80.8196,80.9296,81.0524,81.1937,81.3497,81.509,81.6722,81.8393,82.0105,82.1852,82.3625,82.5418,82.7211,82.8983,83.0715,83.2431,83.4222,83.6209,83.8372,84.0537,84.2706,84.488,84.7065,84.9266,85.1495,85.3775,85.6145,85.8684,86.1537,86.4984,86.9556,87.627,88.7067,90.568,93.928,100.168,111.948,134.383,177.273
81.625,81.655,81.696,81.7068,81.7356,81.7816,81.8419,81.9157,81.9998,82.0884,82.1821,82.2807,82.3861,82.5043,82.6426,82.7976,82.955,83.1161,83.281,83.45,83.6225,83.7979,83.9751,84.1525,84.3275,84.4979,84.6657,84.8406,85.0373,85.255,85.4715,85.688,85.9048,86.1226,86.342,86.5641,86.7913,87.0276,87.2806,87.5653,87.9094,88.3661,89.0371,90.1167,91.9783,95.3395,101.583,113.372,135.831,178.788
83.1299,83.1502,83.1843,83.1974,83.2237,83.2657,83.322,83.3926,83.4743,83.5598,83.6501,83.7448,83.8457,83.9591,84.0945,84.249,84.4046,84.5637,84.7266,84.8935,85.064,85.2374,85.4127,85.5882,85.7612,85.929,86.0929,86.2631,86.4577,86.6773,86.8941,87.1103,87.3265,87.5436,87.7622,87.9836,88.2101,88.4455,88.6979,88.9819,89.3254,89.7815,90.4522,91.5317,93.3936,96.7561,103.003,114.8,137.282,180.303
84.6285,84.6461,84.6745,84.6888,84.713,84.7514,84.8038,84.8714,84.9511,85.0337,85.1208,85.2118,85.3082,85.4167,85.5491,85.7036,85.8578,86.0151,86.176,86.3409,86.5094,86.6809,86.8545,87.0283,87.1993,87.3645,87.5244,87.6897,87.8818,88.104,88.3212,88.5372,88.753,88.9694,89.1873,89.4079,89.6336,89.8684,90.1201,90.4034,90.7463,91.2019,91.8722,92.9515,94.8138,98.1775,104.427,116.232,138.736,181.818
86.1276,86.1425,86.1664,86.1811,86.2034,86.2384,86.2871,86.3517,86.4298,86.5098,86.594,86.6815,86.7735,86.8769,87.0061,87.1615,87.3144,87.47,87.629,87.792,87.9587,88.1285,88.3004,88.4724,88.6416,88.8044,88.9604,89.1202,89.3094,89.5351,89.7529,89.9688,90.1842,90.4,90.6172,90.837,91.062,91.2961,91.547,91.8297,92.172,92.6271,93.2971,94.3763,96.2389,99.6037,105.856,117.669,140.194,183.333
87.6267,87.6393,87.6596,87.6741,87.6948,87.7267,87.7718,87.8335,87.9105,87.9881,88.0695,88.1539,88.2416,88.3397,88.4655,88.6224,88.7742,88.9282,89.0855,89.2468,89.4118,89.5798,89.7501,89.9206,90.0881,90.2486,90.4006,90.5545,90.7402,90.9705,91.1891,91.405,91.6199,91.8351,92.0516,92.2707,92.495,92.7284,92.9787,93.2607,93.6024,94.0571,94.7266,95.8057,97.6687,101.035,107.29,119.11,141.654,184.848
89.1259,89.1366,89.1539,89.168,89.1872,89.2163,89.2577,89.3165,89.3931,89.4684,89.5474,89.6287,89.7123,89.8049,89.9268,90.0863,90.2372,90.3898,90.5455,90.7051,90.8684,91.0349,91.2036,91.3726,91.5386,91.697,91.8451,91.9925,92.1739,92.41,92.6296,92.8456,93.0601,93.2748,93.4906,93.709,93.9327,94.1653,94.4149,94.6964,95.0375,95.4916,96.1608,97.2399,99.1031,102.47,108.728,120.555,143.117,186.364
90.6254,90.6344,90.6492,90.6627,90.6805,90.7069,90.7448,90.8006,90.8773,90.9506,91.0273,91.106,91.1856,91.2724,91.3899,91.5531,91.7033,91.8546,92.0088,92.1669,92.3286,92.4936,92.6609,92.8285,92.9931,93.1495,93.2939,93.4342,93.61,93.8538,94.0746,94.2905,94.5047,94.7188,94.934,95.1518,95.3748,95.6068,95.8557,96.1365,96.4771,96.9307,97.5996,98.6785,100.542,103.91,110.171,122.004,144.583,187.879
92.125,92.1326,92.1454,92.1581,92.1746,92.1987,92.2329,92.2855,92.3631,92.4347,92.5093,92.5855,92.6615,92.7423,92.8543,93.0226,93.1724,93.3225,93.4753,93.6319,93.7922,93.9558,94.1217,94.288,94.4513,94.606,94.7468,94.8797,95.0483,95.3016,95.5237,95.7398,95.9536,96.1672,96.3818,96.599,96.8213,97.0526,97.3009,97.5811,97.9211,98.3743,99.0428,100.122,101.986,105.355,111.618,123.457,146.052,189.394
93.6249,93.6312,93.6423,93.6542,93.6696,93.6915,93.7221,93.7711,93.8504,93.9204,93.9932,94.0672,94.1399,94.2144,94.3198,94.4949,94.6443,94.7933,94.9448,95.1001,95.2591,95.4213,95.586,95.7512,95.9133,96.0664,96.204,96.3288,96.4882,96.7535,96.9771,97.1933,97.4068,97.6199,97.8339,98.0504,98.2721,98.5028,98.7505,99.0301,99.3696,99.8223,100.49,101.569,103.434,106.804,113.07,124.915,147.524,190.909
95.125,95.1302,95.1398,95.1509,95.1653,95.1852,95.2124,95.2571,95.3391,95.4078,95.479,95.5511,95.6207,95.6889,95.7859,95.9699,96.1191,96.2671,96.4175,96.5715,96.7292,96.8902,97.0538,97.2178,97.3788,97.5307,97.6653,97.7819,97.9291,98.2096,98.4346,98.651,98.8642,99.0768,99.2902,99.5061,99.7271,99.9572,100.204,100.483,100.822,101.275,101.942,103.021,104.886,108.257,114.526,126.376,148.999,192.424
96.6252,96.6295,96.6379,96.6482,96.6617,96.6799,96.7037,96.7432,96.8292,96.8967,96.9664,97.0368,97.104,97.1659,97.2521,97.4475,97.5966,97.7438,97.893,98.0458,98.2024,98.3623,98.5248,98.6878,98.8478,98.9986,99.1308,99.239,99.3704,99.6698,99.8963,100.113,100.326,100.538,100.751,100.966,101.186,101.416,101.662,101.941,102.279,102.731,103.399,104.477,106.342,109.715,115.986,127.842,150.477,193.939
98.1255,98.1291,98.1365,98.1461,98.1587,98.1756,98.1961,98.2291,98.3206,98.387,98.4555,98.5246,98.5896,98.6456,98.7179,98.9278,99.0768,99.2232,99.3713,99.5231,99.6786,99.8375,99.999,100.161,100.32,100.47,100.6,100.701,100.811,101.134,101.362,101.579,101.791,102.003,102.215,102.43,102.65,102.878,103.124,103.402,103.74,104.192,104.859,105.937,107.803,111.177,117.45,129.311,151.959,195.455
99.626,99.6289,99.6355,99.6444,99.6564,99.6722,99.6899,99.7146,99.8132,99.8788,99.9461,100.014,100.077,100.128,100.183,100.411,100.56,100.705,100.852,101.003,101.158,101.316,101.476,101.638,101.796,101.945,102.074,102.167,102.25,102.603,102.832,103.049,103.261,103.472,103.684,103.898,104.117,104.345,104.591,104.868,105.205,105.656,106.323,107.402,109.268,112.643,118.919,130.785,153.444,196.97
101.127,101.129,101.135,101.143,101.155,101.17,101.185,101.199,101.307,101.372,101.438,101.505,101.567,101.614,101.645,101.897,102.045,102.19,102.336,102.486,102.64,102.797,102.957,103.117,103.275,103.423,103.551,103.639,103.687,104.076,104.306,104.523,104.734,104.945,105.156,105.369,105.588,105.816,106.061,106.338,106.675,107.125,107.792,108.87,110.736,114.113,120.391,132.263,154.932,198.485
102.638,102.639,102.645,102.653,102.664,102.679,102.694,102.694,102.815,102.88,102.946,103.012,103.074,103.12,103.12,103.402,103.551,103.695,103.841,103.991,104.144,104.301,104.46,104.621,104.778,104.926,105.054,105.14,105.14,105.578,105.808,106.024,106.235,106.446,106.657,106.87,107.089,107.316,107.561,107.838,108.174,108.625,109.291,110.37,112.236,115.613,121.892,133.766,156.438,200
