SPACE_POINTS_X
50,51.0067,52.0134,53.0201,54.0268,55.0336,56.0403,57.047,58.0537,59.0604,60.0671,61.0738,62.0805,63.0872,64.094,65.1007,66.1074,67.1141,68.1208,69.1275,70.1342,71.1409,72.1477,73.1544,74.1611,75.1678,76.1745,77.1812,78.1879,79.1946,80.2013,81.2081,82.2148,83.2215,84.2282,85.2349,86.2416,87.2483,88.255,89.2617,90.2685,91.2752,92.2819,93.2886,94.2953,95.302,96.3087,97.3154,98.3221,99.3289,100.336,101.342,102.349,103.356,104.362,105.369,106.376,107.383,108.389,109.396,110.403,111.409,112.416,113.423,114.43,115.436,116.443,117.45,118.456,119.463,120.47,121.477,122.483,123.49,124.497,125.503,126.51,127.517,128.523,129.53,130.537,131.544,132.55,133.557,134.564,135.57,136.577,137.584,138.591,139.597,140.604,141.611,142.617,143.624,144.631,145.638,146.644,147.651,148.658,149.664,150.671,151.678,152.685,153.691,154.698,155.705,156.711,157.718,158.725,159.732,160.738,161.745,162.752,163.758,164.765,165.772,166.779,167.785,168.792,169.799,170.805,171.812,172.819,173.826,174.832,175.839,176.846,177.852,178.859,179.866,180.872,181.879,182.886,183.893,184.899,185.906,186.913,187.919,188.926,189.933,190.94,191.946,192.953,193.96,194.966,195.973,196.98,197.987,198.993,200
SPACE_POINTS_Y
0,0.0244898,0.0489796,0.0734694,0.0979592,0.122449,0.146939,0.171429,0.195918,0.220408,0.244898,0.269388,0.293878,0.318367,0.342857,0.367347,0.391837,0.416327,0.440816,0.465306,0.489796,0.514286,0.538776,0.563265,0.587755,0.612245,0.636735,0.661225,0.685714,0.710204,0.734694,0.759184,0.783674,0.808163,0.832653,0.857143,0.881633,0.906123,0.930612,0.955102,0.979592,1.00408,1.02857,1.05306,1.07755,1.10204,1.12653,1.15102,1.17551,1.2
VALUES
0,0,0,0,0,0,0,0,0,0,0,0,0,0,0,0,0,0,0,0,0,0,0,0,0,0,0,0,0,0,0,0,0,0,0,0,0,0,0,0,0,0,0,0,0,0,0,0,0,0
0,0.857051,0.402573,0.608645,0.503901,0.57474,0.528947,0.567745,0.543046,0.568089,0.553012,0.571313,0.561394,0.575633,0.569021,0.580395,0.576213,0.585406,0.583112,0.590597,0.589778,0.595893,0.596181,0.601192,0.602297,0.606475,0.608208,0.611793,0.613974,0.617096,0.619524,0.622324,0.624924,0.627539,0.630174,0.63277,0.633903,0.641111,0.632515,0.658347,0.615631,0.701036,0.555886,0.814151,0.376246,1.13999,-0.208237,2.34947,-3.89202,50
1.15157,1.10757,0.97953,1.16581,1.01674,1.14022,1.05743,1.13105,1.08441,1.13333,1.10425,1.14046,1.12116,1.14948,1.13658,1.15926,1.15111,1.16947,1.16503,1.17999,1.17846,1.1907,1.19136,1.20139,1.20367,1.21204,1.21555,1.22274,1.22714,1.2334,1.23829,1.24391,1.24913,1.25438,1.25967,1.26491,1.2671,1.28171,1.26421,1.31647,1.23004,1.40258,1.10945,1.63069,0.747021,2.28806,-0.433223,4.73731,-7.67956,52.0134
1.65709,1.6268,1.51217,1.70911,1.53802,1.69601,1.58788,1.69,1.6254,1.69615,1.65457,1.70794,1.67997,1.72204,1.70325,1.73707,1.7252,1.75264,1.74622,1.76862,1.76649,1.78483,1.78594,1.801,1.80449,1.81707,1.8224,1.8332,1.83985,1.84926,1.85664,1.86508,1.87295,1.88085,1.8888,1.89672,1.89992,1.92209,1.89539,1.97463,1.8436,2.10475,1.66125,2.44936,1.11374,3.44191,-0.667792,7.12871,-10.9345,53.0201
1.65709,2.35918,1.99848,2.24776,2.0665,2.24316,2.12149,2.24503,2.16694,2.25703,2.2047,2.27422,2.23841,2.29376,2.26954,2.31425,2.29894,2.33532,2.3271,2.35686,2.35425,2.37866,2.38029,2.40036,2.40512,2.4219,2.42908,2.4435,2.45242,2.465,2.47487,2.48616,2.49668,2.50723,2.51786,2.5285,2.53262,2.56251,2.52635,2.63304,2.45664,2.80769,2.21181,3.26988,1.47775,4.59929,-0.904843,9.4938,-13.7013,53.0201
2.69531,2.67042,2.57016,2.76891,2.60223,2.78347,2.65852,2.79691,2.70964,2.81645,2.75522,2.83973,2.797,2.86505,2.83591,2.8912,2.87275,2.9179,2.90806,2.94508,2.9421,2.97253,2.97475,2.99981,3.00589,3.02685,3.03592,3.05395,3.06516,3.0809,3.09329,3.10742,3.1206,3.13381,3.14712,3.1605,3.16549,3.20324,3.15738,3.29192,3.06949,3.51149,2.76164,4.09198,1.84035,5.75804,-1.13768,11.811,-16.0581,55.0336
3.21271,3.19687,3.09688,3.29209,3.14223,3.31939,3.19857,3.34665,3.25384,3.37493,3.30661,3.4049,3.3562,3.4363,3.40277,3.46828,3.44701,3.50071,3.48945,3.53361,3.53037,3.56675,3.56964,3.59965,3.60708,3.63222,3.64318,3.66482,3.67834,3.69724,3.71214,3.72911,3.74497,3.76084,3.77682,3.79297,3.79876,3.84448,3.78871,3.95148,3.68245,4.21625,3.3112,4.9154,2.20273,6.91613,-1.36023,14.0653,-18.0541,56.0403
3.21271,3.91382,3.59259,3.81504,3.68568,3.85333,3.7409,3.89536,3.79974,3.93301,3.85924,3.97011,3.91637,4.00785,3.97049,4.04581,4.02205,4.08407,4.07158,4.12274,4.11937,4.16162,4.16524,4.20015,4.20898,4.23826,4.25115,4.27638,4.29221,4.31426,4.33169,4.3515,4.37002,4.38854,4.4072,4.42614,4.43267,4.48647,4.42059,4.61187,4.29578,4.92205,3.86092,5.7399,2.56604,8.07165,-1.56719,16.2465,-19.7164,56.0403
4.2443,4.24043,4.17484,4.32391,4.23214,4.38775,4.28469,4.4441,4.34742,4.49121,4.41344,4.53573,4.47788,4.58003,4.53939,4.62411,4.59819,4.66827,4.65475,4.71276,4.70937,4.75739,4.76181,4.80158,4.81183,4.84523,4.86005,4.88885,4.907,4.9322,4.95215,4.97478,4.99597,5.01714,5.03847,5.06021,5.06741,5.12939,5.05322,5.27328,4.90974,5.62897,4.41121,6.56524,2.93132,9.2229,-1.75405,18.3485,-21.1046,58.0537
4.7006,4.72851,4.7412,4.83616,4.77732,4.92517,4.82926,4.99378,4.89698,5.04999,4.96946,5.10211,5.04102,5.15314,5.10977,5.20344,5.17571,5.25357,5.23923,5.30391,5.30061,5.35431,5.35959,5.40416,5.41586,5.45335,5.47011,5.50247,5.52293,5.55125,5.57372,5.59917,5.62302,5.64682,5.67081,5.69536,5.70319,5.77341,5.6868,5.93585,5.52457,6.33707,4.96245,7.3912,3.29954,10.3683,-1.91707,20.3684,-22.2529,59.0604
5.21149,5.2499,5.28657,5.36191,5.31753,5.46744,5.37432,5.54506,5.44853,5.60979,5.52754,5.66958,5.60604,5.72746,5.68189,5.78406,5.75485,5.84021,5.82524,5.89643,5.89334,5.95261,5.9588,6.00811,6.02129,6.06282,6.08154,6.11741,6.1402,6.17163,6.19661,6.22486,6.25135,6.27778,6.30441,6.33179,6.34017,6.41872,6.32153,6.59971,6.1405,7.04642,5.51499,8.21758,3.6716,11.5066,-2.05331,22.3053,-23.1839,60.0671
5.73391,5.77585,5.81487,5.90513,5.85148,6.01521,5.92007,6.09836,6.00222,6.17099,6.08786,6.23843,6.17317,6.30324,6.25597,6.36621,6.33584,6.42842,6.41303,6.49053,6.48776,6.55249,6.55965,6.61362,6.62831,6.67384,6.69451,6.73388,6.75898,6.79349,6.82097,6.85201,6.88114,6.91017,6.93943,6.96964,6.97853,7.06545,6.95756,7.26501,6.75772,7.75707,6.06917,9.04417,4.04828,12.6366,-2.16047,24.1602,-23.9251,61.0738
6.2741,6.30975,6.32267,6.46607,6.3808,6.56777,6.46718,6.65387,6.55825,6.73392,6.65062,6.80895,6.74262,6.88072,6.83224,6.9501,6.9189,7.01839,7.00277,7.0864,7.08406,7.15413,7.16232,7.22089,7.2371,7.28658,7.30921,7.35204,7.37943,7.41702,7.44698,7.48079,7.51254,7.54417,7.57603,7.60907,7.61841,7.71374,7.59507,7.93183,7.37642,8.46905,6.62527,9.87081,4.4303,13.7572,-2.23693,25.9354,-24.5009,62.0805
6.88579,6.89345,6.80212,7.03985,6.90983,7.12346,7.0166,7.21164,7.11683,7.29885,7.21595,7.38139,7.31457,7.46012,7.41088,7.53594,7.5042,7.61032,7.59465,7.68422,7.68242,7.7577,7.76697,7.83006,7.84781,7.9012,7.92579,7.97204,8.00173,8.04235,8.07479,8.11133,8.14569,8.17989,8.21434,8.25022,8.25995,8.36373,8.23417,8.60031,7.99678,9.18243,7.18358,10.6974,4.81832,14.8678,-2.28156,27.634,-24.9323,63.0872
6.88579,7.65724,7.26464,7.61335,7.44463,7.6803,7.56928,7.77169,7.67817,7.86604,7.78401,7.95597,7.88918,8.04164,7.99205,8.1239,8.09191,8.20437,8.18884,8.28416,8.28298,8.36337,8.37376,8.44129,8.46061,8.51784,8.54438,8.59403,8.62599,8.66962,8.70451,8.74378,8.78072,8.81747,8.85449,8.8932,8.90327,9.01553,8.87503,9.27053,8.61896,9.89722,7.74435,11.5236,5.21288,15.9677,-2.29376,29.2597,-25.2298,63.0872
7.52186,8.16636,7.80121,8.16831,7.99028,8.23692,8.12592,8.33409,8.24245,8.4357,8.35494,8.5329,8.46658,8.62547,8.57591,8.71415,8.68219,8.80071,8.78548,8.88636,8.88591,8.97127,8.98283,9.05472,9.07561,9.13664,9.16513,9.21813,9.25235,9.29896,9.33629,9.37826,9.41776,9.45704,9.4966,9.53813,9.54851,9.66925,9.51774,9.94258,9.2431,10.6135,8.30782,12.3496,5.61447,17.0564,-2.2733,30.8166,-25.4177,64.094
8.54952,8.54239,8.38891,8.70628,8.54758,8.79316,8.68679,8.89899,8.8098,9.00804,8.92886,9.11238,9.04692,9.21176,9.16259,9.30684,9.27518,9.39947,9.3847,9.49095,9.49133,9.58153,9.5943,9.67048,9.69294,9.75773,9.78815,9.84447,9.88092,9.93049,9.97022,10.0149,10.0569,10.0987,10.1408,10.1851,10.1958,10.325,10.1624,10.6165,9.86936,11.3312,8.87421,13.175,6.02352,18.1335,-2.22032,32.3095,-25.5255,66.1074
8.54952,9.18236,8.96057,9.2389,9.11401,9.34998,9.25179,9.46664,9.38033,9.58322,9.50588,9.69455,9.6303,9.80068,9.75221,9.90212,9.87097,10.0008,9.98664,10.0981,10.0993,10.1943,10.2083,10.2887,10.3127,10.3812,10.4136,10.4731,10.5118,10.5643,10.6064,10.6537,10.6983,10.7425,10.7871,10.8343,10.8451,10.9828,10.8092,11.2925,10.4978,12.0504,9.44371,14,6.44036,19.199,-2.13523,33.7427,-25.5499,66.1074
9.54844,9.58704,9.56591,9.76997,9.68615,9.90894,9.82054,10.0373,9.95412,10.1614,10.0861,10.2796,10.2168,10.3923,10.3449,10.5001,10.4697,10.6048,10.5914,10.7078,10.7101,10.8096,10.8249,10.9094,10.9351,11.0072,11.0414,11.1042,11.1451,11.2005,11.245,11.2949,11.342,11.3887,11.4357,11.4857,11.4967,11.6429,11.4582,11.9705,11.1287,12.7712,10.0165,14.8243,6.8653,20.2526,-2.01867,35.1209,-25.5088,68.1208
10.0402,10.1071,10.1548,10.3104,10.2602,10.4717,10.3926,10.6114,10.5312,10.7428,10.6696,10.8676,10.8066,10.9869,10.9407,11.1009,11.0715,11.2115,11.1991,11.3203,11.3236,11.4276,11.4443,11.5328,11.56,11.6357,11.6719,11.7379,11.7809,11.8392,11.886,11.9385,11.988,12.0372,12.0866,12.1394,12.1505,12.3051,12.1094,12.6506,11.7619,13.4936,10.5927,15.6479,7.29856,21.2945,-1.87146,36.4482,-25.4117,69.1275
10.5851,10.6597,10.7244,10.8652,10.8336,11.0397,10.9676,11.1891,11.1117,11.3274,11.2565,11.4587,11.3997,11.5845,11.5397,11.7047,11.6763,11.8212,11.8097,11.9356,11.9401,12.0484,12.0664,12.1589,12.1877,12.2669,12.305,12.3741,12.4193,12.4804,12.5295,12.5846,12.6366,12.6881,12.74,12.7955,12.8067,12.9698,12.7629,13.3328,12.3978,14.2175,11.1726,16.4708,7.74032,22.3247,-1.69454,37.729,-25.2591,70.1342
11.1593,11.2301,11.2779,11.4347,11.4057,11.6135,11.5454,11.7705,11.6956,11.9154,11.8469,12.053,11.9962,12.1851,12.142,12.3114,12.2844,12.4338,12.4235,12.5539,12.5595,12.6721,12.6914,12.7878,12.8182,12.9009,12.9408,13.013,13.0604,13.1242,13.1757,13.2332,13.2876,13.3415,13.3958,13.454,13.4653,13.6368,13.4189,14.0173,13.0362,14.943,11.7561,17.2929,8.19072,23.3433,-1.48899,38.9671,-25.0581,71.1409
11.7848,11.8399,11.8194,12.0154,11.9773,12.1932,12.1259,12.3559,12.2831,12.5068,12.4409,12.6506,12.5962,12.789,12.7477,12.9213,12.8957,13.0495,13.0404,13.1751,13.182,13.2987,13.3194,13.4196,13.4516,13.5376,13.5794,13.6547,13.7042,13.7707,13.8244,13.8845,13.9413,13.9975,14.0541,14.1151,14.1264,14.3062,14.0773,14.704,13.6774,15.6701,12.3435,18.1143,8.64984,24.3507,-1.25592,40.1663,-24.8147,72.1477
11.7848,12.5512,12.3634,12.6017,12.5501,12.7784,12.7094,12.9452,12.8742,13.1017,13.0385,13.2516,13.1997,13.3961,13.3569,13.5344,13.5103,13.6682,13.6605,13.7993,13.8075,13.9283,13.9504,14.0542,14.0879,14.1773,14.2209,14.2992,14.3507,14.42,14.4759,14.5384,14.5976,14.6561,14.7151,14.7787,14.79,14.9782,14.7383,15.3931,14.3214,16.3988,12.9348,18.9349,9.11773,25.347,-0.996517,41.3299,-24.5272,72.1477
12.9225,12.9748,12.9551,13.1889,13.1253,13.3687,13.2963,13.5384,13.4691,13.7001,13.6398,13.856,13.8068,14.0065,13.9695,14.1507,14.1284,14.2902,14.2838,14.4267,14.4363,14.5609,14.5844,14.6919,14.7272,14.8198,14.8653,14.9465,15.0001,15.072,15.1302,15.1951,15.2566,15.3174,15.3786,15.445,15.4562,15.6526,15.4018,16.0844,14.9682,17.1292,13.5302,19.7547,9.59439,26.3327,-0.711962,42.4612,-24.2134,74.1611
13.4473,13.5185,13.5377,13.7826,13.7035,13.9634,13.887,14.1353,14.0679,14.3022,14.2448,14.4639,14.4175,14.6204,14.5856,14.7703,14.7498,14.9154,14.9105,15.0573,15.0682,15.1966,15.2216,15.3326,15.3695,15.4653,15.5126,15.5967,15.6524,15.7269,15.7872,15.8546,15.9184,15.9814,16.0449,16.1139,16.125,16.3297,16.068,16.7782,15.618,17.8612,14.1297,20.5738,10.0798,27.3081,-0.403478,43.5634,-23.8777,75.1678
14.0784,14.1368,14.0984,14.3847,14.2857,14.5617,14.4819,14.7358,14.6706,14.9078,14.8536,15.0753,15.0318,15.2377,15.2053,15.3933,15.3747,15.5439,15.5405,15.691,15.7034,15.8355,15.8619,15.9764,16.0149,16.1139,16.163,16.2499,16.3076,16.3847,16.4472,16.5168,16.5829,16.6482,16.7139,16.7855,16.7965,17.0094,16.7369,17.4743,16.2707,18.5949,14.7334,21.3922,10.574,28.2736,-0.0722524,44.6394,-23.5169,76.1745
14.0784,14.8743,14.6469,14.9918,14.8735,15.163,15.0814,15.3399,15.2774,15.5171,15.4663,15.6904,15.6499,15.8585,15.8286,16.0198,16.003,16.1757,16.174,16.3281,16.3419,16.4776,16.5055,16.6233,16.6634,16.7655,16.8163,16.9061,16.9657,17.0454,17.11,17.1819,17.2503,17.3177,17.3856,17.4598,17.4707,17.6917,17.4084,18.1728,16.9264,19.3303,15.3413,22.2098,11.0768,29.2296,0.280526,45.6917,-23.1271,76.1745
15.357,15.3775,15.226,15.5972,15.4686,15.7666,15.6857,15.9475,15.8884,16.1301,16.0828,16.3091,16.2717,16.4829,16.4555,16.6496,16.6349,16.8109,16.8108,16.9684,16.9837,17.1228,17.1522,17.2734,17.315,17.4202,17.4727,17.5653,17.6268,17.709,17.7757,17.8499,17.9205,17.9901,18.0601,18.1369,18.1477,18.3767,18.0828,18.8738,17.5852,20.0673,15.9534,23.0268,11.5881,30.1765,0.653715,46.7226,-22.7232,78.1879
15.357,16.1057,15.8051,16.1991,16.0719,16.3724,16.2951,16.5586,16.5035,16.7468,16.7033,16.9315,16.8972,17.1108,17.086,17.283,17.2704,17.4495,17.4511,17.612,17.6288,17.7714,17.8022,17.9266,17.9699,18.0779,18.1322,18.2275,18.291,18.3756,18.4443,18.5208,18.5936,18.6653,18.7374,18.8168,18.8274,19.0644,18.7599,19.5772,18.2471,20.806,16.57,23.8432,12.1079,31.1148,1.04618,47.7345,-22.3018,78.1879
15.9261,16.6893,16.4246,16.7946,16.6834,16.9803,16.9095,17.1731,17.1229,17.3672,17.3276,17.5576,17.5265,17.7424,17.7202,17.9199,17.9094,18.0915,18.0948,18.259,18.2773,18.4232,18.4555,18.5831,18.6279,18.7389,18.7949,18.8928,18.9582,19.0452,19.1159,19.1947,19.2696,19.3434,19.4176,19.4995,19.5099,19.7548,19.4398,20.2831,18.9121,21.5464,17.1908,24.6589,12.636,32.0449,1.45685,48.7292,-21.8635,79.1946
17.0545,17.116,17.0796,17.3869,17.3022,17.5908,17.5288,17.7912,17.7464,17.9914,17.9558,18.1874,18.1595,18.3777,18.358,18.5603,18.5519,18.737,18.7421,18.9094,18.9292,19.0783,19.1121,19.2428,19.2891,19.4029,19.4606,19.5611,19.6284,19.7178,19.7906,19.8715,19.9485,20.0243,20.1006,20.185,20.1952,20.4479,20.1225,20.9914,19.5803,22.2885,17.8161,25.4742,13.1722,32.9672,1.8847,49.7087,-21.4227,81.2081
17.5782,17.6741,17.7232,17.9841,17.9264,18.2045,18.1529,18.413,18.374,18.6195,18.5879,18.821,18.7963,19.0166,18.9996,19.2043,19.1981,19.386,19.3928,19.5631,19.5845,19.7367,19.772,19.9057,19.9535,20.0702,20.1295,20.2326,20.3017,20.3935,20.4682,20.5512,20.6303,20.7082,20.7865,20.8734,20.8833,21.1437,20.8081,21.7023,20.2517,23.0323,18.4458,26.2889,13.7165,33.8821,2.32874,50.6748,-20.9756,82.2148
18.188,18.2881,18.3476,18.5902,18.5545,18.8218,18.7814,19.0387,19.0057,19.2514,19.2238,19.4585,19.4369,19.6592,19.6448,19.8519,19.8478,20.0384,20.047,20.2203,20.2432,20.3984,20.4352,20.5718,20.6212,20.7406,20.8016,20.9072,20.9781,21.0722,21.1488,21.2339,21.3151,21.395,21.4752,21.5646,21.5743,21.8424,21.4966,22.4156,20.9262,23.7778,19.0799,27.1033,14.2686,34.7902,2.78801,51.6288,-20.5171,83.2215
18.8613,18.9511,18.9582,19.2052,19.1859,19.4434,19.4141,19.6682,19.6414,19.8873,19.8637,20.0997,20.0813,20.3055,20.2937,20.5031,20.5012,20.6943,20.7048,20.8808,20.9053,21.0635,21.1017,21.2413,21.2921,21.4142,21.4768,21.5849,21.6576,21.7539,21.8324,21.9196,22.0029,22.0847,22.1669,22.2587,22.2681,22.5438,22.1879,23.1315,21.604,24.5251,19.7185,27.9172,14.8284,35.6917,3.26163,52.5722,-20.0483,84.2282
18.8613,19.6948,19.5703,19.8261,19.8205,20.0695,20.0509,20.3019,20.2811,20.5271,20.5074,20.7448,20.7295,20.9554,20.9463,21.1579,21.1582,21.3538,21.366,21.5448,21.5709,21.7319,21.7716,21.9139,21.9663,22.091,22.1552,22.2658,22.3402,22.4388,22.5191,22.6083,22.6936,22.7773,22.8615,22.9556,22.9647,23.2479,22.8821,23.8499,22.285,25.274,20.3615,28.7308,15.3957,36.5871,3.74876,53.5061,-19.5641,84.2282
20.1071,20.1953,20.2163,20.45,20.4584,20.7003,20.6915,20.9397,20.9247,21.1708,21.155,21.3936,21.3814,21.6091,21.6026,21.8162,21.8187,22.0168,22.0308,22.2123,22.2399,22.4037,22.4448,22.5899,22.6438,22.771,22.8368,22.9497,23.0258,23.1266,23.2088,23.3001,23.3873,23.4729,23.5589,23.6555,23.6643,23.9548,23.5792,24.5708,22.9692,26.0246,21.0089,29.5442,15.9703,37.4768,4.2486,54.4316,-19.0757,86.2416
20.6674,20.7828,20.8643,21.0792,21.0992,21.336,21.3358,21.5818,21.5721,21.8186,21.8063,22.0464,22.0371,22.2666,22.2626,22.4782,22.4828,22.6832,22.699,22.8831,22.9123,23.0788,23.1214,23.2692,23.3245,23.4543,23.5216,23.6368,23.7146,23.8176,23.9016,23.9948,24.0839,24.1715,24.2593,24.3582,24.3667,24.6646,24.2792,25.2942,23.6567,26.777,21.6607,30.3574,16.5521,38.3611,4.7604,55.3497,-18.5853,87.2483
21.2851,21.407,21.5057,21.7156,21.743,21.9766,21.9836,22.2282,22.2233,22.4704,22.4615,22.7029,22.6965,22.9277,22.9262,23.1438,23.1506,23.3532,23.3708,23.5574,23.5881,23.7573,23.8013,23.9517,24.0084,24.1407,24.2096,24.3271,24.4065,24.5116,24.5974,24.6925,24.7836,24.8729,24.9626,25.0638,25.0719,25.377,24.9821,26.0201,24.3475,27.5311,22.317,31.1704,17.1408,39.2404,5.28347,56.2613,-18.0876,88.255
21.9404,22.0577,22.1394,22.3593,22.3897,22.6222,22.6349,22.879,22.8783,23.1263,23.1205,23.3633,23.3597,23.5925,23.5935,23.813,23.8219,24.0268,24.0461,24.2351,24.2674,24.4391,24.4845,24.6375,24.6956,24.8303,24.9007,25.0205,25.1016,25.2087,25.2962,25.3932,25.4862,25.5773,25.6688,25.7722,25.7801,26.0923,25.688,26.7485,25.0415,28.2869,22.9778,31.9833,17.7363,40.1152,5.81715,57.1672,-17.5829,89.2617
22.6417,22.7469,22.769,23.0087,23.0397,23.2726,23.2897,23.5343,23.5369,23.7861,23.7833,24.0275,24.0266,24.261,24.2645,24.4858,24.4968,24.7038,24.7249,24.9162,24.95,25.1242,25.1711,25.3265,25.3861,25.5232,25.595,25.717,25.7997,25.9089,25.9981,26.0969,26.1918,26.2847,26.3779,26.4836,26.4911,26.8104,26.3967,27.4795,25.7387,29.0444,23.6429,32.7962,18.3383,40.9856,6.36081,58.0682,-17.0719,90.2685
22.6417,23.5059,23.4054,23.6615,23.6935,23.9279,23.9479,24.1939,24.1993,24.4499,24.4498,24.6955,24.6973,24.9332,24.9391,25.1622,25.1752,25.3843,25.4071,25.6008,25.6361,25.8127,25.861,26.0188,26.0798,26.2192,26.2925,26.4167,26.5009,26.6121,26.703,26.8036,26.9003,26.995,27.0899,27.1978,27.2049,27.5312,27.1083,28.2129,26.4392,29.8037,24.3124,33.6091,18.9467,41.852,6.9139,58.9648,-16.5491,90.2685
23.9403,24.0408,24.0727,24.3157,24.351,24.5879,24.6096,24.8578,24.8653,25.1178,25.1202,25.3673,25.3716,25.6091,25.6173,25.8422,25.8572,26.0683,26.0928,26.2888,26.3255,26.5045,26.5542,26.7144,26.7768,26.9184,26.9932,27.1194,27.2052,27.3184,27.4109,27.5133,27.6118,27.7082,27.8048,27.9149,27.9217,28.2548,27.8229,28.9489,27.143,30.5646,24.9863,34.4221,19.5614,42.7148,7.47586,59.8575,-16.0245,92.2819
24.5275,24.6545,24.7437,24.9738,25.0122,25.2527,25.2747,25.5261,25.535,25.7895,25.7942,26.0428,26.0496,26.2886,26.2991,26.5257,26.5427,26.7558,26.782,26.9801,27.0184,27.1996,27.2507,27.4132,27.4769,27.6208,27.697,27.8253,27.9126,28.0277,28.1219,28.226,28.3263,28.4243,28.5226,28.6348,28.6412,28.9811,28.5403,29.6873,27.85,31.3273,25.6645,35.2352,20.182,43.5741,8.04621,60.7471,-15.4999,93.2886
25.1712,25.3043,25.4102,25.6375,25.6768,25.9221,25.9433,26.1986,26.2085,26.4652,26.472,26.7222,26.7314,26.9718,26.9846,27.2128,27.2317,27.4468,27.4746,27.6748,27.7145,27.8981,27.9505,28.1152,28.1803,28.3264,28.4039,28.5343,28.6231,28.7401,28.8358,28.9417,29.0437,29.1434,29.2432,29.3576,29.3637,29.7102,29.2606,30.4282,28.5602,32.0918,26.3471,36.0484,20.8085,44.4303,8.62447,61.6339,-14.9701,94.2953
25.8526,25.981,26.0707,26.3075,26.3445,26.5961,26.6154,26.8753,26.8856,27.1448,27.1535,27.4052,27.4167,27.6586,27.6736,27.9035,27.9242,28.1412,28.1707,28.3729,28.4141,28.5998,28.6535,28.8205,28.8869,29.0351,29.114,29.2464,29.3366,29.4555,29.5528,29.6603,29.764,29.8654,29.9668,30.0833,30.0889,30.4421,29.9838,31.1716,29.2736,32.8579,27.034,36.8619,21.4406,45.2836,9.21022,62.5183,-14.4352,95.302
26.5768,26.6946,26.728,26.9833,27.0155,27.2747,27.2911,27.556,27.5665,27.8282,27.8387,28.0919,28.1057,28.3491,28.3661,28.5976,28.6202,28.839,28.8701,29.0744,29.1169,29.3048,29.3598,29.5289,29.5966,29.7469,29.8272,29.9615,30.0531,30.1739,30.2727,30.3818,30.4873,30.5902,30.6932,30.8117,30.817,31.1766,30.7099,31.9175,29.9903,33.6257,27.7252,37.6756,22.0782,46.1343,9.80305,63.4008,-13.8953,96.3087
26.5768,27.4698,27.3911,27.6633,27.6897,27.9578,27.9704,28.2408,28.2511,28.5153,28.5277,28.7823,28.7983,29.0431,29.0622,29.2953,29.3197,29.5403,29.5729,29.7792,29.8231,30.013,30.0694,30.2406,30.3096,30.4619,30.5435,30.6797,30.7727,30.8952,30.9956,31.1064,31.2134,31.318,31.4225,31.543,31.5479,31.9139,31.4389,32.6659,30.7101,34.3953,28.4206,38.4895,22.7211,46.9826,10.4026,64.2815,-13.3455,96.3087
27.9262,28.0372,28.079,28.3467,28.3672,28.6451,28.6535,28.9293,28.9396,29.2062,29.2203,29.4764,29.4945,29.7407,29.7617,29.9964,30.0226,30.2449,30.2791,30.4873,30.5326,30.7245,30.7822,30.9554,31.0257,31.18,31.2628,31.401,31.4954,31.6196,31.7215,31.8338,31.9425,32.0486,32.1546,32.2771,32.2817,32.6539,32.1707,33.4167,31.4332,35.1665,29.1203,39.3038,23.3691,47.8287,11.0085,65.1609,-12.7945,98.3221
28.5401,28.6758,28.7682,29.0354,29.048,29.3365,29.3404,29.6216,29.6318,29.9007,29.9166,30.174,30.1943,30.4418,30.4648,30.7011,30.7289,30.953,30.9886,31.1987,31.2453,31.4392,31.4981,31.6734,31.7449,31.9011,31.9853,32.1252,32.221,32.347,32.4503,32.5641,32.6745,32.782,32.8895,33.0141,33.0182,33.3966,32.9053,34.17,32.1594,35.9395,29.8242,40.1185,24.0221,48.6728,11.6204,66.0391,-12.2442,99.3289
29.2128,29.3509,29.4503,29.7307,29.7322,30.0317,30.0312,30.3176,30.3279,30.5988,30.6166,30.8753,30.8976,31.1464,31.1713,31.4091,31.4386,31.6644,31.7015,31.9133,31.9614,32.1571,32.2173,32.3945,32.4672,32.6254,32.7108,32.8525,32.9496,33.0773,33.182,33.2974,33.4093,33.5183,33.6273,33.7537,33.7575,34.142,33.6428,34.9256,32.8887,36.7142,30.5322,40.9335,24.6799,49.515,12.2382,66.9165,-11.6894,100.336
29.9331,30.0594,30.1229,30.4327,30.4199,30.7306,30.7262,31.017,31.0278,31.3006,31.3202,31.5801,31.6044,31.8546,31.8813,32.1206,32.1516,32.3791,32.4176,32.6313,32.6806,32.8782,32.9396,33.1187,33.1926,33.3526,33.4393,33.5828,33.6812,33.8105,33.9167,34.0335,34.1469,34.2575,34.3678,34.4962,34.4995,34.8901,34.383,35.6837,33.6212,37.4906,31.2444,41.7489,25.3422,50.3557,12.8613,67.7933,-11.1302,101.342
30.7165,30.8198,30.7883,31.1395,31.1118,31.4328,31.4253,31.7199,31.7315,32.0059,32.0274,32.2885,32.3148,32.5662,32.5946,32.8354,32.868,33.0971,33.1371,33.3524,33.403,33.6025,33.6651,33.846,33.9211,34.083,34.1709,34.3161,34.4157,34.5467,34.6542,34.7725,34.8875,34.9994,35.1111,35.2414,35.2444,35.6408,35.1261,36.4443,34.3568,38.2686,31.9608,42.5648,26.0091,51.1948,13.4897,68.6696,-10.5667,102.349
30.7165,31.6718,31.4578,31.8485,31.8085,32.1381,32.1287,32.4261,32.4391,32.7147,32.7382,33.0003,33.0285,33.2812,33.3113,33.5537,33.5877,33.8185,33.8598,34.0768,34.1287,34.3299,34.3937,34.5764,34.6527,34.8163,34.9054,35.0523,35.1532,35.2858,35.3946,35.5143,35.6308,35.7442,35.8573,35.9893,35.9919,36.3941,35.872,37.2072,35.0955,39.0484,32.6812,43.381,26.6803,52.0326,14.1231,69.5456,-9.99406,102.349
31.3892,32.3688,32.1569,32.557,32.5105,32.8461,32.8364,33.1356,33.1504,33.4269,33.4525,33.7157,33.7457,33.9997,34.0314,34.2753,34.3107,34.5431,34.5857,34.8044,34.8575,35.0604,35.1254,35.3099,35.3873,35.5527,35.6429,35.7915,35.8936,36.0278,36.1379,36.259,36.3769,36.4917,36.6061,36.74,36.7422,37.1501,36.6206,37.9725,35.8373,39.8299,33.4057,44.1978,27.3556,52.8693,14.7612,70.4213,-9.41536,103.356
32.8235,32.9159,32.8817,33.2653,33.2179,33.5567,33.5485,33.8483,33.8656,34.1426,34.1704,34.4345,34.4663,34.7216,34.7549,35.0002,35.037,35.2709,35.3148,35.5351,35.5894,35.794,35.8602,36.0464,36.125,36.292,36.3834,36.5336,36.6369,36.7726,36.884,37.0065,37.1258,37.242,37.3577,37.4934,37.4952,37.9086,37.372,38.7401,36.5821,40.613,34.1342,45.015,28.0349,53.7049,15.4039,71.297,-8.84041,105.369
33.4434,33.5679,33.6045,33.9757,33.9306,34.2699,34.2648,34.5642,34.5845,34.8617,34.8918,35.1567,35.1903,35.4469,35.4816,35.7284,35.7665,36.002,36.0471,36.269,36.3245,36.5307,36.5981,36.7859,36.8656,37.0343,37.1268,37.2786,37.3831,37.5203,37.633,37.7567,37.8775,37.995,38.112,38.2494,38.2508,38.6698,38.1261,39.5101,37.33,41.3978,34.8668,45.8327,28.7182,54.5396,16.051,72.1729,-8.26611,106.376
34.16,34.2827,34.3168,34.6897,34.6487,34.9855,34.9855,35.2832,35.3071,35.5842,35.6166,35.8824,35.9176,36.1755,36.2116,36.4598,36.4992,36.7362,36.7825,37.006,37.0627,37.2705,37.339,37.5284,37.6092,37.7795,37.8731,38.0265,38.1321,38.2708,38.3847,38.5098,38.6319,38.7508,38.869,39.0081,39.0092,39.4336,38.8829,40.2825,38.0808,42.1843,35.6033,46.6508,29.4051,55.3735,16.7023,73.049,-7.68773,107.383
34.9547,35.0613,35.0202,35.4066,35.3721,35.7037,35.7103,36.0055,36.0333,36.3101,36.3448,36.6114,36.6483,36.9074,36.9448,37.1945,37.2351,37.4736,37.5211,37.7461,37.8039,38.0132,38.0829,38.2738,38.3557,38.5276,38.6224,38.7772,38.8839,39.0241,39.1392,39.2656,39.389,39.5092,39.6286,39.7695,39.7702,40.1998,39.6424,41.0572,38.8347,42.9724,36.3438,47.4695,30.0957,56.2066,17.3576,73.9254,-7.10526,108.389
34.9547,35.929,35.7261,36.1245,36.1009,36.4243,36.4392,36.731,36.7631,37.0394,37.0764,37.3438,37.3822,37.6426,37.6813,37.9324,37.9742,38.2141,38.2628,38.4893,38.5482,38.759,38.8298,39.0222,39.1052,39.2786,39.3744,39.5308,39.6386,39.7802,39.8965,40.0241,40.1489,40.2703,40.391,40.5335,40.5338,40.9687,40.4047,41.8342,39.5916,43.7622,37.0882,48.2886,30.7897,57.0392,18.0168,74.8022,-6.51405,108.389
35.634,36.6536,36.4582,36.8416,36.835,37.1476,37.1721,37.4597,37.4963,37.772,37.8113,38.0795,38.1193,38.3811,38.4209,38.6735,38.7164,38.9578,39.0076,39.2355,39.2955,39.5078,39.5796,39.7735,39.8576,40.0325,40.1294,40.2872,40.3961,40.5391,40.6566,40.7854,40.9115,41.0342,41.156,41.3001,41.3001,41.74,41.1695,42.6135,40.3513,44.5536,37.8365,49.1082,31.4871,57.8713,18.6798,75.6794,-5.9169,109.396
37.1282,37.2314,37.2162,37.558,37.5739,37.8739,37.9086,38.1918,38.233,38.508,38.5495,38.8185,38.8597,39.1228,39.1637,39.4178,39.4617,39.7045,39.7554,39.9847,40.0459,40.2595,40.3323,40.5278,40.6128,40.7893,40.8871,41.0463,41.1563,41.3007,41.4193,41.5493,41.6767,41.8006,41.9236,42.0693,42.0689,42.5139,41.937,43.395,41.114,45.3467,38.5887,49.9282,32.1877,58.7029,19.3465,76.5571,-5.3231,111.409
37.7544,37.8989,37.9783,38.2761,38.3172,38.6032,38.6487,38.9272,38.973,39.2474,39.2909,39.5608,39.6032,39.8677,39.9096,40.1652,40.2101,40.4543,40.5062,40.7369,40.7991,41.0142,41.088,41.2849,41.3709,41.5488,41.6477,41.8083,41.9193,42.065,42.1848,42.3159,42.4445,42.5697,42.6938,42.8411,42.8404,43.2902,42.7072,44.1789,41.8796,46.1415,39.3447,50.7487,32.8915,59.5342,20.0167,77.4354,-4.72981,112.416
38.4469,38.6079,38.7379,38.9979,39.064,39.3359,39.3922,39.666,39.7162,39.9901,40.0356,40.3064,40.3499,40.6158,40.6586,40.9156,40.9615,41.2071,41.2601,41.4921,41.5554,41.7717,41.8466,42.0448,42.1319,42.3112,42.411,42.573,42.685,42.832,42.953,43.0852,43.215,43.3414,43.4665,43.6154,43.6144,44.069,43.4799,44.965,42.6481,46.9378,40.1045,51.5696,33.5982,60.3652,20.6903,78.3143,-4.13254,113.423
39.1678,39.3377,39.4938,39.7246,39.8138,40.0722,40.1388,40.4083,40.4626,40.7361,40.7833,41.0552,41.0997,41.367,41.4107,41.6692,41.7159,41.9629,42.0169,42.2502,42.3145,42.5322,42.6081,42.8076,42.8957,43.0763,43.1771,43.3405,43.4535,43.6018,43.7238,43.8571,43.9882,44.1157,44.2419,44.3922,44.3909,44.8503,44.2553,45.7533,43.4194,47.7358,40.8681,52.3909,34.3078,61.196,21.3672,79.1939,-3.53129,114.43
39.9033,40.0781,40.2471,40.457,40.5661,40.8125,40.8883,41.1541,41.2122,41.4854,41.5342,41.8072,41.8526,42.1214,42.1659,42.4257,42.4734,42.7217,42.7766,43.0113,43.0765,43.2954,43.3723,43.5732,43.6622,43.8442,43.9459,44.1106,44.2246,44.3741,44.4972,44.6316,44.7638,44.8926,45.0198,45.1716,45.17,45.6339,45.0331,46.5439,44.1935,48.5354,41.6355,53.2126,35.0201,62.0267,22.0474,80.0742,-2.9261,115.436
40.6468,40.8242,40.9993,41.1951,41.3205,41.5568,41.6407,41.9034,41.9647,42.238,42.2882,42.5624,42.6086,42.8788,42.924,43.1853,43.2338,43.4834,43.5393,43.7752,43.8414,44.0616,44.1394,44.3416,44.4315,44.6148,44.7175,44.8834,44.9984,45.1491,45.2733,45.4087,45.5421,45.672,45.8002,45.9535,45.9516,46.42,45.8136,47.3367,44.9704,49.3367,42.4066,54.0347,35.7351,62.8573,22.7308,80.9552,-2.31696,116.443
41.3951,41.574,41.752,41.9388,42.0768,42.3053,42.3958,42.6563,42.7202,42.994,43.0452,43.3207,43.3675,43.6392,43.6852,43.9479,43.9972,44.2481,44.3048,44.542,44.6092,44.8305,44.9093,45.1127,45.2036,45.3881,45.4917,45.6589,45.7748,45.9268,46.0519,46.1884,46.3229,46.4539,46.5831,46.7378,46.7356,47.2085,46.5966,48.1316,45.7501,50.1395,43.1813,54.8571,36.4527,63.6879,23.4172,81.837,-1.70388,117.45
42.1468,42.3269,42.5063,42.688,42.8347,43.0581,43.1534,43.4127,43.4787,43.7531,43.8052,44.0821,44.1295,44.4027,44.4493,44.7134,44.7635,45.0156,45.0733,45.3115,45.3798,45.6022,45.682,45.8866,45.9783,46.1641,46.2686,46.437,46.5538,46.707,46.8331,46.9706,47.1063,47.2383,47.3685,47.5246,47.5221,47.9994,47.382,48.9288,46.5325,50.9439,43.9598,55.6798,37.1727,64.5185,24.1067,82.7195,-1.08688,118.456
42.9015,43.0825,43.263,43.4422,43.5942,43.8152,43.9135,44.1727,44.24,44.5155,44.5682,44.8467,44.8944,45.1692,45.2163,45.4818,45.5326,45.786,45.8445,46.084,46.1531,46.3767,46.4574,46.6631,46.7557,46.9428,47.0481,47.2178,47.3354,47.4898,47.6169,47.7553,47.8921,48.0253,48.1564,48.3139,48.3111,48.7926,48.17,49.7281,47.3177,51.75,44.7419,56.5027,37.8951,65.3492,24.7992,83.6028,-0.465985,119.463
43.659,43.8409,44.0223,44.2014,44.3552,44.5767,44.676,44.9363,45.0042,45.2811,45.3341,45.6142,45.6623,45.9387,45.9862,46.2531,46.3047,46.5592,46.6186,46.8591,46.9292,47.1539,47.2355,47.4424,47.5359,47.7241,47.8303,48.0011,48.1196,48.2751,48.4032,48.5426,48.6804,48.8146,48.9467,49.1055,49.1025,49.5881,48.9604,50.5296,48.1055,52.5576,45.5276,57.3259,38.6198,66.1801,25.4945,84.4868,0.158818,120.47
44.4191,44.6019,44.7845,44.9656,45.1177,45.3425,45.441,45.7033,45.7711,46.0499,46.1029,46.3848,46.4331,46.711,46.759,47.0273,47.0795,47.3352,47.3955,47.6371,47.7081,47.9338,48.0163,48.2242,48.3186,48.508,48.615,48.787,48.9064,49.063,49.192,49.3323,49.4712,49.6065,49.7394,49.8996,49.8963,50.386,49.7533,51.3332,48.896,53.3668,46.3169,58.1492,39.3467,67.011,26.1928,85.3716,0.787478,121.477
45.1819,45.3656,45.5492,45.7347,45.8817,46.1125,46.2083,46.4738,46.5409,46.8218,46.8746,47.1584,47.2067,47.4863,47.5347,47.8043,47.8572,48.114,48.1751,48.4177,48.4896,48.7163,48.7997,49.0088,49.104,49.2945,49.4023,49.5754,49.6957,49.8533,49.9833,50.1245,50.2644,50.4007,50.5345,50.696,50.6924,51.1861,50.5486,52.1388,49.6892,54.1776,47.1098,58.9727,40.0756,67.8422,26.8938,86.2573,1.42004,122.483
45.9472,46.1316,46.316,46.5089,46.6473,46.8865,46.9781,47.2476,47.3134,47.5968,47.6492,47.9349,47.9832,48.2644,48.3132,48.5841,48.6376,48.8955,48.9575,49.2011,49.2739,49.5016,49.5858,49.7959,49.892,50.0836,50.1922,50.3664,50.4874,50.6462,50.7771,50.9191,51.0601,51.1974,51.332,51.4948,51.491,51.9885,51.3463,52.9466,50.485,54.99,47.9062,59.7962,40.8066,68.6737,27.5976,87.1437,2.05648,123.49
46.7155,46.9002,47.0839,47.2883,47.4146,47.6644,47.7504,48.0247,48.0886,48.3748,48.4265,48.7144,48.7626,49.0454,49.0945,49.3666,49.4209,49.6798,49.7425,49.9871,50.0608,50.2895,50.3745,50.5856,50.6825,50.8752,50.9845,51.1599,51.2817,51.4415,51.5733,51.7162,51.8581,51.9964,52.1319,52.2959,52.2918,52.7932,52.1464,53.7566,51.2834,55.8039,48.7061,60.6198,41.5396,69.5054,28.3041,88.031,2.69674,124.497
47.4877,47.6717,47.852,48.073,48.1837,48.4459,48.5253,48.8051,48.8666,49.1559,49.2067,49.4967,49.5447,49.8291,49.8785,50.1519,50.2068,50.4667,50.5303,50.7758,50.8503,51.0799,51.1658,51.3779,51.4756,51.6693,51.7794,51.9558,52.0784,52.2392,52.3719,52.5157,52.6585,52.7978,52.9341,53.0993,53.0951,53.6001,52.9488,54.5685,52.0843,56.6194,49.5095,61.4434,42.2744,70.3374,29.0134,88.9191,3.34089,125.503
48.2662,48.4474,48.6186,48.863,48.9549,49.2309,49.3027,49.5886,49.6474,49.9399,49.9897,50.2819,50.3296,50.6157,50.6653,50.94,50.9954,51.2563,51.3207,51.5671,51.6425,51.873,51.9597,52.1727,52.2712,52.466,52.5767,52.7542,52.8775,53.0394,53.1729,53.3175,53.4613,53.6015,53.7387,53.905,53.9006,54.4093,53.7536,55.3825,52.8878,57.4364,50.3164,62.2668,43.011,71.1697,29.7253,89.808,3.98888,126.51
49.0559,49.2308,49.3825,49.6579,49.7286,50.019,50.0829,50.3752,50.4308,50.7268,50.7754,51.0699,51.1173,51.405,51.4548,51.7307,51.7867,52.0486,52.1137,52.361,52.4372,52.6685,52.7561,52.97,53.0693,53.2651,53.3766,53.555,53.6791,53.8419,53.9763,54.1217,54.2664,54.4076,54.5455,54.713,54.7084,55.2206,54.5607,56.1985,53.6938,58.255,51.1266,63.0901,43.7493,72.0025,30.4399,90.6978,4.64073,127.517
49.8658,50.0281,50.1426,50.4569,50.5052,50.8101,50.8659,51.1647,51.217,51.5166,51.5638,51.8607,51.9077,52.1969,52.247,52.524,52.5806,52.8434,52.9093,53.1575,53.2345,53.4667,53.555,53.7698,53.8698,54.0666,54.1788,54.3583,54.4831,54.6468,54.7821,54.9282,55.0738,55.2159,55.3546,55.5232,55.5184,56.0341,55.37,57.0166,54.5023,59.0752,51.9403,63.9132,44.4893,72.8356,31.1571,91.5884,5.29639,128.523
50.7119,50.8512,50.899,51.2589,51.2852,51.6039,51.6516,51.9571,52.006,52.3093,52.355,52.6542,52.7008,52.9916,53.0419,53.32,53.3772,53.6409,53.7075,53.9565,54.0343,54.2673,54.3564,54.5721,54.6729,54.8706,54.9835,55.1639,55.2894,55.4541,55.5902,55.7371,55.8835,56.0266,56.166,56.3357,56.3308,56.8498,56.1817,57.8367,55.3132,59.8968,52.7574,64.736,45.2309,73.6692,31.877,92.4798,5.95587,129.53
51.6079,51.7209,51.6547,52.0621,52.0689,52.4002,52.4403,52.7524,52.7976,53.1047,53.1489,53.4504,53.4965,53.7889,53.8393,54.1185,54.1764,54.4409,54.5082,54.758,54.8366,55.0704,55.1603,55.3768,55.4783,55.677,55.7905,55.9719,56.0981,56.2637,56.4006,56.5482,56.6955,56.8394,56.9796,57.1504,57.1453,57.6676,56.9956,58.6588,56.1265,60.72,53.5778,65.5585,45.9741,74.5032,32.5994,93.3722,6.61916,130.537
51.6079,52.6648,52.4176,52.8646,52.8568,53.1988,53.2319,53.5503,53.592,53.9028,53.9454,54.2493,54.2949,54.5888,54.6395,54.9197,54.9781,55.2434,55.3115,55.562,55.6414,55.876,55.9666,56.184,56.2861,56.4857,56.5999,56.7822,56.9091,57.0756,57.2133,57.3616,57.5097,57.6546,57.7955,57.9673,57.962,58.4875,57.8118,59.4828,56.9423,61.5448,54.4016,66.3805,46.7187,75.3377,33.3243,94.2654,7.29022,130.537
52.3479,53.5084,53.2032,53.6648,53.649,53.9997,54.0264,54.3509,54.3891,54.7037,54.7446,55.0508,55.0959,55.3913,55.4422,55.7233,55.7824,56.0485,56.1173,56.3685,56.4487,56.684,56.7753,56.9935,57.0963,57.2968,57.4116,57.5949,57.7224,57.8898,58.0283,58.1773,58.3262,58.4719,58.6135,58.7864,58.781,59.3096,58.6301,60.3088,57.7605,62.3711,55.2285,67.2021,47.4648,76.1728,34.0519,95.1595,7.967,131.544
53.1867,54.2482,54.0148,54.4627,54.4455,54.8027,54.8239,55.1542,55.1888,55.5072,55.5464,55.8549,55.8995,56.1963,56.2474,56.5295,56.5891,56.856,56.9255,57.1775,57.2583,57.4944,57.5864,57.8054,57.9089,58.1103,58.2256,58.4098,58.538,58.7063,58.8455,58.9952,59.1449,59.2914,59.4338,59.6076,59.6021,60.1337,59.4507,61.1368,58.581,63.1989,56.0588,68.0231,48.2122,77.0083,34.782,96.0544,8.64573,132.55
54.7963,54.897,54.8453,55.2595,55.2459,55.6079,55.6243,55.9599,55.9913,56.3132,56.3508,56.6615,56.7057,57.0039,57.0552,57.3382,57.3984,57.666,57.7362,57.9888,58.0704,58.3071,58.4,58.6197,58.7238,58.9261,59.042,59.2271,59.3559,59.525,59.6649,59.8153,59.9657,60.1131,60.2562,60.431,60.4253,60.9599,60.2734,61.9666,59.4039,64.0282,56.8923,68.8434,48.961,77.8445,35.5146,96.9503,9.32261,134.564
55.4767,55.6248,55.6788,56.0574,56.0498,56.4153,56.4276,56.7682,56.7965,57.1219,57.1579,57.4708,57.5145,57.8139,57.8655,58.1494,58.2102,58.4783,58.5493,58.8026,58.8849,59.1223,59.2158,59.4362,59.541,59.7441,59.8606,60.0465,60.176,60.3459,60.4866,60.6376,60.7888,60.937,61.0807,61.2565,61.2507,61.7882,61.0983,62.7985,60.229,64.859,57.729,69.663,49.7111,78.6813,36.2497,97.8472,9.99954,135.57
56.2263,56.3935,56.5084,56.8584,56.8568,57.2249,57.2338,57.579,57.6043,57.933,57.9675,58.2825,58.3258,58.6264,58.6783,58.9629,59.0243,59.2932,59.3649,59.6187,59.7018,59.9398,60.0339,60.2551,60.3605,60.5645,60.6815,60.8683,60.9983,61.169,61.3105,61.462,61.6139,61.7629,61.9074,62.084,62.0782,62.6185,61.9253,63.6322,61.0565,65.6914,58.5689,70.4818,50.4624,79.5187,36.9874,98.7451,10.6803,136.577
57.0087,57.1858,57.3315,57.6641,57.6665,58.0368,58.0429,58.3921,58.4147,58.7466,58.7797,59.0966,59.1396,59.4414,59.4936,59.7789,59.841,60.1103,60.1827,60.4372,60.521,60.7596,60.8544,61.0763,61.1823,61.387,61.5046,61.6922,61.8228,61.9943,62.1365,62.2887,62.4413,62.591,62.7361,62.9137,62.9078,63.4508,62.7545,64.4678,61.8861,66.5252,59.4119,71.2998,51.2149,80.3568,37.7276,99.6439,11.3648,137.584
57.8134,57.993,58.147,58.475,58.4786,58.8511,58.8547,59.2077,59.2278,59.5627,59.5945,59.9132,59.9558,60.2587,60.3113,60.5972,60.6599,60.9298,61.003,61.258,61.3424,61.5817,61.6772,61.8997,62.0063,62.2118,62.3299,62.5183,62.6495,62.8218,62.9646,63.1174,63.2707,63.4212,63.567,63.7455,63.7395,64.2851,63.5858,65.3053,62.7181,67.3605,60.258,72.1167,51.9687,81.1955,38.4704,100.544,12.0531,138.591
58.6375,58.8128,58.9549,59.2915,59.293,59.6676,59.6693,60.0256,60.0435,60.3812,60.4117,60.7322,60.7746,61.0785,61.1314,61.418,61.4813,61.7517,61.8255,62.0811,62.1662,62.406,62.5022,62.7253,62.8325,63.0388,63.1574,63.3466,63.4783,63.6513,63.7949,63.9483,64.1022,64.2535,64.3999,64.5792,64.5732,65.1214,64.4191,66.1446,63.5522,68.1974,61.1073,72.9326,52.7236,82.0349,39.2156,101.445,12.7451,139.597
59.4853,59.6485,59.7559,60.1128,60.1098,60.4865,60.4866,60.8459,60.8618,61.202,61.2314,61.5535,61.5958,61.9005,61.9539,62.241,62.305,62.5759,62.6504,62.9064,62.9922,63.2326,63.3294,63.5532,63.661,63.868,63.9871,64.177,64.3093,64.4831,64.6273,64.7812,64.9359,65.0878,65.2348,65.415,65.409,65.9596,65.2545,66.9857,64.3885,69.0357,61.9595,73.7473,53.4796,82.8751,39.9634,102.346,13.441,140.604
60.3686,60.5093,60.5517,60.9381,60.929,61.3077,61.3066,61.6685,61.6826,62.0252,62.0536,62.3772,62.4194,62.725,62.7787,63.0663,63.131,63.4023,63.4775,63.7341,63.8205,64.0614,64.1589,64.3832,64.4916,64.6993,64.8189,65.0096,65.1424,65.3169,65.4618,65.6162,65.7715,65.9242,66.0718,66.2528,66.2468,66.7998,66.0919,67.8287,65.227,69.8756,62.8148,74.5607,54.2367,83.716,40.7136,103.249,14.1406,141.611
61.2941,61.4119,61.3462,61.7658,61.7509,62.1312,62.1292,62.4933,62.5059,62.8507,62.8783,63.2032,63.2453,63.5517,63.6059,63.894,63.9593,64.231,64.3069,64.5639,64.651,64.8925,64.9905,65.2155,65.3244,65.5327,65.6528,65.8443,65.9776,66.1528,66.2984,66.4533,66.6092,66.7626,66.9108,67.0927,67.0865,67.6419,66.9314,68.6735,66.0676,70.7169,63.673,75.3728,54.9949,84.5577,41.4664,104.153,14.8439,142.617
61.2941,62.3771,62.1466,62.5942,62.5756,62.957,62.9543,63.3204,63.3318,63.6784,63.7054,64.0314,64.0737,64.3806,64.4354,64.7239,64.7899,65.062,65.1386,65.396,65.4837,65.7256,65.8244,66.0498,66.1592,66.3683,66.4888,66.6811,66.8148,66.9907,67.137,67.2924,67.4489,67.603,67.7518,67.9344,67.9283,68.4859,67.7729,69.5202,66.9103,71.5597,64.5342,76.1834,55.7542,85.4003,42.2217,105.058,15.5546,142.617
62.0457,63.2514,62.9655,63.4221,63.4033,63.785,63.782,64.1498,64.1601,64.5084,64.5349,64.8619,64.9044,65.2118,65.2672,65.556,65.6227,65.8951,65.9724,66.2302,66.3186,66.561,66.6603,66.8863,66.9963,67.206,67.327,67.5199,67.6542,67.8307,67.9776,68.1336,68.2906,68.4453,68.5947,68.7781,68.772,69.3318,68.6163,70.3685,67.755,72.4041,65.3982,76.9924,56.5145,86.2437,42.9796,105.964,16.271,143.624
62.9107,64.0281,63.8061,64.2492,64.2338,64.6153,64.6122,64.9814,64.991,65.3406,65.3668,65.6947,65.7374,66.0453,66.1013,66.3903,66.4577,66.7304,66.8085,67.0666,67.1556,67.3985,67.4984,67.7249,67.8354,68.0458,68.1671,68.3608,68.4955,68.6727,68.8202,68.9767,69.1343,69.2897,69.4396,69.6238,69.6176,70.1795,69.4618,71.2187,68.6019,73.2499,66.2652,77.7998,57.2759,87.0881,43.7399,106.871,16.9895,144.631
64.6176,64.7179,64.6627,65.0761,65.0671,65.4479,65.4448,65.8152,65.8242,66.175,66.2011,66.5296,66.5728,66.8809,66.9375,67.2268,67.295,67.5679,67.6466,67.9052,67.9948,68.2381,68.3386,68.5657,68.6766,68.8876,69.0094,69.2037,69.3389,69.5167,69.6648,69.8218,69.9799,70.136,70.2865,70.4713,70.4652,71.0292,70.3091,72.0706,69.4508,74.0971,67.135,78.6055,58.0383,87.9333,44.5029,107.779,17.7066,146.644
65.3289,65.477,65.5231,65.9043,65.9029,66.2827,66.2798,66.6512,66.6598,67.0116,67.0377,67.3667,67.4104,67.7187,67.7761,68.0655,68.1344,68.4076,68.4869,68.7458,68.8361,69.0798,69.1808,69.4084,69.5198,69.7315,69.8537,70.0486,70.1843,70.3627,70.5115,70.6688,70.8275,70.9841,71.1352,71.3208,71.3147,71.8806,71.1583,72.9243,70.3016,74.9459,68.0076,79.4093,58.8017,88.7794,45.2683,108.688,18.4241,147.651
66.1061,66.2736,66.3816,66.7352,66.7409,67.1199,67.1171,67.4893,67.4978,67.8502,67.8766,68.2059,68.2502,68.5587,68.6168,68.9063,68.976,69.2493,69.3294,69.5886,69.6794,69.9236,70.0252,70.2533,70.365,70.5774,70.6999,70.8955,71.0317,71.2107,71.36,71.5178,71.677,71.8343,71.9859,72.1721,72.1662,72.7339,72.0096,73.7797,71.1545,75.7962,68.8829,80.2112,59.5662,89.6266,46.0364,109.598,19.1452,148.658
66.9141,67.0926,67.2355,67.5699,67.5808,67.9594,67.9568,68.3295,68.3381,68.691,68.7179,69.0472,69.0923,69.4007,69.4597,69.7493,69.8197,70.0932,70.174,70.4334,70.5248,70.7694,70.8715,71.1001,71.2123,71.4253,71.5482,71.7444,71.881,72.0606,72.2105,72.3687,72.5284,72.6863,72.8384,73.0253,73.0194,73.589,72.8627,74.6368,72.0094,76.6479,69.7609,81.0109,60.3317,90.4748,46.8069,110.509,19.8701,149.664
67.7425,67.9257,68.0837,68.4091,68.4226,68.8012,68.7988,69.1719,69.1808,69.5339,69.5614,69.8907,69.9365,70.2449,70.3047,70.5942,70.6655,70.9391,71.0206,71.2803,71.3723,71.6172,71.7199,71.9489,72.0616,72.2752,72.3984,72.5952,72.7322,72.9124,73.0629,73.2216,73.3817,73.5401,73.6928,73.8804,73.8745,74.4459,73.7176,75.4956,72.8661,77.5012,70.6416,81.8085,61.0983,91.324,47.5801,111.421,20.5986,150.671
68.587,68.7694,68.9259,69.253,69.266,69.6453,69.6431,70.0163,70.0258,70.3788,70.4071,70.7362,70.783,71.0912,71.1519,71.4414,71.5134,71.7872,71.8693,72.1292,72.2218,72.4671,72.5702,72.7997,72.9128,73.127,73.2505,73.448,73.5854,73.7662,73.9171,74.0762,74.2369,74.3959,74.549,74.7373,74.7315,75.3045,74.5744,76.3561,73.7248,78.3559,71.525,82.6038,61.8658,92.1743,48.3558,112.334,21.3308,151.678
69.448,69.624,69.7625,70.1015,70.1112,70.4916,70.4896,70.8628,70.8731,71.2258,71.2551,71.5838,71.6316,71.9395,72.0011,72.2905,72.3634,72.6372,72.72,72.9802,73.0733,73.3189,73.4225,73.6525,73.766,73.9807,74.1047,74.3027,74.4405,74.6218,74.7733,74.9328,75.0939,75.2535,75.4071,75.596,75.5903,76.165,75.4331,77.2184,74.5854,79.2121,72.4109,83.3967,62.6346,93.0258,49.1342,113.249,22.0667,152.685
70.3308,70.4935,70.594,70.954,70.9581,71.3402,71.3383,71.7113,71.7227,72.0747,72.1052,72.4334,72.4823,72.7898,72.8525,73.1417,73.2154,73.4893,73.5727,73.8331,73.9268,74.1727,74.2769,74.5073,74.6211,74.8364,74.9607,75.1592,75.2975,75.4793,75.6313,75.7913,75.9528,76.1128,76.2669,76.4564,76.4509,77.0271,76.2935,78.0822,75.4478,80.0698,73.2994,84.1871,63.4044,93.8783,49.9151,114.164,22.8062,153.691
71.246,71.3862,71.4222,71.8096,71.807,72.1909,72.1893,72.5618,72.5744,72.9257,72.9576,73.285,73.3352,73.6422,73.7059,73.9949,74.0694,74.3433,74.4274,74.688,74.7823,75.0285,75.1331,75.364,75.4782,75.694,75.8186,76.0177,76.1564,76.3386,76.4912,76.6515,76.8135,76.974,77.1286,77.3187,77.3132,77.891,77.1559,78.9477,76.3121,80.9291,74.1904,84.9748,64.1753,94.732,50.6986,115.081,23.5493,154.698
72.1952,72.316,72.2501,72.6673,72.6581,73.0436,73.0425,73.4143,73.4285,73.7786,73.812,74.1386,74.1901,74.4966,74.5613,74.8501,74.9255,75.1994,75.2841,75.5448,75.6397,75.8862,75.9913,76.2225,76.3371,76.5534,76.6784,76.878,77.0171,77.1998,77.3529,77.5136,77.676,77.837,77.9921,78.1827,78.1774,78.7566,78.02,79.8148,77.1782,81.7897,75.0838,85.7598,64.9473,95.5869,51.4848,115.999,24.2961,155.705
72.1952,73.2986,73.0839,73.5259,73.5115,73.8983,73.8979,74.2687,74.2846,74.6335,74.6686,74.9942,75.0471,75.3529,75.4188,75.7072,75.7835,76.0574,76.1427,76.4036,76.499,76.7458,76.8514,77.083,77.1979,77.4148,77.54,77.7402,77.8796,78.0628,78.2164,78.3775,78.5402,78.7018,78.8573,79.0485,79.0434,79.6239,78.8858,80.6836,78.0461,82.6519,75.9796,86.542,65.7205,96.4432,52.2736,116.918,25.0498,155.705
72.9554,74.1994,73.9328,74.3844,74.3673,74.755,74.7555,75.1251,75.143,75.4902,75.5273,75.8516,75.9062,76.2112,76.2782,76.5663,76.6434,76.9173,77.0033,77.2643,77.3602,77.6072,77.7133,77.9454,78.0606,78.2779,78.4035,78.6041,78.744,78.9275,79.0817,79.2431,79.4062,79.5683,79.7243,79.916,79.911,80.4929,79.7534,81.554,78.9159,83.5156,76.8778,87.3211,66.4949,97.3006,53.065,117.838,25.809,156.711
73.8426,75.0096,74.7993,75.2427,75.2256,75.6136,75.6153,75.9833,76.0035,76.3489,76.3881,76.7111,76.7672,77.0714,77.1396,77.4273,77.5053,77.7792,77.8658,78.1269,78.2234,78.4706,78.5772,78.8096,78.9251,79.1429,79.2688,79.4699,79.6102,79.7942,79.9488,80.1106,80.274,80.4366,80.5929,80.7852,80.7804,81.3635,80.6228,82.426,79.7874,84.3808,77.7782,88.0972,67.2707,98.1595,53.8591,118.759,26.5704,157.718
75.6402,75.7382,75.6788,76.1012,76.0863,76.474,76.4773,76.8434,76.866,77.2095,77.2509,77.5724,77.6302,77.9336,78.003,78.2902,78.3691,78.6429,78.7302,78.9914,79.0883,79.3358,79.4428,79.6756,79.7915,80.0097,80.1359,80.3374,80.4781,80.6625,80.8176,80.9797,81.1435,81.3065,81.4633,81.6561,81.6514,82.2358,81.4939,83.2996,80.6606,85.2474,78.6809,88.8701,68.0477,99.0197,54.6558,119.681,27.3309,159.732
76.3819,76.5273,76.5615,76.9609,76.9494,77.3361,77.3414,77.7053,77.7307,78.072,78.1157,78.4356,78.4953,78.7976,78.8683,79.1551,79.2348,79.5086,79.5964,79.8577,79.9551,80.2029,80.3104,80.5434,80.6596,80.8783,81.0048,81.2068,81.3478,81.5326,81.6881,81.8506,82.0147,82.1783,82.3355,82.5287,82.5243,83.1098,82.3667,84.1748,81.5355,86.1156,79.5858,89.6396,68.826,99.8813,55.4552,120.604,28.0919,160.738
77.1879,77.3509,77.4424,77.8227,77.8147,78.2,78.2077,78.5691,78.5975,78.9363,78.9826,79.3007,79.3622,79.6636,79.7354,80.0218,80.1024,80.376,80.4645,80.7259,80.8238,81.0717,81.1796,81.413,81.5296,81.7486,81.8755,82.0779,82.2193,82.4044,82.5605,82.7233,82.8876,83.0516,83.2092,83.403,83.3987,83.9852,83.2411,85.0515,82.4121,86.9853,80.4927,90.4057,69.6058,100.744,56.2573,121.529,28.8564,161.745
78.0248,78.1972,78.319,78.6874,78.6821,79.0656,79.0762,79.4346,79.4663,79.8024,79.8513,80.1677,80.2311,80.5313,80.6045,80.8904,80.9718,81.2454,81.3345,81.5959,81.6942,81.9424,82.0507,82.2844,82.4013,82.6207,82.7479,82.9507,83.0924,83.2779,83.4345,83.5976,83.7623,83.9267,84.0847,84.2789,84.2749,84.8624,84.1173,85.9297,83.2903,87.8565,81.4018,91.1683,70.3869,101.609,57.062,122.455,29.6244,162.752
78.8855,79.0599,79.1901,79.5552,79.5516,79.9329,79.9468,80.3019,80.3371,80.6704,80.7221,81.0365,81.1018,81.401,81.4754,81.7608,81.8431,82.1165,82.2062,82.4677,82.5665,82.8148,82.9236,83.1576,83.2747,83.4946,83.622,83.8252,83.9673,84.1532,84.3102,84.4736,84.6385,84.8034,84.9618,85.1565,85.1527,85.7412,84.9951,86.8095,84.1703,88.7291,82.3129,91.9271,71.1696,102.475,57.8695,123.382,30.3959,163.758
79.7676,79.9374,80.0558,80.4262,80.4232,80.8018,80.8195,81.171,81.2099,81.5402,81.5948,81.9071,81.9745,82.2724,82.3482,82.633,82.7162,82.9894,83.0797,83.3413,83.4405,83.689,83.7982,84.0325,84.1499,84.3702,84.4978,84.7015,84.844,85.0301,85.1875,85.3513,85.5165,85.6817,85.8406,86.0356,86.0321,86.6215,85.8746,87.6908,85.0518,89.6033,83.2259,92.6821,71.9539,103.343,58.6797,124.31,31.171,164.765
80.6741,80.8318,80.9165,81.3,81.2971,81.6723,81.6943,82.0418,82.0846,82.4117,82.4693,82.7795,82.849,83.1457,83.2228,83.507,83.5911,83.8641,83.955,84.2167,84.3163,84.565,84.6745,84.9092,85.0268,85.2475,85.3755,85.5794,85.7222,85.9087,86.0665,86.2306,86.3961,86.5617,86.7209,86.9164,86.9131,87.5033,86.7557,88.5736,85.935,90.479,84.1408,93.4332,72.7399,104.212,59.4926,125.239,31.9495,165.772
81.6126,81.7494,81.7739,82.1759,82.1732,82.5443,82.5712,82.9143,82.9613,83.2851,83.3458,83.6537,83.7253,84.0207,84.0991,84.3828,84.4677,84.7406,84.8321,85.0938,85.1938,85.4427,85.5526,85.7875,85.9055,86.1265,86.2548,86.459,86.6022,86.789,86.9473,87.1116,87.2773,87.4434,87.603,87.7988,87.7958,88.3868,87.6384,89.458,86.8198,91.3563,85.0576,94.1802,73.5275,105.083,60.3083,126.169,32.7316,166.779
82.5799,82.7011,82.6312,83.0531,83.0516,83.4179,83.4501,83.7886,83.8399,84.1602,84.2241,84.5297,84.6034,84.8976,84.9773,85.2604,85.3461,85.6189,85.7108,85.9726,86.073,86.3221,86.4324,86.6676,86.7858,87.0072,87.1357,87.3403,87.4838,87.6709,87.8295,87.9941,88.1601,88.3265,88.4865,88.6827,88.68,89.2717,88.5226,90.3438,87.7061,92.235,85.9761,94.9231,74.3169,105.955,61.1266,127.101,33.5171,167.785
82.5799,83.6986,83.4936,83.9306,83.9326,84.293,84.3309,84.6645,84.7204,85.037,85.1042,85.4075,85.4834,85.7761,85.8572,86.1397,86.2263,86.4989,86.5913,86.8531,86.954,87.2032,87.3138,87.5493,87.6677,87.8895,88.0182,88.2232,88.367,88.5544,88.7134,88.8783,89.0445,89.2113,89.3717,89.5683,89.5659,90.1582,89.4086,91.2312,88.5941,93.1153,86.8963,95.6618,75.1083,106.83,61.9477,128.033,34.3092,167.785
83.3475,84.622,84.3688,84.8078,84.816,85.1696,85.2139,85.5422,85.6027,85.9156,85.9861,86.287,86.3651,86.6564,86.7389,87.0207,87.1082,87.3806,87.4736,87.7354,87.8366,88.086,88.197,88.4327,88.5513,88.7734,88.9025,89.1077,89.2518,89.4395,89.599,89.7642,89.9305,90.0977,90.2584,90.4554,90.4533,91.0462,90.296,92.1199,89.4835,93.9971,87.8181,96.3959,75.9016,107.706,62.7716,128.967,35.1065,168.792
84.2535,85.4613,85.2593,85.6842,85.702,86.0477,86.0986,86.4216,86.4868,86.796,86.8698,87.1683,87.2484,87.5385,87.6223,87.9035,87.9918,88.264,88.3575,88.6194,88.7209,88.9705,89.0818,89.3178,89.4366,89.659,89.7884,89.9939,90.1384,90.3262,90.4861,90.6514,90.818,90.9856,91.1467,91.3439,91.3422,91.9357,91.185,93.0102,90.3745,94.8804,88.7414,97.1256,76.6969,108.584,63.5982,129.903,35.9059,169.799
86.1288,86.224,86.162,86.5604,86.5903,86.9273,86.9853,87.3026,87.3727,87.678,87.7552,88.0513,88.1336,88.4223,88.5074,88.7879,88.877,89.1491,89.243,89.5049,89.6069,89.8565,89.9682,90.2044,90.3235,90.5462,90.6758,90.8816,91.0264,91.2145,91.3747,91.5404,91.7072,91.875,92.0365,92.2341,92.2327,92.8266,92.0756,93.9019,91.2669,95.7653,89.6662,97.8506,77.4944,109.463,64.4277,130.839,36.7049,171.812
86.8961,87.04,87.0691,87.4368,87.4809,87.8085,87.8739,88.1853,88.2604,88.5618,88.6423,88.936,89.0204,89.3078,89.3942,89.6741,89.764,90.0359,90.1303,90.3922,90.4945,90.7443,90.8563,91.0927,91.2119,91.435,91.5649,91.7709,91.916,92.1043,92.265,92.4309,92.5978,92.766,92.9279,93.1257,93.1246,93.719,92.9677,94.795,92.1609,96.6517,90.5924,98.5708,78.2942,110.345,65.2598,131.776,37.5042,172.819
87.7239,87.8867,87.9771,88.3141,88.3735,88.6913,88.7642,89.0698,89.1498,89.4473,89.5312,89.8223,89.9089,90.1949,90.2826,90.5619,90.6525,90.9243,91.0192,91.2811,91.3838,91.6337,91.7459,91.9826,92.1021,92.3254,92.4555,92.6618,92.8073,92.9957,93.1568,93.3228,93.4899,93.6585,93.8207,94.0189,94.0182,94.6129,93.8613,95.6896,93.0564,97.5397,91.5199,99.286,79.0962,111.229,66.0948,132.715,38.3068,173.826
88.5777,88.7533,88.8843,89.1929,89.2681,89.5757,89.6563,89.9559,90.0409,90.3345,90.4217,90.7104,90.7991,91.0837,91.1727,91.4515,91.5428,91.8144,91.9097,92.1716,92.2746,92.5246,92.6372,92.8741,92.9937,93.2173,93.3477,93.5543,93.6999,93.8886,94.0501,94.2165,94.3837,94.5524,94.715,94.9135,94.9131,95.5082,94.7564,96.5855,93.9532,98.4291,92.4486,99.9963,79.9008,112.114,66.9326,133.655,39.1129,174.832
89.4486,89.6325,89.7899,90.0738,90.1645,90.4618,90.5501,90.8436,90.9337,91.2233,91.3139,91.6002,91.6909,91.9743,92.0644,92.3425,92.4346,92.706,92.8019,93.0637,93.167,93.4172,93.53,93.7671,93.8869,94.1108,94.2414,94.4482,94.5942,94.7831,94.9449,95.1115,95.2788,95.4478,95.6109,95.8095,95.8096,96.4049,95.653,97.4829,94.8515,99.3202,93.3785,100.701,80.7079,113.002,67.7731,134.596,39.9223,175.839
90.3306,90.5198,90.6939,90.9571,91.0623,91.3495,91.4455,91.7331,91.8281,92.1138,92.2077,92.4916,92.5844,92.8664,92.9577,93.2353,93.328,93.5993,93.6955,93.9574,94.061,94.3113,94.4243,94.6617,94.7817,95.0058,95.1367,95.3437,95.49,95.679,95.8412,96.008,96.1754,96.3449,96.5082,96.7071,96.7075,97.3031,96.551,98.3817,95.7511,100.213,94.3095,101.401,81.5177,113.891,68.6166,135.538,40.735,176.846
91.2198,91.4122,91.5967,91.8428,91.9616,92.239,92.3426,92.6242,92.7242,93.006,93.1031,93.3846,93.4794,93.7601,93.8526,94.1296,94.223,94.4942,94.5908,94.8527,94.9566,95.207,95.3203,95.5578,95.678,95.9024,96.0334,96.2407,96.3873,96.5765,96.739,96.9061,97.0735,97.2432,97.4069,97.606,97.6068,98.2026,97.4506,99.2819,96.6523,101.107,95.2415,102.096,82.3304,114.783,69.4628,136.481,41.5511,177.852
92.1137,92.3081,92.4987,92.7312,92.8622,93.1302,93.2412,93.517,93.6218,93.8998,94.0002,94.2793,94.376,94.6555,94.7491,95.0255,95.1196,95.3906,95.4877,95.7495,95.8537,96.1042,96.2177,96.4554,96.5759,96.8005,96.9317,97.1392,97.2861,97.4755,97.6383,97.8055,97.9731,98.1431,98.3071,98.5064,98.5077,99.1035,98.3516,100.183,97.5547,102.003,96.1744,102.785,83.1459,115.677,70.3118,137.426,42.3703,178.859
93.0108,93.2062,93.4003,93.6222,93.7641,94.0232,94.1414,94.4115,94.521,94.7953,94.8987,95.1756,95.2742,95.5524,95.6472,95.923,96.0177,96.2886,96.386,96.6479,96.7524,97.003,97.1167,97.3547,97.4752,97.7,97.8316,98.0392,98.1864,98.3759,98.539,98.7065,98.8741,99.0444,99.2087,99.4082,99.4099,100.006,99.254,101.086,98.4585,102.9,97.1081,103.469,83.9646,116.573,71.1637,138.372,43.1929,179.866
93.9103,94.1062,94.3021,94.5158,94.6671,94.9181,95.0431,95.3076,95.4217,95.6924,95.7988,96.0735,96.174,96.4509,96.5467,96.8221,96.9174,97.1881,97.286,97.5478,97.6525,97.9033,98.0172,98.2553,98.376,98.6011,98.7328,98.9406,99.0881,99.2777,99.4411,99.6089,99.7766,99.9471,100.112,100.311,100.314,100.909,100.158,101.991,99.3637,103.799,98.0425,104.146,84.7865,117.471,72.0183,139.319,44.0186,180.872
94.8116,95.0077,95.2042,95.4119,95.5713,95.8147,95.9462,96.2054,96.324,96.5911,96.7004,96.973,97.0752,97.351,97.4479,97.7227,97.8185,98.0892,98.1874,98.4493,98.5542,98.8051,98.9191,99.1575,99.2783,99.5036,99.6355,99.8435,99.9913,100.181,100.345,100.513,100.68,100.851,101.016,101.216,101.219,101.815,101.063,102.896,100.27,104.699,98.9775,104.818,85.6118,118.372,72.8758,140.267,44.8477,181.879
95.7144,95.9105,96.1072,96.3104,96.4766,96.7132,96.8507,97.1049,97.2277,97.4914,97.6036,97.874,97.978,98.2526,98.3505,98.6248,98.7213,98.9917,99.0903,99.3521,99.4573,99.7083,99.8226,100.061,100.182,100.408,100.54,100.748,100.896,101.086,101.25,101.418,101.586,101.757,101.922,102.122,102.125,102.721,101.97,103.803,101.178,105.602,99.913,105.484,86.4405,119.274,73.7361,141.216,45.68,182.886
96.6187,96.8146,97.0112,97.2111,97.383,97.6134,97.7567,98.006,98.1329,98.3933,98.5082,98.7766,98.8822,99.1558,99.2546,99.5284,99.6254,99.8958,99.9946,100.257,100.362,100.613,100.727,100.966,101.087,101.313,101.445,101.654,101.802,101.992,102.156,102.324,102.492,102.664,102.829,103.029,103.033,103.629,102.878,104.711,102.087,106.505,100.849,106.144,87.273,120.18,74.5993,142.167,46.5154,183.893
97.5243,97.7201,97.9163,98.1139,98.2906,98.5155,98.664,98.9087,99.0396,99.2968,99.4142,99.6809,99.7879,100.061,100.16,100.434,100.531,100.801,100.901,101.162,101.268,101.519,101.634,101.873,101.994,102.22,102.352,102.561,102.709,102.899,103.064,103.232,103.4,103.572,103.738,103.938,103.942,104.538,103.787,105.621,102.997,107.41,101.785,106.798,88.1092,121.087,75.4652,143.118,47.354,184.899
98.4312,98.6269,98.8227,99.0187,99.1993,99.4193,99.5727,99.8131,99.9476,100.202,100.322,100.587,100.695,100.967,101.067,101.34,101.438,101.708,101.808,102.07,102.176,102.427,102.542,102.781,102.902,103.128,103.261,103.469,103.618,103.808,103.973,104.142,104.31,104.482,104.648,104.848,104.853,105.448,104.698,106.532,103.909,108.317,102.722,107.445,88.9494,121.997,76.3341,144.071,48.1957,185.906
99.3396,99.535,99.7305,99.9255,100.109,100.325,100.483,100.719,100.857,101.109,101.231,101.494,101.604,101.874,101.976,102.248,102.347,102.617,102.717,102.979,103.084,103.336,103.451,103.69,103.812,104.038,104.171,104.379,104.528,104.719,104.884,105.053,105.221,105.393,105.559,105.759,105.765,106.36,105.61,107.444,104.822,109.226,103.658,108.086,89.7938,122.909,77.2057,145.025,49.0407,186.913
100.249,100.445,100.64,100.834,101.02,101.232,101.394,101.627,101.768,102.017,102.141,102.403,102.514,102.784,102.886,103.158,103.257,103.527,103.627,103.889,103.995,104.246,104.361,104.601,104.722,104.949,105.082,105.291,105.44,105.63,105.796,105.965,106.133,106.305,106.471,106.672,106.678,107.272,106.524,108.357,105.736,110.135,104.595,108.721,90.6425,123.823,78.0801,145.98,49.8887,187.919
101.16,101.356,101.55,101.744,101.932,102.141,102.307,102.536,102.68,102.927,103.053,103.313,103.425,103.694,103.797,104.069,104.168,104.438,104.538,104.8,104.907,105.158,105.273,105.513,105.635,105.861,105.994,106.203,106.353,106.543,106.709,106.878,107.046,107.219,107.385,107.586,107.592,108.187,107.438,109.272,106.651,111.047,105.532,109.349,91.4958,124.74,78.9573,146.937,50.7398,188.926
102.073,102.268,102.463,102.656,102.846,103.052,103.221,103.447,103.594,103.838,103.966,104.225,104.338,104.607,104.71,104.981,105.081,105.351,105.451,105.713,105.82,106.071,106.187,106.426,106.548,106.775,106.909,107.117,107.267,107.458,107.623,107.793,107.961,108.134,108.301,108.501,108.508,109.102,108.354,110.188,107.568,111.96,106.468,109.97,92.3537,125.66,79.8373,147.894,51.5939,189.933
102.987,103.182,103.376,103.57,103.76,103.964,104.136,104.359,104.508,104.751,104.88,105.138,105.252,105.52,105.624,105.895,105.995,106.265,106.366,106.628,106.734,106.986,107.102,107.341,107.463,107.69,107.824,108.033,108.183,108.373,108.539,108.709,108.877,109.05,109.217,109.418,109.425,110.019,109.272,111.105,108.486,112.875,107.404,110.585,93.2165,126.582,80.7201,148.853,52.4511,190.94
103.902,104.097,104.291,104.485,104.676,104.878,105.052,105.273,105.425,105.665,105.796,106.053,106.168,106.435,106.539,106.811,106.911,107.181,107.281,107.544,107.65,107.902,108.018,108.258,108.38,108.607,108.74,108.949,109.1,109.29,109.457,109.626,109.795,109.967,110.135,110.335,110.344,110.937,110.191,112.024,109.405,113.792,108.34,111.192,94.0843,127.507,81.6058,149.812,53.3113,191.946
104.819,105.014,105.208,105.401,105.594,105.794,105.97,106.188,106.342,106.581,106.713,106.969,107.085,107.352,107.456,107.727,107.828,108.098,108.199,108.461,108.568,108.82,108.935,109.175,109.297,109.524,109.658,109.868,110.018,110.209,110.375,110.545,110.713,110.886,111.054,111.254,111.263,111.856,111.111,112.943,110.325,114.71,109.275,111.793,94.9574,128.434,82.4943,150.773,54.1746,192.953
105.737,105.932,106.126,106.319,106.512,106.711,106.889,107.105,107.261,107.498,107.632,107.886,108.003,108.269,108.375,108.645,108.746,109.016,109.117,109.379,109.486,109.738,109.854,110.094,110.216,110.443,110.578,110.787,110.938,111.128,111.295,111.465,111.633,111.806,111.974,112.175,112.184,112.776,112.032,113.864,111.246,115.629,110.209,112.386,95.836,129.363,83.3856,151.735,55.0408,193.96
106.657,106.851,107.045,107.239,107.432,107.629,107.809,108.024,108.181,108.417,108.551,108.805,108.923,109.189,109.294,109.565,109.666,109.935,110.037,110.299,110.406,110.658,110.774,111.014,111.137,111.364,111.498,111.708,111.858,112.049,112.216,112.386,112.555,112.728,112.896,113.096,113.107,113.698,112.954,114.786,112.168,116.551,111.143,112.973,96.7202,130.296,84.2795,152.698,55.91,194.966
107.578,107.772,107.966,108.159,108.353,108.549,108.73,108.944,109.102,109.337,109.472,109.726,109.843,110.109,110.215,110.486,110.586,110.856,110.958,111.22,111.327,111.58,111.695,111.936,112.058,112.286,112.42,112.629,112.781,112.971,113.138,113.309,113.477,113.65,113.818,114.019,114.03,114.62,113.878,115.709,113.092,117.474,112.075,113.552,97.6103,131.23,85.1763,153.662,56.7822,195.973
108.5,108.694,108.888,109.081,109.275,109.471,109.653,109.865,110.024,110.259,110.395,110.648,110.766,111.031,111.137,111.408,111.509,111.779,111.88,112.143,112.25,112.502,112.618,112.859,112.981,113.209,113.343,113.553,113.704,113.895,114.062,114.232,114.401,114.574,114.743,114.943,114.955,115.544,114.803,116.634,114.017,118.398,113.007,114.124,98.5065,132.168,86.0758,154.627,57.6572,196.98
109.424,109.618,109.812,110.005,110.198,110.394,110.576,110.788,110.948,111.182,111.318,111.571,111.689,111.955,112.061,112.331,112.432,112.702,112.804,113.067,113.174,113.426,113.542,113.783,113.905,114.133,114.268,114.477,114.629,114.819,114.987,115.157,115.326,115.499,115.668,115.868,115.881,116.469,115.729,117.559,114.942,119.324,113.937,114.688,99.409,133.108,86.9781,155.594,58.5352,197.987
110.35,110.542,110.736,110.93,111.123,111.318,111.501,111.713,111.873,112.106,112.243,112.496,112.614,112.879,112.985,113.256,113.357,113.627,113.729,113.992,114.099,114.352,114.467,114.708,114.831,115.058,115.194,115.403,115.555,115.745,115.913,116.083,116.252,116.426,116.594,116.794,116.808,117.396,116.657,118.486,115.869,120.252,114.866,115.245,100.318,134.051,87.8831,156.561,59.4161,198.993
111.329,111.522,111.716,111.909,112.103,112.298,112.481,112.692,112.852,113.086,113.222,113.475,113.593,113.859,113.965,114.235,114.336,114.607,114.708,114.971,115.078,115.331,115.447,115.688,115.81,116.038,116.173,116.382,116.534,116.725,116.893,117.063,117.232,117.406,117.574,117.774,117.788,118.376,117.637,119.466,116.849,121.232,115.847,115.847,101.292,135.036,88.8559,157.554,60.3809,200
