SPACE_POINTS_X
50,51.0067,52.0134,53.0201,54.0268,55.0336,56.0403,57.047,58.0537,59.0604,60.0671,61.0738,62.0805,63.0872,64.094,65.1007,66.1074,67.1141,68.1208,69.1275,70.1342,71.1409,72.1477,73.1544,74.1611,75.1678,76.1745,77.1812,78.1879,79.1946,80.2013,81.2081,82.2148,83.2215,84.2282,85.2349,86.2416,87.2483,88.255,89.2617,90.2685,91.2752,92.2819,93.2886,94.2953,95.302,96.3087,97.3154,98.3221,99.3289,100.336,101.342,102.349,103.356,104.362,105.369,106.376,107.383,108.389,109.396,110.403,111.409,112.416,113.423,114.43,115.436,116.443,117.45,118.456,119.463,120.47,121.477,122.483,123.49,124.497,125.503,126.51,127.517,128.523,129.53,130.537,131.544,132.55,133.557,134.564,135.57,136.577,137.584,138.591,139.597,140.604,141.611,142.617,143.624,144.631,145.638,146.644,147.651,148.658,149.664,150.671,151.678,152.685,153.691,154.698,155.705,156.711,157.718,158.725,159.732,160.738,161.745,162.752,163.758,164.765,165.772,166.779,167.785,168.792,169.799,170.805,171.812,172.819,173.826,174.832,175.839,176.846,177.852,178.859,179.866,180.872,181.879,182.886,183.893,184.899,185.906,186.913,187.919,188.926,189.933,190.94,191.946,192.953,193.96,194.966,195.973,196.98,197.987,198.993,200
SPACE_POINTS_Y
0,0.0244898,0.0489796,0.0734694,0.0979592,0.122449,0.146939,0.171429,0.195918,0.220408,0.244898,0.269388,0.293878,0.318367,0.342857,0.367347,0.391837,0.416327,0.440816,0.465306,0.489796,0.514286,0.538776,0.563265,0.587755,0.612245,0.636735,0.661224,0.685714,0.710204,0.734694,0.759184,0.783673,0.808163,0.832653,0.857143,0.881633,0.906122,0.930612,0.955102,0.979592,1.00408,1.02857,1.05306,1.07755,1.10204,1.12653,1.15102,1.17551,1.2
VALUES
0,0,0,0,0,0,0,0,0,0,0,0,0,0,0,0,0,0,0,0,0,0,0,0,0,0,0,0,0,0,0,0,0,0,0,0,0,0,0,0,0,0,0,0,0,0,0,0,0,0
0.606852,0.573548,0.471304,0.606507,0.491972,0.588474,0.516203,0.57911,0.533488,0.576106,0.546594,0.57654,0.557341,0.578892,0.566573,0.582378,0.574797,0.586591,0.582335,0.591283,0.589386,0.596267,0.596023,0.60139,0.602287,0.606584,0.608272,0.611858,0.614053,0.617148,0.619595,0.622366,0.624977,0.6276,0.630236,0.632832,0.633916,0.641335,0.632299,0.658742,0.615492,0.700936,0.556627,0.813201,0.377509,1.13789,-0.203398,2.3442,-3.88512,51.0067
0.606852,1.3338,0.915155,1.19894,0.987547,1.16788,1.03247,1.15319,1.06582,1.14893,1.09175,1.15066,1.11324,1.15586,1.13178,1.16316,1.14833,1.1718,1.1635,1.18135,1.17769,1.19144,1.19105,1.20179,1.20365,1.21226,1.21568,1.22287,1.2273,1.23351,1.23843,1.24399,1.24924,1.2545,1.25979,1.26503,1.26713,1.28216,1.26377,1.31726,1.22977,1.40237,1.11094,1.62878,0.749568,2.28381,-0.423486,4.72648,-7.64306,51.0067
1.72452,1.66057,1.45347,1.76068,1.49348,1.73659,1.55175,1.7219,1.59865,1.71864,1.63652,1.72272,1.66847,1.73134,1.69625,1.74277,1.72112,1.75607,1.74397,1.77062,1.76536,1.78592,1.78548,1.80158,1.80447,1.81739,1.82259,1.83339,1.84009,1.84942,1.85685,1.86521,1.87311,1.88103,1.88899,1.89691,1.89995,1.92277,1.89473,1.97581,1.84319,2.10443,1.66351,2.44647,1.11759,3.43548,-0.653097,7.11206,-10.8706,53.0201
1.72452,2.38852,1.9302,2.31227,2.00982,2.29484,2.07571,2.28533,2.1332,2.28548,2.18181,2.29306,2.22371,2.30571,2.26052,2.32163,2.29366,2.33979,2.32418,2.35947,2.35278,2.38009,2.3797,2.40112,2.4051,2.42232,2.42934,2.44376,2.45274,2.46521,2.47516,2.48633,2.49689,2.50748,2.51811,2.52875,2.53266,2.56343,2.52547,2.63463,2.4561,2.80725,2.21485,3.26599,1.48293,4.59068,-0.885137,9.47141,-13.6191,53.0201
2.31937,2.87149,2.47001,2.842,2.53686,2.84409,2.60495,2.84396,2.67026,2.84979,2.72829,2.86204,2.77954,2.87933,2.82511,2.9001,2.86638,2.92332,2.90453,2.94827,2.94032,2.97428,2.97404,3.00074,3.00587,3.02737,3.03625,3.05427,3.06556,3.08117,3.09364,3.10763,3.12087,3.13412,3.14743,3.16082,3.16553,3.2044,3.15626,3.29393,3.0688,3.51094,2.76545,4.08707,1.84686,5.74726,-1.11291,11.783,-15.9477,54.0268
3.25986,3.21729,3.04339,3.36083,3.07114,3.38674,3.13932,3.39861,3.21032,3.41202,3.27651,3.43002,3.33644,3.45257,3.39042,3.47853,3.43967,3.50701,3.48535,3.53733,3.5283,3.56881,3.56882,3.60074,3.60708,3.63283,3.64359,3.6652,3.67882,3.69756,3.71257,3.72937,3.74528,3.7612,3.7772,3.79336,3.7988,3.84589,3.78735,3.9539,3.6816,4.21561,3.31579,4.90945,2.21061,6.9032,-1.33037,14.032,-17.9255,56.0403
3.25986,3.88849,3.55292,3.88782,3.60854,3.92537,3.67825,3.95029,3.7536,3.97267,3.82688,3.99737,3.89482,4.02576,3.95685,4.05722,4.01388,4.09115,4.06699,4.12696,4.11705,4.16396,4.16433,4.2014,4.20899,4.23897,4.25163,4.27682,4.29277,4.31464,4.33219,4.3518,4.37039,4.38897,4.40764,4.42659,4.4327,4.48812,4.41898,4.61473,4.29475,4.92133,3.86629,5.73289,2.57529,8.05662,-1.53219,16.2085,-19.5778,56.0403
4.31362,4.27376,4.09128,4.41539,4.14863,4.46194,4.22111,4.50007,4.30015,4.53229,4.37968,4.56447,4.45503,4.59921,4.52473,4.63649,4.58931,4.67604,4.64973,4.71742,4.70682,4.75999,4.76082,4.80297,4.81186,4.84603,4.8606,4.88936,4.90765,4.93263,4.95273,4.97513,4.99638,5.01763,5.03897,5.06072,5.06744,5.13129,5.05135,5.27659,4.90852,5.62819,4.41735,6.55713,2.94196,9.20582,-1.71388,18.3064,-20.9549,58.0537
4.31362,4.99091,4.58316,4.94612,4.69163,4.99799,4.76725,5.04898,4.84992,5.09146,4.93512,5.13171,5.01734,5.17324,5.09434,5.21662,5.16624,5.26194,5.23384,5.30897,5.29788,5.35716,5.35854,5.40569,5.41593,5.45423,5.47074,5.50304,5.52366,5.55174,5.57438,5.59957,5.62348,5.64737,5.67137,5.69595,5.70321,5.77558,5.68468,5.93962,5.52313,6.33626,4.96937,7.38197,3.31159,10.3493,-1.87172,20.3226,-22.0822,58.0537
4.89433,5.48275,5.13736,5.46539,5.23853,5.53486,5.31617,5.59796,5.40286,5.65072,5.49335,5.69946,5.58197,5.74814,5.66593,5.79785,5.74494,5.84909,5.81957,5.90185,5.89045,5.95567,5.9577,6.00977,6.02139,6.06379,6.08225,6.11805,6.14101,6.17217,6.19734,6.2253,6.25187,6.27839,6.30504,6.33245,6.34019,6.42114,6.31913,6.60397,6.13881,7.04561,5.52267,8.20719,3.68506,11.4857,-2.00272,22.2564,-22.9919,59.0604
5.80573,5.8094,5.73833,5.98009,5.78714,6.07394,5.86749,6.14779,5.95887,6.2106,6.05447,6.26808,6.14912,6.3242,6.23973,6.38044,6.32562,6.4377,6.40712,6.49625,6.48474,6.55574,6.55852,6.6154,6.62845,6.67489,6.69531,6.73458,6.75987,6.7941,6.82179,6.8525,6.88171,6.91085,6.94013,6.97037,6.97853,7.06814,6.95488,7.26976,6.75574,7.75628,6.0776,9.03259,4.06318,12.6138,-2.10462,24.1089,-23.7282,61.0738
6.28032,6.30763,6.29402,6.5104,6.33397,6.61635,6.42106,6.69908,6.51791,6.77159,6.61855,6.83793,6.71895,6.90169,6.81592,6.96462,6.90848,7.028,6.99669,7.09239,7.08095,7.15756,7.16117,7.22277,7.23728,7.28771,7.31009,7.3528,7.38042,7.41768,7.44788,7.48133,7.51315,7.5449,7.57679,7.60987,7.6184,7.7167,7.59209,7.93711,7.37413,8.46834,6.63444,9.85801,4.44666,13.7328,-2.17575,25.8825,-24.306,62.0805
6.88366,6.89074,6.79753,7.06047,6.87875,7.16236,6.977,7.25229,7.07995,7.33411,7.18565,7.40933,7.29157,7.48085,7.39467,7.55059,7.49369,7.62017,7.58847,7.69043,7.67925,7.76128,7.76582,7.83204,7.84805,7.9024,7.92675,7.97287,8.0028,8.04307,8.07577,8.11193,8.14635,8.18069,8.21516,8.25109,8.25993,8.36697,8.2309,8.60613,7.99414,9.18182,7.19348,10.6833,4.83616,14.8419,-2.21501,27.5803,-24.7381,63.0872
6.88366,7.65597,7.27289,7.61899,7.4247,7.71146,7.53561,7.80778,7.64501,7.89857,7.75579,7.98258,7.86711,8.06193,7.97613,8.13855,8.08142,8.21439,8.18262,8.29054,8.27979,8.36708,8.37262,8.44336,8.4609,8.51911,8.54543,8.59492,8.62715,8.67041,8.70558,8.74443,8.78144,8.81834,8.85538,8.89414,8.90324,9.01904,8.87144,9.27692,8.61592,9.89678,7.75496,11.5083,5.23222,15.9403,-2.22175,29.2059,-25.0351,63.0872
7.51801,8.15655,7.81911,8.16767,7.97572,8.26297,8.09725,8.3658,8.2131,8.46531,8.32903,8.55797,8.44564,8.64513,8.56042,8.72868,8.67182,8.81082,8.77927,8.89287,8.88272,8.97509,8.98172,9.05687,9.07597,9.13799,9.16627,9.21908,9.2536,9.29981,9.33744,9.37895,9.41853,9.45797,9.49756,9.53915,9.54845,9.67305,9.51383,9.94956,9.23963,10.6132,8.31911,12.3329,5.63535,17.0277,-2.19574,30.7634,-25.2211,64.094
8.49403,8.50395,8.41215,8.70889,8.53273,8.81657,8.6622,8.9266,8.78425,9.03463,8.90539,9.13575,9.02725,9.23067,9.14765,9.32116,9.26499,9.4096,9.37856,9.49756,9.48817,9.58545,9.59324,9.6727,9.69338,9.75913,9.78938,9.84547,9.88226,9.9314,9.97147,10.0156,10.0577,10.0997,10.1418,10.1862,10.1957,10.3291,10.1582,10.6241,9.86539,11.3312,8.88616,13.157,6.04597,18.1038,-2.13709,32.2572,-25.3259,66.1074
9.02655,9.04983,8.97056,9.25537,9.09477,9.37236,9.23063,9.4904,9.3585,9.60679,9.48492,9.71614,9.61202,9.81872,9.73792,9.91613,9.86106,10.0109,9.98061,10.1047,10.0963,10.1983,10.2073,10.291,10.3132,10.3827,10.4149,10.4742,10.5132,10.5653,10.6078,10.6545,10.6991,10.7436,10.7882,10.8354,10.845,10.9872,10.8046,11.3007,10.4933,12.0508,9.45628,13.9805,6.46442,19.1683,-2.04618,33.692,-25.3537,67.1141
9.02655,9.75936,9.50194,9.80763,9.66159,9.93062,9.80257,10.0574,9.93588,10.182,10.0676,10.2993,10.2,10.4095,10.3313,10.5137,10.4601,10.6148,10.5855,10.7145,10.7071,10.8137,10.824,10.9117,10.9357,11.0087,11.0429,11.1054,11.1466,11.2015,11.2464,11.2958,11.3429,11.3898,11.4369,11.4869,11.4965,11.6475,11.4532,11.9794,11.1236,12.772,10.0297,14.8033,6.89102,20.2211,-1.92362,35.072,-25.2999,67.1141
10.182,10.1931,10.0738,10.3583,10.2335,10.4918,10.3779,10.628,10.5164,10.7605,10.6536,10.8856,10.7912,11.003,10.9279,11.1141,11.0623,11.2214,11.1934,11.327,11.3207,11.4317,11.4434,11.5352,11.5607,11.6373,11.6734,11.7391,11.7826,11.8403,11.8875,11.9394,11.989,12.0383,12.0878,12.1407,12.1503,12.3101,12.104,12.6602,11.7562,13.4948,10.6064,15.6254,7.32599,21.2624,-1.77021,36.4015,-25.1887,69.1275
10.182,10.8448,10.6411,10.9096,10.81,11.0565,10.9565,11.2022,11.1001,11.3425,11.2428,11.4749,11.3858,11.5996,11.5278,11.7174,11.6676,11.8309,11.8043,11.9423,11.9373,12.0525,12.0657,12.1613,12.1885,12.2686,12.3066,12.3754,12.421,12.4816,12.5311,12.5855,12.6376,12.6893,12.7412,12.7968,12.8065,12.975,12.7572,13.3432,12.3913,14.2192,11.1868,16.4468,7.76952,22.2922,-1.58687,37.6846,-25.0209,69.1275
11.2139,11.2613,11.2454,11.4613,11.3899,11.6254,11.5383,11.7805,11.687,11.928,11.8354,12.0675,11.9838,12.1992,12.131,12.3236,12.2761,12.4433,12.4183,12.5605,12.5569,12.6762,12.6908,12.7902,12.8191,12.9026,12.9425,13.0144,13.0622,13.1255,13.1774,13.2342,13.2887,13.3428,13.3971,13.4555,13.465,13.6423,13.4127,14.0285,13.029,14.9453,11.7708,17.2673,8.22177,23.3106,-1.37463,38.9254,-24.8102,71.1409
11.7174,11.791,11.837,12.0213,11.9716,12.1993,12.1229,12.3628,12.2772,12.5173,12.4314,12.6636,12.5851,12.8021,12.7376,12.9329,12.888,13.0587,13.0355,13.1816,13.1795,13.3028,13.3189,13.422,13.4526,13.5394,13.5813,13.6561,13.7061,13.772,13.8262,13.8856,13.9424,13.9989,14.0555,14.1166,14.1261,14.3121,14.0707,14.716,13.6694,15.6732,12.3586,18.0871,8.68281,24.318,-1.1346,40.1276,-24.5633,72.1477
12.2887,12.3637,12.4094,12.5931,12.5541,12.7787,12.7104,12.9493,12.8707,13.1102,13.0308,13.2631,13.19,13.4082,13.3476,13.5454,13.5032,13.6772,13.6559,13.8058,13.8053,13.9323,13.95,14.0567,14.089,14.1791,14.2228,14.3006,14.3527,14.4214,14.4778,14.5396,14.5987,14.6575,14.7165,14.7803,14.7897,14.9844,14.7312,15.4059,14.3125,16.4027,12.9502,18.906,9.15271,25.3146,-0.86792,41.2947,-24.2783,73.1544
12.9212,12.9825,12.9667,13.1753,13.1375,13.3636,13.3008,13.5401,13.4676,13.7071,13.6337,13.8662,13.7983,14.0177,13.9611,14.1612,14.1217,14.2989,14.2797,14.433,14.4343,14.5649,14.5842,14.6944,14.7284,14.8217,14.8673,14.948,15.0022,15.0735,15.1322,15.1963,15.2578,15.3189,15.3801,15.4466,15.4558,15.6592,15.3943,16.0981,14.9583,17.1339,13.5458,19.7241,9.6315,26.3009,-0.575774,42.4299,-23.9596,74.1611
12.9212,13.6994,13.5254,13.7633,13.7227,13.9539,13.8942,14.1353,14.0679,14.3078,14.2401,14.4729,14.4102,14.6307,14.5781,14.7802,14.7437,14.9237,14.9067,15.0634,15.0664,15.2006,15.2215,15.3352,15.3708,15.4672,15.5148,15.5983,15.6545,15.7284,15.7893,15.8558,15.9196,15.9829,16.0464,16.1156,16.1246,16.3365,16.0601,16.7928,15.6071,17.8669,14.1455,20.5415,10.1192,27.277,-0.259338,43.5362,-23.6046,74.1611
14.0741,14.1354,14.1296,14.3531,14.3102,14.5495,14.4909,14.7346,14.6719,14.9124,14.8501,15.0834,15.0256,15.2471,15.1986,15.4027,15.3692,15.5519,15.5371,15.6971,15.7019,15.8395,15.862,15.979,16.0163,16.1158,16.1652,16.2516,16.3098,16.3863,16.4493,16.5182,16.5841,16.6497,16.7155,16.7873,16.7961,17.0165,16.7284,17.4899,16.2587,18.6017,14.7492,21.3581,10.6157,28.2435,0.0802111,44.6165,-23.2293,76.1745
14.5928,14.6788,14.7285,14.9499,14.9004,15.1498,15.0912,15.3381,15.2795,15.5209,15.4638,15.6975,15.6447,15.8672,15.8227,16.0285,15.9982,16.1834,16.171,16.3339,16.3406,16.4815,16.5057,16.6259,16.6649,16.7674,16.8186,16.9078,16.968,17.047,17.1122,17.1833,17.2515,17.3193,17.3873,17.4617,17.4702,17.6992,17.3995,18.1894,16.9132,19.3382,15.3571,22.1739,11.121,29.2009,0.441717,45.6733,-22.8374,77.1812
15.1896,15.2721,15.3085,15.5564,15.4936,15.7545,15.6953,15.9457,15.8909,16.1334,16.0811,16.3155,16.2674,16.4908,16.4504,16.6578,16.6307,16.8182,16.8082,16.9741,16.9827,17.1267,17.1526,17.2759,17.3167,17.4222,17.4752,17.567,17.6293,17.7107,17.778,17.8514,17.9218,17.9918,18.0618,18.1389,18.1471,18.3845,18.0733,18.8914,17.5708,20.0766,15.9692,22.9891,11.635,30.1494,0.824047,46.7091,-22.425,78.1879
15.8707,15.9284,15.869,16.1709,16.0911,16.3629,16.3036,16.5572,16.5062,16.7498,16.7022,16.9372,16.8938,17.1181,17.0817,17.2906,17.2667,17.4564,17.4489,17.6175,17.6281,17.7751,17.8028,17.9292,17.9716,18.08,18.1348,18.2293,18.2935,18.3774,18.4468,18.5224,18.5949,18.667,18.7392,18.8189,18.8268,19.0725,18.7499,19.5958,18.2313,20.8167,16.5855,23.8036,12.1576,31.0896,1.2261,47.7261,-21.9942,79.1946
15.8707,16.7197,16.4263,16.7868,16.6946,16.9747,16.9163,17.1726,17.1253,17.3701,17.327,17.5628,17.5238,17.749,17.7167,17.927,17.9063,18.0981,18.0931,18.2643,18.2769,18.4269,18.4563,18.5856,18.6297,18.7409,18.7975,18.8946,18.9607,19.0471,19.1185,19.1963,19.2709,19.3451,19.4194,19.5017,19.5092,19.7633,19.4293,20.3028,18.8949,21.5586,17.2061,24.6175,12.6887,32.0219,1.64683,48.7261,-21.5406,79.1946
16.5111,17.3079,17.0334,17.397,17.3054,17.5894,17.5335,17.7919,17.7485,17.9944,17.9556,18.1922,18.1576,18.3836,18.3552,18.5669,18.5495,18.7432,18.7408,18.9145,18.9291,19.0819,19.1131,19.2453,19.2911,19.405,19.4633,19.5631,19.6311,19.7197,19.7932,19.8731,19.9499,20.0261,20.1025,20.1873,20.1945,20.4568,20.1115,21.0123,19.5616,22.3024,17.8309,25.4309,13.2281,32.9468,2.08521,49.7111,-21.0709,80.2013
17.6756,17.7335,17.6816,18.0025,17.9233,18.207,18.1554,18.415,18.3757,18.6226,18.5881,18.8254,18.7951,19.022,18.9975,19.2104,19.1962,19.3918,19.3919,19.568,19.5847,19.7402,19.7732,19.9081,19.9556,20.0723,20.1323,20.2346,20.3044,20.3955,20.4709,20.5529,20.6317,20.71,20.7884,20.8757,20.8825,21.153,20.7965,21.7244,20.2314,23.048,18.46,26.2437,13.7758,33.8647,2.54027,50.6826,-20.5992,82.2148
18.215,18.3023,18.3209,18.6103,18.5473,18.8277,18.7818,19.042,19.0069,19.2547,19.2243,19.4625,19.4363,19.664,19.6434,19.8575,19.8466,20.0439,20.0466,20.225,20.2437,20.4018,20.4366,20.5743,20.6234,20.7427,20.8045,20.9092,20.9809,21.0742,21.1516,21.2357,21.3166,21.3969,21.4772,21.567,21.5734,21.852,21.4843,22.439,20.9043,23.7955,19.0933,27.0562,14.3316,34.7761,3.0111,51.6424,-20.1214,83.2215
18.8657,18.951,18.9439,19.2238,19.1765,19.4519,19.4127,19.6728,19.6421,19.8908,19.8644,20.1034,20.0812,20.3098,20.2929,20.5082,20.5005,20.6995,20.7048,20.8854,20.9062,21.0668,21.1033,21.2437,21.2945,21.4164,21.4798,21.587,21.6605,21.756,21.8354,21.9215,22.0043,22.0866,22.1689,22.2611,22.2672,22.5537,22.1751,23.1561,21.5803,24.5448,19.731,27.8682,14.8954,35.6813,3.4968,52.5918,-19.6327,84.2282
18.8657,19.6907,19.5632,19.8426,19.8101,20.0799,20.048,20.3075,20.2814,20.5308,20.5084,20.7482,20.7299,20.9593,20.9462,21.1625,21.158,21.3586,21.3665,21.5492,21.572,21.7351,21.7734,21.9164,21.9688,22.0932,22.1583,22.2679,22.3431,22.4409,22.5221,22.6103,22.6951,22.7793,22.8635,22.9582,22.9638,23.2582,22.8687,23.8758,22.2595,25.2959,20.3729,28.68,15.4669,36.5808,3.99656,53.5319,-19.1277,84.2282
20.1065,20.1935,20.2109,20.4652,20.4477,20.712,20.6875,20.9463,20.9246,21.1747,21.1562,21.3968,21.3824,21.6126,21.6031,21.8204,21.8191,22.0212,22.0317,22.2164,22.2413,22.4068,22.4468,22.5923,22.6464,22.7733,22.84,22.9519,23.0289,23.1288,23.212,23.302,23.3888,23.4749,23.561,23.6581,23.6632,23.9656,23.5651,24.598,22.9418,26.049,21.0191,29.4915,16.046,37.4751,4.50958,54.4639,-18.6179,86.2416
20.674,20.7856,20.8563,21.094,21.0887,21.3484,21.331,21.589,21.5719,21.8226,21.8078,22.0493,22.0386,22.2696,22.2637,22.482,22.4839,22.6874,22.7004,22.887,22.914,23.0818,23.1236,23.2715,23.3272,23.4565,23.5249,23.6391,23.7178,23.8198,23.9048,23.9968,24.0855,24.1735,24.2615,24.3609,24.3655,24.6756,24.2645,25.3228,23.6273,26.8039,21.6695,30.3029,16.6325,38.3644,5.03514,55.3889,-18.1053,87.2483
21.3101,21.4221,21.4923,21.7304,21.7329,21.9893,21.9785,22.2358,22.223,22.4744,22.4633,22.7056,22.6986,22.9303,22.9279,23.1472,23.1521,23.357,23.3726,23.5611,23.5902,23.7602,23.8037,23.954,24.0113,24.143,24.2129,24.3294,24.4098,24.5139,24.6007,24.6946,24.7851,24.875,24.9648,25.0665,25.0707,25.3885,24.9668,26.0502,24.3159,27.5607,22.3241,31.1142,17.2264,39.2492,5.57254,56.3077,-17.5847,88.255
22.0024,22.1042,22.121,22.3737,22.3803,22.6348,22.6299,22.8867,22.8781,23.1301,23.1227,23.3657,23.3622,23.5947,23.5958,23.816,23.824,24.0302,24.0483,24.2386,24.2697,24.4419,24.4871,24.6398,24.6986,24.8326,24.9041,25.0228,25.1049,25.2111,25.2996,25.3954,25.4878,25.5794,25.671,25.7751,25.7788,26.1042,25.6719,26.7801,25.0077,28.3194,22.983,31.9254,17.8274,40.1299,6.12114,57.2211,-17.0565,89.2617
22.0024,22.8597,22.7537,23.0213,23.0312,23.2849,23.285,23.5418,23.5371,23.7898,23.7858,24.0296,24.0297,24.2629,24.2673,24.4884,24.4994,24.7069,24.7275,24.9196,24.9527,25.1269,25.1739,25.3288,25.3892,25.5255,25.5985,25.7194,25.8031,25.9113,26.0016,26.0992,26.1934,26.2868,26.3802,26.4865,26.4897,26.8226,26.3799,27.5125,25.7027,29.0799,23.646,32.7367,18.4353,41.0068,6.68032,58.1299,-16.5155,89.2617
23.2929,23.39,23.4155,23.6715,23.6858,23.9395,23.944,24.201,24.1999,24.4534,24.4528,24.6973,24.7008,24.9347,24.9424,25.1644,25.1784,25.3871,25.4102,25.6039,25.639,25.8153,25.864,26.0211,26.083,26.2215,26.2961,26.419,26.5044,26.6146,26.7066,26.806,26.9019,26.9971,27.0922,27.2008,27.2035,27.5438,27.0909,28.2475,26.4008,29.8424,24.3132,33.548,19.05,41.8801,7.24953,59.0346,-15.9718,91.2752
23.8824,24.0032,24.0786,24.326,24.3441,24.5986,24.6066,24.8643,24.8666,25.1208,25.1236,25.3688,25.3757,25.6102,25.6212,25.844,25.8609,26.0709,26.0963,26.2917,26.3288,26.507,26.5574,26.7166,26.7801,26.9207,26.9968,27.1218,27.2087,27.3209,27.4146,27.5158,27.6135,27.7104,27.8072,27.918,27.9202,28.2678,27.8047,28.985,27.1021,30.6068,24.9845,34.3596,19.6713,42.7504,7.82822,59.9359,-15.4272,92.2819
24.5395,24.6605,24.7355,24.9861,25.006,25.2622,25.273,25.5318,25.5371,25.7922,25.7982,26.044,26.0542,26.2894,26.3036,26.5272,26.5469,26.7581,26.7859,26.9828,27.0219,27.2021,27.2541,27.4154,27.4804,27.6231,27.7007,27.8278,27.9162,28.0302,28.1256,28.2286,28.3279,28.4266,28.525,28.638,28.6397,28.9945,28.5214,29.7251,27.8065,31.3731,25.6599,35.1713,20.2991,43.6177,8.41592,60.8344,-14.8766,93.2886
25.2507,25.3627,25.3872,25.6515,25.6717,25.9302,25.943,26.2033,26.2114,26.4673,26.4766,26.7229,26.7365,26.9722,26.9895,27.2139,27.2364,27.4487,27.4789,27.6774,27.7184,27.9004,27.954,28.1174,28.1839,28.3287,28.4077,28.5368,28.6267,28.7426,28.8397,28.9443,29.0454,29.1456,29.2457,29.3609,29.362,29.724,29.2409,30.4677,28.514,32.1413,26.3394,35.9834,20.9332,44.4825,9.01216,61.7305,-14.32,94.2953
25.2507,26.1323,26.0432,26.3206,26.3412,26.6025,26.6168,26.8788,26.8895,27.1463,27.1587,27.4056,27.4224,27.6587,27.679,27.9042,27.9294,28.1428,28.1753,28.3753,28.4182,28.602,28.6573,28.8226,28.8906,29.0374,29.1179,29.2489,29.3403,29.4581,29.5567,29.663,29.7657,29.8676,29.9693,30.0866,30.0872,30.4563,29.9634,31.2129,29.2247,32.9114,27.0229,36.7958,21.5734,45.3451,9.61651,62.6246,-13.7524,94.2953
26.5854,26.6912,26.7245,26.9923,27.0145,27.279,27.2944,27.5582,27.5715,27.829,27.8446,28.0919,28.1119,28.3487,28.3721,28.598,28.6258,28.8404,28.8751,29.0765,29.1214,29.3069,29.3638,29.5311,29.6005,29.7493,29.8311,29.9641,30.057,30.1765,30.2767,30.3847,30.489,30.5925,30.6958,30.8152,30.8152,31.1912,30.6887,31.9605,29.9385,33.6835,27.7103,37.6087,22.2197,46.2056,10.2286,63.5171,-13.1829,96.3087
27.1977,27.3269,27.4073,27.6682,27.6916,27.9597,27.9757,28.2416,28.2573,28.5155,28.5342,28.7819,28.8051,29.0424,29.0686,29.2954,29.3258,29.5414,29.5783,29.7811,29.8278,30.0151,30.0735,30.2427,30.3135,30.4643,30.5475,30.6823,30.7767,30.8979,30.9997,31.1093,31.2152,31.3203,31.4251,31.5465,31.5461,31.9289,31.4168,32.7106,30.6554,34.4574,28.4017,38.422,22.8717,47.0643,10.848,64.4083,-12.6134,97.3154
27.876,28.0051,28.085,28.3495,28.3723,28.6445,28.6608,28.9288,28.9468,29.2057,29.2276,29.4755,29.5018,29.7396,29.7687,29.9962,30.0291,30.2458,30.2848,30.4891,30.5375,30.7265,30.7865,30.9575,31.0297,31.1823,31.2669,31.4036,31.4993,31.6224,31.7256,31.8368,31.9443,32.0509,32.1572,32.2807,32.2797,32.6693,32.1478,33.4633,31.3753,35.2333,29.097,39.2358,23.5295,47.9214,11.4744,65.2986,-12.0387,98.3221
28.6052,28.7264,28.7584,29.0361,29.0566,29.3333,29.3498,29.6198,29.6402,29.8995,29.9246,30.1728,30.2022,30.4404,30.4723,30.7005,30.7358,30.9536,30.9947,31.2003,31.2506,31.4411,31.5027,31.6754,31.7491,31.9035,31.9894,32.1279,32.225,32.3498,32.4545,32.5672,32.6762,32.7844,32.8922,33.0177,33.0161,33.4124,32.8816,34.2184,32.0984,36.011,29.7961,40.0503,24.1928,48.7772,12.1075,66.1882,-11.4589,99.3289
28.6052,29.5093,29.4354,29.7269,29.7446,30.0259,30.0427,30.3144,30.3373,30.597,30.6252,30.8736,30.906,31.1447,31.1793,31.4083,31.4459,31.6648,31.7079,31.9148,31.9668,32.1589,32.222,32.3965,32.4715,32.6278,32.715,32.8552,32.9537,33.0801,33.1863,33.3006,33.4111,33.5207,33.63,33.7575,33.7554,34.1582,33.6183,34.9759,32.8245,36.7908,30.4991,40.8654,24.8615,49.6319,12.747,67.0773,-10.869,99.3289
29.9816,30.0945,30.1334,30.4211,30.4364,30.7223,30.7395,31.0127,31.0383,31.2981,31.3295,31.578,31.6134,31.8525,31.8897,32.1194,32.1594,32.3793,32.4244,32.6326,32.6863,32.8799,32.9445,33.1207,33.1971,33.3551,33.4436,33.5856,33.6854,33.8134,33.9211,34.0368,34.1488,34.2599,34.3706,34.5,34.4973,34.9067,34.3577,35.736,33.5536,37.5724,31.2059,41.6812,25.5355,50.4856,13.3926,67.9661,-10.2776,101.342
30.6168,30.7514,30.8315,31.1198,31.132,31.4223,31.4403,31.7145,31.743,32.0028,32.0374,32.2859,32.3243,32.5638,32.6035,32.834,32.8762,33.0971,33.1441,33.3536,33.409,33.6041,33.6702,33.848,33.9257,34.0854,34.1752,34.3189,34.42,34.5496,34.6587,34.7759,34.8893,35.0018,35.1139,35.2453,35.2421,35.6578,35.0999,36.4984,34.2857,38.3559,31.9163,42.4977,26.2147,51.3385,14.044,68.8549,-9.68643,102.349
31.3198,31.4515,31.5234,31.8236,31.8316,32.1257,32.1451,32.4198,32.4514,32.7109,32.7489,32.9973,33.0386,33.2785,33.3207,33.552,33.5963,33.8182,33.8671,34.0779,34.1349,34.3315,34.399,34.5784,34.6574,34.8188,34.9098,35.0551,35.1575,35.2887,35.3992,35.5178,35.6326,35.7466,35.8601,35.9933,35.9896,36.4115,35.8449,37.2634,35.0209,39.1414,32.6305,43.315,26.8989,52.1908,14.7011,69.7438,-9.09054,103.356
32.0789,32.1989,32.2097,32.5319,32.5355,32.8324,32.8539,33.1286,33.1636,33.4227,33.4639,33.7123,33.7564,33.9967,34.0413,34.2733,34.3197,34.5426,34.5933,34.8053,34.8639,35.0619,35.1308,35.3119,35.3921,35.5552,35.6474,35.7943,35.898,36.0307,36.1425,36.2625,36.3788,36.4941,36.6089,36.7441,36.7398,37.1679,36.5926,38.0307,35.759,39.9287,33.3483,44.1332,27.5879,53.0427,15.3635,70.633,-8.49,104.362
32.0789,33.0156,32.8984,33.2427,33.244,33.5422,33.5668,33.8407,33.8794,34.1378,34.1825,34.4307,34.4775,34.7183,34.7651,34.998,35.0463,35.2703,35.3227,35.5359,35.5961,35.7955,35.8658,36.0484,36.1299,36.2945,36.3879,36.5364,36.6414,36.7755,36.8887,37.0101,37.1277,37.2444,37.3606,37.4975,37.4927,37.9269,37.3431,38.8004,36.5001,40.718,34.0698,44.9522,28.2818,53.8943,16.0312,71.5225,-7.88002,104.362
33.5699,33.6624,33.6075,33.9545,33.9574,34.255,34.2836,34.5562,34.5989,34.8565,34.9045,35.1525,35.2021,35.4432,35.4923,35.7259,35.7761,36.0011,36.0553,36.2697,36.3314,36.5321,36.6038,36.7879,36.8706,37.0368,37.1314,37.2815,37.3876,37.5232,37.6377,37.7605,37.8794,37.9974,38.1149,38.2536,38.2483,38.6885,38.0964,39.5725,37.2441,41.5092,34.7947,45.7722,28.9803,54.7457,16.7039,72.4125,-7.26849,106.376
33.5699,34.4156,34.3259,34.6671,34.6756,34.9708,35.0045,35.2751,35.3221,35.5786,35.6299,35.8777,35.9299,36.1715,36.2227,36.4571,36.5092,36.7352,36.791,37.0066,37.0698,37.2718,37.3448,37.5304,37.6143,37.7821,37.8778,38.0294,38.1367,38.2737,38.3896,38.5136,38.6339,38.7532,38.8719,39.0124,39.0065,39.4526,38.8523,40.347,37.991,42.3023,35.5232,46.5931,29.6833,55.5971,17.3814,73.303,-6.65249,106.376
34.9118,35.0292,35.0602,35.3809,35.3986,35.6895,35.7292,35.9973,36.0487,36.3041,36.3587,36.6064,36.6611,36.9032,36.9563,37.1916,37.2454,37.4725,37.5299,37.7466,37.8112,38.0146,38.0889,38.2758,38.3609,38.5302,38.6271,38.7801,38.8886,39.0271,39.1442,39.2695,39.3911,39.5116,39.6316,39.7739,39.7674,40.2193,39.6109,41.1238,38.7409,43.0973,36.2552,47.4151,30.3909,56.4485,18.0636,74.1943,-6.03492,108.389
35.5719,35.7134,35.7941,36.0975,36.1261,36.4112,36.4578,36.7228,36.7789,37.033,37.0909,37.3384,37.3955,37.6381,37.6932,37.9293,37.9848,38.2128,38.2718,38.4896,38.5557,38.7603,38.8359,39.0242,39.1105,39.2813,39.3792,39.5337,39.6434,39.7832,39.9015,40.0281,40.151,40.2728,40.394,40.5379,40.531,40.9885,40.3722,41.903,39.4936,43.8942,36.9906,48.238,31.1027,57.3002,18.7502,75.0863,-5.41766,109.396
36.2973,36.4395,36.5234,36.8177,36.8579,37.1359,37.1902,37.4517,37.5125,37.7654,37.8263,38.0738,38.1331,38.3763,38.4332,38.6702,38.7273,38.9564,39.0168,39.2357,39.3032,39.509,39.5859,39.7756,39.863,40.0352,40.1342,40.2902,40.4009,40.5421,40.6616,40.7895,40.9135,41.0366,41.159,41.3046,41.2972,41.7603,41.1361,42.6845,40.2491,44.693,37.7294,49.0621,31.8188,58.1521,19.4413,75.9792,-4.79606,110.403
37.0681,37.2061,37.25,37.5413,37.5939,37.8638,37.9261,38.1839,38.2495,38.5011,38.5651,38.8125,38.874,39.1177,39.1764,39.4143,39.4729,39.703,39.7649,39.9849,40.0537,40.2607,40.3388,40.5298,40.6184,40.7919,40.892,41.0494,41.1612,41.3037,41.4244,41.5535,41.6788,41.8031,41.9266,42.0739,42.0659,42.5346,41.9027,43.4684,41.0075,45.4936,38.4716,49.8872,32.5391,59.0044,20.1366,76.8729,-4.17016,111.409
37.0681,38.0231,37.9813,38.2677,38.3338,38.5949,38.6656,38.9195,38.9898,39.2401,39.307,39.5544,39.618,39.8624,39.9226,40.1615,40.2216,40.4526,40.5159,40.737,40.8071,41.0154,41.0946,41.2869,41.3766,41.5515,41.6527,41.8114,41.9243,42.068,42.19,42.3202,42.4467,42.5721,42.6968,42.8458,42.8373,43.3113,42.6719,44.2545,41.7687,46.2962,39.217,50.7135,33.2634,59.8572,20.836,77.7676,-3.53543,111.409
38.5369,38.6674,38.7305,38.9962,39.0774,39.3294,39.4084,39.6585,39.7334,39.9825,40.0522,40.2997,40.3651,40.6102,40.672,40.9118,40.9732,41.2053,41.27,41.4921,41.5635,41.7729,41.8533,42.0469,42.1376,42.3139,42.4161,42.5761,42.69,42.8351,42.9581,43.0896,43.2172,43.3438,43.4696,43.6202,43.6112,44.0905,43.4437,45.0429,42.5327,47.1006,39.9657,51.5409,33.9916,60.7106,21.5394,78.6632,-2.89909,113.423
39.2086,39.3667,39.4848,39.7276,39.8243,40.0674,40.1545,40.4009,40.4801,40.7282,40.8005,41.0482,41.1153,41.3612,41.4244,41.6652,41.728,41.9611,42.027,42.2502,42.3228,42.5333,42.6149,42.8097,42.9015,43.079,43.1822,43.3435,43.4585,43.6048,43.729,43.8616,43.9904,44.1181,44.245,44.3971,44.3876,44.8722,44.2181,45.8336,43.2994,47.907,40.7177,52.3696,34.7238,61.5646,22.2468,79.5599,-2.26305,114.43
39.9236,40.0918,40.2399,40.4628,40.5744,40.8089,40.9037,41.1468,41.23,41.4773,41.5519,41.7999,41.8686,42.1154,42.1799,42.4216,42.4856,42.7198,42.7869,43.0111,43.085,43.2966,43.3793,43.5753,43.6681,43.847,43.9511,44.1137,44.2297,44.3772,44.5025,44.6362,44.7661,44.8949,45.0229,45.1766,45.1666,45.6563,44.995,46.6265,44.0689,48.7151,41.4728,53.1994,35.4597,62.4192,22.9579,80.4575,-1.62286,115.436
40.6568,40.8308,40.995,41.2024,41.3273,41.5542,41.6559,41.8961,41.983,42.2296,42.3063,42.5548,42.625,42.8726,42.9383,43.1811,43.2463,43.4814,43.5498,43.775,43.85,44.0627,44.1465,44.3437,44.4375,44.6176,44.7227,44.8866,45.0035,45.1522,45.2786,45.4134,45.5444,45.6743,45.8033,45.9585,45.9481,46.4428,45.7745,47.4216,44.8411,49.5252,42.231,54.0305,36.1994,63.2747,23.6728,81.3562,-0.978549,116.443
41.4004,41.5777,41.7504,41.9467,42.0827,42.3033,42.411,42.6488,42.7389,42.9852,43.0638,43.3128,43.3843,43.6329,43.6997,43.9435,44.0099,44.246,44.3155,44.5417,44.6179,44.8316,44.9165,45.1148,45.2097,45.391,45.497,45.6621,45.78,45.9298,46.0573,46.1931,46.3252,46.4562,46.5863,46.743,46.7321,47.2316,46.5565,48.219,45.616,50.3371,42.9924,54.8628,36.9427,64.1309,24.3912,82.256,-0.33016,117.45
42.1503,42.3296,42.5067,42.6957,42.8404,43.0562,43.1689,43.405,43.4979,43.744,43.8243,44.074,44.1466,44.3963,44.4641,44.7089,44.7763,45.0135,45.0841,45.3113,45.3885,45.6033,45.6892,45.8887,45.9845,46.167,46.274,46.4402,46.5591,46.71,46.8386,46.9754,47.1086,47.2407,47.3717,47.5298,47.5185,48.0229,47.341,49.0185,46.3936,51.1508,43.7568,55.6964,37.6896,64.9881,25.1132,83.1569,0.322274,118.456
42.9045,43.0851,43.2647,43.4494,43.6004,43.813,43.9295,44.1646,44.2598,44.5061,44.5877,44.8383,44.9119,45.1626,45.2313,45.4773,45.5457,45.7838,45.8555,46.0837,46.162,46.3778,46.4647,46.6653,46.762,46.9457,47.0536,47.221,47.3408,47.4928,47.6224,47.7603,47.8945,48.0276,48.1596,48.3192,48.3074,48.8165,48.128,49.8203,47.1737,51.9664,44.5242,56.5313,38.44,65.8461,25.8387,84.0588,0.978718,119.463
43.662,43.8438,44.0248,44.2078,44.3625,44.5737,44.6929,44.9276,45.0245,45.2713,45.3541,45.6056,45.6801,45.9319,46.0015,46.2485,46.3179,46.557,46.6298,46.8589,46.9382,47.155,47.2429,47.4446,47.5422,47.727,47.8358,48.0043,48.1251,48.2781,48.4087,48.5476,48.6828,48.8169,48.9499,49.1109,49.0987,49.6124,48.9174,50.6242,47.9566,52.7838,45.2946,57.3674,39.1938,66.7051,26.5676,84.9618,1.63914,120.47
44.4227,44.6052,44.7872,44.9706,45.1267,45.3382,45.4589,45.694,45.7921,46.0397,46.1233,46.376,46.4511,46.7042,46.7745,47.0226,47.0929,47.333,47.4068,47.6368,47.7172,47.9349,48.0238,48.2265,48.3251,48.5109,48.6206,48.7902,48.9119,49.066,49.1976,49.3374,49.4737,49.6087,49.7427,49.905,49.8924,50.4107,49.7093,51.4302,48.742,53.603,46.068,58.205,39.9509,67.5651,27.2998,85.8658,2.3035,121.477
45.1862,45.3695,45.552,45.7379,45.893,46.1066,46.2275,46.4638,46.5625,46.8113,46.8954,47.1494,47.225,47.4794,47.5503,47.7996,47.8707,48.1118,48.1865,48.4174,48.4988,48.7175,48.8074,49.011,49.1105,49.2975,49.408,49.5787,49.7012,49.8563,49.9889,50.1297,50.2669,50.403,50.5378,50.7015,50.6885,51.2112,50.5036,52.2384,49.53,54.4241,46.8442,59.0438,40.7114,68.4262,28.0353,86.771,2.97178,122.483
45.9528,46.1366,46.319,46.5097,46.6614,46.8787,46.9987,47.2368,47.3357,47.5859,47.6703,47.9258,48.0017,48.2575,48.329,48.5794,48.6513,48.8933,48.969,49.2008,49.2832,49.5027,49.5935,49.7982,49.8986,50.0866,50.1979,50.3697,50.4931,50.6492,50.7827,50.9245,51.0626,51.1996,51.3353,51.5004,51.487,52.014,51.3003,53.0487,50.3205,55.2469,47.6234,59.884,41.4751,69.2883,28.774,87.6772,3.64393,123.49
46.7231,46.9068,47.0877,47.2857,47.432,47.6544,47.7725,48.0131,48.1117,48.3637,48.4481,48.7051,48.7813,49.0384,49.1104,49.362,49.4346,49.6776,49.7542,49.9869,50.0702,50.2906,50.3823,50.5879,50.6892,50.8782,50.9903,51.1632,51.2874,51.4445,51.5789,51.7216,51.8607,51.9986,52.1352,52.3016,52.2878,52.8191,52.0994,53.8611,51.1136,56.0716,48.4054,60.7256,42.2419,70.1516,29.5158,88.5845,4.31994,124.497
47.4982,47.6809,47.8577,48.0661,48.2049,48.4336,48.549,48.7926,48.8904,49.1444,49.2285,49.4874,49.5636,49.8221,49.8946,50.1473,50.2206,50.4646,50.542,50.7756,50.8598,51.0811,51.1737,51.3803,51.4823,51.6724,51.7853,51.9591,52.0842,52.2422,52.3776,52.5212,52.6612,52.8,52.9375,53.1051,53.0909,53.6264,52.9009,54.6755,51.9091,56.898,49.1901,61.5686,43.0119,71.0159,30.2608,89.4928,4.99976,125.503
48.2804,48.4605,48.6283,48.8505,48.9802,49.2161,49.328,49.5752,49.6718,49.9281,50.0118,50.2725,50.3486,50.6087,50.6815,50.9353,51.0093,51.2542,51.3325,51.5669,51.652,51.8741,51.9676,52.1751,52.278,52.469,52.5827,52.7575,52.8834,53.0423,53.1786,53.3231,53.464,53.6037,53.742,53.9109,53.8964,54.4359,53.7047,55.492,52.7072,57.7263,49.9777,62.4129,43.785,71.8815,31.0088,90.4022,5.68337,126.51
49.0742,49.2486,49.3992,49.6387,49.7581,50.0019,50.1098,50.3609,50.4559,50.7148,50.7977,51.0604,51.1364,51.398,51.471,51.7261,51.8007,52.0465,52.1256,52.3608,52.4468,52.6698,52.7641,52.9725,53.0761,53.2681,53.3826,53.5584,53.685,53.8449,53.982,54.1274,54.2691,54.4097,54.5489,54.7189,54.7041,55.2476,54.5108,56.3106,53.5077,58.5563,50.7679,63.2586,44.5611,72.7482,31.7598,91.3127,6.37074,127.517
49.8868,50.0509,50.1707,50.4301,50.5387,50.7907,50.8943,51.1496,51.2427,51.5044,51.5864,51.8512,51.9268,52.19,52.2633,52.5195,52.5947,52.8414,52.9213,53.1573,53.2441,53.4679,53.5631,53.7723,53.8768,54.0697,54.1849,54.3616,54.489,54.6498,54.7878,54.934,55.0766,55.218,55.358,55.5293,55.5141,56.0615,55.3192,57.1312,54.3106,59.388,51.5609,64.1057,45.3401,73.6161,32.5137,92.2242,7.06183,128.523
50.7196,50.8773,50.9442,51.2242,51.3223,51.5826,51.6814,51.9413,52.0321,52.2969,52.3777,52.6447,52.72,52.9847,53.0582,53.3155,53.3913,53.6389,53.7196,53.9564,54.044,54.2686,54.3645,54.5746,54.6798,54.8737,54.9896,55.1673,55.2954,55.457,55.5959,55.7429,55.8864,56.0286,56.1694,56.3418,56.3263,56.8775,56.13,57.9538,55.1159,60.2215,52.3565,64.9542,46.122,74.4852,33.2706,93.1367,7.75663,129.53
50.7196,51.7377,51.7237,52.0203,52.1089,52.3772,52.4713,52.7359,52.8242,53.0922,53.1717,53.4409,53.5157,53.7821,53.8557,54.1142,54.1905,54.439,54.5204,54.7579,54.8464,55.0717,55.1684,55.3794,55.4853,55.6801,55.7967,55.9753,56.1042,56.2666,56.4063,56.5541,56.6984,56.8415,56.983,57.1566,57.1408,57.6957,56.9429,58.7784,55.9237,61.0568,53.1548,65.8042,46.9068,75.3555,34.0303,94.0503,8.45902,129.53
52.3202,52.4563,52.516,52.8179,52.8988,53.1745,53.2639,53.5333,53.619,53.8902,53.9683,54.2399,54.3141,54.5821,54.6558,54.9154,54.9923,55.2416,55.3237,55.562,55.6512,55.8773,55.9748,56.1866,56.2932,56.4889,56.6062,56.7856,56.9153,57.0785,57.219,57.3676,57.5127,57.6565,57.7988,57.9736,57.9575,58.516,57.7582,59.605,56.7338,61.8938,53.9556,66.6555,47.6944,76.2271,34.7929,94.9649,9.16312,131.544
53.0657,53.2226,53.3118,53.6175,53.6918,53.9745,54.0593,54.3336,54.4163,54.6911,54.7675,55.0415,55.1151,55.3847,55.4585,55.7192,55.7965,56.0468,56.1295,56.3685,56.4585,56.6853,56.7836,56.9961,57.1035,57.3,57.418,57.5983,57.7286,57.8927,58.034,58.1833,58.3292,58.4739,58.6169,58.7927,58.7763,59.3384,58.5756,60.4336,57.5462,62.7325,54.759,67.5083,48.4848,77.0999,35.5583,95.8805,9.86696,132.55
53.8658,54.0213,54.108,54.4192,54.488,54.777,54.8573,55.1365,55.2163,55.4946,55.5693,55.8458,55.9187,56.1899,56.2637,56.5256,56.6033,56.8544,56.9378,57.1775,57.2682,57.4958,57.5947,57.8081,57.9161,58.1135,58.2322,58.4132,58.5443,58.7091,58.8512,59.0013,59.148,59.2934,59.4371,59.614,59.5974,60.1629,59.3952,61.2641,58.361,63.5729,55.565,68.3624,49.2779,77.974,36.3265,96.7972,10.5744,133.557
54.6973,54.8525,54.9046,55.2231,55.2874,55.5821,55.6582,55.9422,56.0188,56.3008,56.3737,56.6527,56.7248,56.9976,57.0715,57.3344,57.4126,57.6644,57.7485,57.989,58.0804,58.3086,58.4083,58.6224,58.7311,58.9292,59.0486,59.2305,59.3622,59.5278,59.6706,59.8215,59.9689,60.115,60.2595,60.4374,60.4206,60.9894,60.2171,62.0965,59.178,64.415,56.3734,69.218,50.0737,78.8494,37.0973,97.7149,11.2854,134.564
54.6973,55.7202,55.7049,56.029,56.09,56.3896,56.4617,56.7505,56.824,57.1096,57.1806,57.4621,57.5335,57.8079,57.8817,58.1457,58.2243,58.4769,58.5616,58.8028,58.8949,59.1238,59.2242,59.439,59.5484,59.7473,59.8673,60.05,60.1824,60.3487,60.4923,60.6438,60.792,60.9389,61.084,61.263,61.2459,61.818,61.0411,62.9308,59.9974,65.2588,57.1844,70.0751,50.8722,79.726,37.8709,98.6336,12.0037,134.564
56.32,56.4566,56.5147,56.8368,56.8955,57.1996,57.2679,57.5614,57.6316,57.921,57.9901,58.274,58.3446,58.6206,58.6944,58.9594,59.0385,59.2918,59.3772,59.619,59.7117,59.9413,60.0424,60.2579,60.3679,60.5676,60.6882,60.8717,61.0048,61.1718,61.3161,61.4684,61.6172,61.7648,61.9107,62.0906,62.0733,62.6486,61.8672,63.7671,60.8189,66.1043,57.9978,70.9335,51.6733,80.6039,38.6471,99.5534,12.7237,136.577
57.0807,57.2387,57.3266,57.6469,57.704,58.012,58.0767,58.3749,58.4419,58.735,58.8021,59.0885,59.1583,59.4357,59.5096,59.7755,59.8551,60.1091,60.1951,60.4375,60.5309,60.7611,60.8628,61.0791,61.1898,61.3902,61.5114,61.6956,61.8294,61.997,62.1421,62.2951,62.4446,62.5929,62.7394,62.9203,62.9028,63.4812,62.6955,64.6052,61.6428,66.9515,58.8136,71.7934,52.4769,81.4831,39.426,100.474,13.4435,137.584
57.8952,58.0518,58.1379,58.4596,58.5153,58.8269,58.8881,59.191,59.2546,59.5515,59.6165,59.9054,59.9744,60.2533,60.3272,60.594,60.674,60.9288,61.0153,61.2584,61.3524,61.5833,61.6856,61.9025,62.0138,62.215,62.3368,62.5217,62.6561,62.8245,62.9703,63.1239,63.2741,63.4231,63.5702,63.7521,63.7344,64.3159,63.5259,65.4452,62.4688,67.8003,59.6317,72.6547,53.283,82.3636,40.2075,101.396,14.1667,138.591
58.7385,58.8959,58.9491,59.2748,59.3294,59.6442,59.7022,60.0095,60.0699,60.3704,60.4335,60.7247,60.7929,61.0733,61.1472,61.4149,61.4953,61.7508,61.8379,62.0815,62.1762,62.4077,62.5106,62.7282,62.8401,63.042,63.1644,63.35,63.485,63.6541,63.8006,63.9548,64.1057,64.2554,64.4031,64.5859,64.5681,65.1524,64.3583,66.287,63.297,68.6508,60.4523,73.5174,54.0917,83.2454,40.9915,102.319,14.8934,139.597
58.7385,59.7739,59.7634,60.0924,60.1462,60.464,60.5187,60.8305,60.8876,61.1918,61.2528,61.5464,61.6138,61.8956,61.9695,62.2382,62.3189,62.575,62.6627,62.907,63.0023,63.2343,63.3379,63.5561,63.6686,63.8712,63.9942,64.1805,64.3161,64.4857,64.6329,64.7878,64.9394,65.0897,65.238,65.4218,65.4038,65.991,65.1929,67.1306,64.1274,69.5029,61.2751,74.3815,54.9028,84.1284,41.7781,103.242,15.6271,139.597
60.3899,60.5272,60.5861,60.9123,60.9655,61.2862,61.3378,61.6539,61.7078,62.0155,62.0747,62.3705,62.4372,62.7203,62.7942,63.0637,63.1449,63.4016,63.4899,63.7347,63.8306,64.0632,64.1673,64.3862,64.4992,64.7025,64.8261,65.0131,65.1493,65.3195,65.4674,65.6229,65.7751,65.9261,66.075,66.2596,66.2415,66.8315,66.0295,67.9761,64.96,70.3567,62.1003,75.247,55.7164,85.0128,42.5672,104.167,16.3625,141.611
61.1649,61.3237,61.4106,61.7346,61.7872,62.111,62.1593,62.4798,62.5304,62.8416,62.8989,63.1969,63.2629,63.5473,63.6213,63.8915,63.9731,64.2305,64.3193,64.5646,64.6611,64.8943,64.999,65.2185,65.332,65.536,65.6601,65.8477,65.9845,66.1554,66.3039,66.46,66.6129,66.7644,66.914,67.0995,67.0812,67.6739,66.8681,68.8234,65.7946,71.212,62.9278,76.114,56.5323,85.8984,43.3588,105.093,17.0976,142.617
61.9923,62.1496,62.2347,62.5597,62.6114,62.9382,62.9832,63.308,63.3555,63.67,63.7255,64.0256,64.091,64.3765,64.4506,64.7216,64.8036,65.0615,65.1509,65.3967,65.4938,65.7275,65.8328,66.0529,66.167,66.3716,66.4962,66.6845,66.8219,66.9933,67.1425,67.2992,67.4526,67.6048,67.7549,67.9412,67.9229,68.5181,67.7088,69.6724,66.6314,72.069,63.7575,76.9823,57.3507,86.7853,44.1528,106.019,17.8361,143.624
62.846,63.0052,63.0589,63.3874,63.4378,63.7679,63.8095,64.1386,64.183,64.5008,64.5546,64.8565,64.9214,65.2081,65.2822,65.5539,65.6364,65.8948,65.9847,66.2311,66.3287,66.5629,66.6687,66.8894,67.0041,67.2093,67.3344,67.5233,67.6613,67.8333,67.9831,68.1403,68.2944,68.4472,68.5979,68.785,68.7666,69.3643,68.5514,70.5233,67.4703,72.9275,64.5894,77.8521,58.1713,87.6735,44.9493,106.947,18.5778,144.631
62.846,63.8924,63.886,64.2176,64.2664,64.6001,64.6382,64.9714,65.013,65.3337,65.386,65.6898,65.7541,66.0418,66.1161,66.3885,66.4713,66.7303,66.8207,67.0675,67.1657,67.4005,67.5068,67.728,67.8432,68.0491,68.1747,68.3642,68.5027,68.6753,68.8257,68.9835,69.1382,69.2915,69.4427,69.6307,69.6122,70.2124,69.396,71.3758,68.3112,73.7877,65.4236,78.7232,58.9943,88.5629,45.7482,107.876,19.3263,144.631
64.5235,64.6613,64.7206,65.0503,65.0971,65.4347,65.4692,65.8065,65.8452,66.1689,66.2197,66.5252,66.5891,66.8777,66.9522,67.2252,67.3085,67.5679,67.6588,67.9062,68.0048,68.2401,68.347,68.5688,68.6844,68.8909,69.017,69.2071,69.3462,69.5193,69.6703,69.8286,69.9839,70.1378,70.2896,70.4783,70.4597,71.0623,70.2426,72.2301,69.1542,74.6494,66.2599,79.5958,59.8195,89.4537,46.5495,108.805,20.0766,146.644
65.3114,65.4708,65.5569,65.8857,65.9298,66.2719,66.3025,66.6439,66.6799,67.0062,67.0557,67.3628,67.4264,67.7159,67.7906,68.0641,68.1478,68.4077,68.4991,68.7469,68.8461,69.0819,69.1892,69.4116,69.5277,69.7347,69.8614,70.0521,70.1916,70.3652,70.5168,70.6757,70.8315,70.986,71.1383,71.3277,71.3092,71.914,71.0912,73.0862,69.9992,75.5126,67.0984,80.4697,60.647,90.3457,47.3532,109.735,20.8265,147.651
66.1505,66.3083,66.3927,66.7241,66.7646,67.1114,67.1381,67.4834,67.5169,67.8457,67.8941,68.2025,68.2659,68.5561,68.6311,68.9051,68.9892,69.2496,69.3415,69.5898,69.6895,69.9257,70.0335,70.2564,70.373,70.5806,70.7077,70.899,71.039,71.2132,71.3653,71.5248,71.6811,71.8361,71.9889,72.1791,72.1605,72.7675,71.9416,73.9439,70.8463,76.3774,67.939,81.3451,61.4767,91.2389,48.1592,110.667,21.5796,148.658
67.0134,67.1741,67.2284,67.5653,67.6012,67.9534,67.976,68.3251,68.3563,68.6874,68.7347,69.0444,69.1076,69.3985,69.4738,69.7483,69.8328,70.0937,70.186,70.4347,70.5349,70.7716,70.8799,71.1032,71.2203,71.4285,71.5561,71.7478,71.8884,72.063,72.2158,72.3757,72.5326,72.6882,72.8414,73.0323,73.0137,73.6229,72.794,74.8034,71.6953,77.2438,68.7817,82.2218,62.3086,92.1335,48.9676,111.599,22.3359,149.664
67.0134,68.0693,68.0661,68.4095,68.4397,68.7976,68.8162,69.1689,69.198,69.5311,69.5776,69.8883,69.9515,70.243,70.3186,70.5935,70.6785,70.9398,71.0326,71.2817,71.3823,71.6195,71.7282,71.9521,72.0696,72.2783,72.4064,72.5987,72.7398,72.9148,73.0681,73.2285,73.386,73.5421,73.6958,73.8874,73.8688,74.48,73.6482,75.6645,72.5463,78.1117,69.6265,83.0998,63.1427,93.0292,49.7782,112.532,23.0988,149.664
68.7148,68.8521,68.9099,69.2565,69.2802,69.6442,69.6586,70.0147,70.042,70.3768,70.4228,70.7344,70.7976,71.0896,71.1655,71.4408,71.5263,71.7879,71.8812,72.1307,72.2318,72.4694,72.5786,72.8029,72.9209,73.1302,73.2586,73.4514,73.593,73.7685,73.9224,74.0833,74.2412,74.3978,74.552,74.7443,74.7257,75.3389,74.5044,76.5272,73.3992,78.981,70.4734,83.9793,63.9789,93.9262,50.5911,113.466,23.8632,151.678
69.5157,69.6737,69.7542,70.1064,70.1226,70.493,70.5034,70.8626,70.8883,71.2246,71.2702,71.5825,71.6459,71.9383,72.0146,72.2902,72.3762,72.6381,72.7319,72.9818,73.0833,73.3213,73.4309,73.6558,73.7741,73.9839,74.1128,74.3061,74.4482,74.6241,74.7785,74.9399,75.0983,75.2554,75.4101,75.603,75.5845,76.1995,75.3624,77.3917,74.2541,79.8519,71.3223,84.8601,64.8172,94.8245,51.4063,114.401,24.6274,152.685
70.3685,70.5232,70.5968,70.9595,70.9669,71.3439,71.3504,71.7125,71.7368,72.0744,72.1197,72.4326,72.4963,72.7889,72.8657,73.1416,73.2281,73.4903,73.5845,73.8348,73.9367,74.1752,74.2852,74.5105,74.6293,74.8396,74.9689,75.1627,75.3052,75.4816,75.6365,75.7983,75.9572,76.1148,76.2699,76.4635,76.445,77.0619,76.2222,78.2577,75.1109,80.7243,72.1732,85.7422,65.6577,95.7239,52.2237,115.337,25.3947,153.691
71.246,71.4017,71.4378,71.8155,71.8133,72.1968,72.1998,72.5643,72.5877,72.9261,72.9715,73.2847,73.3488,73.6416,73.7189,73.995,74.0819,74.3445,74.4392,74.6898,74.7922,75.031,75.1414,75.3672,75.4864,75.6971,75.8269,76.0211,76.1641,76.3409,76.4963,76.6586,76.818,76.976,77.1316,77.3257,77.3074,77.926,77.0839,79.1254,75.9696,81.5982,73.0261,86.6257,66.5002,96.6246,53.0434,116.274,26.165,154.698
71.246,72.3116,72.2791,72.6741,72.6618,73.0517,73.0514,73.418,73.4407,73.7798,73.8254,74.1388,74.2034,74.4963,74.5741,74.8504,74.9378,75.2006,75.2958,75.5467,75.6495,75.8888,75.9996,76.2258,76.3454,76.5566,76.6868,76.8814,77.0249,77.2021,77.358,77.5207,77.6805,77.839,77.995,78.1897,78.1715,78.7918,77.9473,79.9947,76.8301,82.4735,73.881,87.5105,67.3447,97.5265,53.8652,117.211,26.9415,154.698
73.0015,73.1198,73.1246,73.535,73.5127,73.9084,73.9054,74.2736,74.296,74.6354,74.6815,74.9949,75.06,75.353,75.4314,75.7078,75.7957,76.0588,76.1544,76.4056,76.5088,76.7484,76.8596,77.0862,77.2062,77.4179,77.5485,77.7435,77.8875,78.065,78.2215,78.3846,78.5449,78.7038,78.8602,79.0555,79.0374,79.6592,78.8126,80.8655,77.6926,83.3503,74.7379,88.3966,68.1913,98.4297,54.6892,118.15,27.7197,156.711
73.848,73.9763,73.97,74.3978,74.3659,74.7669,74.7617,75.131,75.1536,75.4929,75.5396,75.8528,75.9187,76.2116,76.2906,76.5671,76.6555,76.9188,77.0149,77.2664,77.37,77.61,77.7216,77.9486,78.0689,78.281,78.412,78.6075,78.7519,78.9298,79.0867,79.2502,79.411,79.5704,79.7272,79.923,79.905,80.5284,79.6796,81.738,78.5568,84.2285,75.5966,89.2841,69.0399,99.334,55.5154,119.089,28.4976,157.718
74.7538,74.8772,74.8151,75.2622,75.2217,75.6271,75.6204,75.9902,76.0133,76.3523,76.3999,76.7127,76.7794,77.0721,77.1518,77.4284,77.5173,77.7808,77.8773,78.1291,78.2331,78.4734,78.5854,78.8128,78.9335,79.146,79.2774,79.4733,79.6181,79.7964,79.9537,80.1177,80.2788,80.4387,80.5958,80.7922,80.7744,81.3992,80.5484,82.612,79.423,85.1082,76.4573,90.1729,69.8905,100.239,56.3437,120.029,29.2784,158.725
74.7538,75.8282,75.663,76.1277,76.0802,76.4888,76.4814,76.8512,76.8752,77.2135,77.2622,77.5745,77.6421,77.9346,78.0149,78.2915,78.381,78.6447,78.7415,78.9937,79.098,79.3387,79.451,79.6788,79.7998,80.0128,80.1445,80.3408,80.486,80.6647,80.8225,80.9868,81.1484,81.3087,81.4662,81.6631,81.6454,82.2716,81.4189,83.4875,80.2909,85.9892,77.3199,91.0629,70.743,101.146,57.1741,120.97,30.0653,158.725
75.4796,76.6978,76.5199,76.9937,76.9415,77.352,77.3447,77.7139,77.7392,78.0766,78.1266,78.4382,78.5068,78.7989,78.88,79.1566,79.2466,79.5104,79.6077,79.8602,79.9648,80.2058,80.3184,80.5467,80.668,80.8814,81.0135,81.2102,81.3558,81.5348,81.6931,81.8577,82.0197,82.1804,82.3383,82.5357,82.5182,83.1457,82.2912,84.3646,81.1606,86.8717,78.1844,91.9543,71.5975,102.054,58.0066,121.912,30.857,159.732
77.3892,77.4743,77.3854,77.8601,77.8056,78.2167,78.2104,78.5784,78.6053,78.9415,78.9929,79.3038,79.3734,79.6652,79.747,80.0235,80.114,80.378,80.4757,80.7284,80.8335,81.0748,81.1877,81.4163,81.538,81.7518,81.8842,82.0812,82.2273,82.4066,82.5653,82.7304,82.8927,83.0538,83.2121,83.4099,83.3927,84.0214,83.1652,85.2432,82.0321,87.7556,79.0507,92.847,72.4539,102.963,58.8413,122.855,31.6471,161.745
78.2059,78.3163,78.2526,78.727,78.6726,79.0827,79.0783,79.4445,79.4736,79.8082,79.8613,80.1711,80.242,80.5332,80.6158,80.8922,80.9833,81.2475,81.3456,81.5985,81.7039,81.9455,82.0588,82.2877,82.4097,82.6239,82.7567,82.9541,83.1005,83.2801,83.4393,83.6047,83.7674,83.9289,84.0875,84.2858,84.2688,84.8986,84.0409,86.1233,82.9053,88.6409,79.9189,93.7409,73.3123,103.873,59.678,123.798,32.4369,162.752
79.0964,79.2113,79.1203,79.5944,79.5425,79.9502,79.9485,80.3123,80.3439,80.6767,80.7317,81.0403,81.1124,81.4031,81.4866,81.7628,81.8544,82.1187,82.2172,82.4704,82.5761,82.818,82.9316,83.1609,83.2832,83.4977,83.6309,83.8286,83.9754,84.1553,84.3149,84.4807,84.6438,84.8056,84.9646,85.1633,85.1466,85.7775,84.9182,87.0049,83.7803,89.5276,80.7889,94.6361,74.1725,104.784,60.5167,124.742,33.2295,163.758
79.0964,80.1588,79.9907,80.4622,80.4152,80.819,80.821,81.1818,81.2163,81.5469,81.604,81.9114,81.9848,82.2749,82.3591,82.6352,82.7274,82.9918,83.0906,83.3441,83.4501,83.6923,83.8062,84.0358,84.1584,84.3733,84.5068,84.7048,84.852,85.0322,85.1922,85.3583,85.5218,85.684,85.8434,86.0425,86.026,86.6579,85.7972,87.888,84.6571,90.4156,81.6607,95.5325,75.0345,105.697,61.3575,125.687,34.028,163.758
79.8132,81.0319,80.8692,81.3303,81.2906,81.6892,81.6957,82.053,82.0906,82.4189,82.4782,82.7842,82.859,83.1484,83.2335,83.5095,83.6021,83.8666,83.9659,84.2195,84.3259,84.5684,84.6825,84.9125,85.0354,85.2506,85.3844,85.5828,85.7304,85.9108,86.0712,86.2376,86.4015,86.5641,86.7237,86.9232,86.907,87.5399,86.6779,88.7725,85.5355,91.305,82.5343,96.4302,75.8985,106.61,62.2003,126.633,34.8311,164.765
81.7204,81.8154,81.7556,82.199,82.1688,82.5608,82.5725,82.9258,82.967,83.2926,83.3543,83.6588,83.735,84.0237,84.1097,84.3855,84.4787,84.7432,84.8428,85.0967,85.2033,85.4461,85.5605,85.7908,85.914,86.1296,86.2637,86.4624,86.6103,86.791,86.9519,87.1186,87.2828,87.4457,87.6057,87.8056,87.7896,88.4234,87.5602,89.6585,86.4157,92.1957,83.4097,97.3292,76.7642,107.525,63.0451,127.58,35.6327,166.779
82.5261,82.655,82.6438,83.0685,83.0494,83.4338,83.4515,83.8003,83.8453,84.1681,84.2323,84.5351,84.6129,84.9008,84.9877,85.2632,85.3569,85.6216,85.7216,85.9757,86.0826,86.3256,86.4403,86.6709,86.7944,87.0103,87.1447,87.3436,87.492,87.6729,87.8341,88.0012,88.1657,88.3289,88.4892,88.6895,88.6739,89.3084,88.4442,90.5459,87.2975,93.0877,84.2868,98.2293,77.6318,108.441,63.8918,128.527,36.434,167.785
83.389,83.5346,83.5321,83.9393,83.9325,84.3082,84.3326,84.6764,84.7256,85.0453,85.1121,85.4132,85.4925,85.7797,85.8674,86.1427,86.237,86.5017,86.602,86.8563,86.9635,87.2068,87.3217,87.5526,87.6764,87.8926,88.0273,88.2265,88.3752,88.5564,88.718,88.8853,89.0502,89.2138,89.3744,89.5749,89.5597,90.195,89.3297,91.4348,88.181,93.9811,85.1656,99.1307,78.5011,109.358,64.7406,129.475,37.2379,168.792
83.389,84.4475,84.4213,84.8114,84.8179,85.1841,85.2157,85.5541,85.6077,85.9242,85.9937,86.293,86.374,86.6603,86.7489,87.0239,87.1187,87.3835,87.4842,87.7387,87.8461,88.0897,88.2048,88.436,88.56,88.7766,88.9116,89.1111,89.2601,89.4415,89.6035,89.7711,89.9363,90.1002,90.2611,90.462,90.447,91.083,90.2168,92.3251,89.0661,94.8758,86.0462,100.033,79.3723,110.276,65.5913,130.424,38.0475,168.792
85.1454,85.2751,85.3139,85.6851,85.7053,86.0615,86.1007,86.4335,86.4917,86.8048,86.8772,87.1746,87.2572,87.5426,87.6321,87.9069,88.0022,88.267,88.368,88.6227,88.7304,88.9742,89.0896,89.3211,89.4453,89.6621,89.7975,89.9972,90.1466,90.3282,90.4905,90.6584,90.8239,90.9881,91.1493,91.3505,91.336,91.9725,91.1056,93.2168,89.9529,95.7718,86.9284,100.937,80.2452,111.195,66.4439,131.374,38.8586,170.805
85.9826,86.1376,86.2067,86.5606,86.5948,86.9405,86.9877,87.3145,87.3775,87.6871,87.7624,88.0578,88.1421,88.4266,88.5171,88.7915,88.8873,89.1522,89.2535,89.5084,89.6163,89.8604,89.976,90.2077,90.3322,90.5493,90.685,90.8849,91.0347,91.2165,91.3792,91.5473,91.7131,91.8776,92.0391,92.2406,92.2264,92.8635,91.9958,94.1098,90.8413,96.669,87.8124,101.842,81.1198,112.115,67.2985,132.324,39.6694,171.812
86.8683,87.0241,87.0991,87.438,87.4862,87.8211,87.8766,88.1972,88.2651,88.571,88.6493,88.9428,89.0287,89.3123,89.4037,89.6778,89.7741,90.039,90.1407,90.3957,90.5039,90.7482,90.864,91.096,91.2207,91.4381,91.5741,91.7743,91.9243,92.1063,92.2693,92.4378,92.6039,92.7687,92.9304,93.1322,93.1184,93.756,92.8877,95.0043,91.7313,97.5676,88.698,102.748,81.9962,113.036,68.155,133.275,40.4827,172.819
87.7675,87.9334,87.9918,88.3172,88.3793,88.7033,88.7672,89.0815,89.1545,89.4567,89.538,89.8294,89.9171,90.1996,90.292,90.5658,90.6626,90.9275,91.0295,91.2847,91.393,91.6376,91.7536,91.9859,92.1109,92.3285,92.4647,92.6651,92.8155,92.9977,93.1611,93.3298,93.4961,93.6612,93.8232,94.0252,94.0119,94.6498,93.781,95.9001,92.6229,98.4674,89.5853,103.656,82.8743,113.958,69.0133,134.227,41.2987,173.826
87.7675,88.8633,88.8867,89.1982,89.2741,89.5872,89.6596,89.9675,90.0456,90.344,90.4284,90.7177,90.807,91.0887,91.1819,91.4554,91.5527,91.8176,91.9199,92.1753,92.2839,92.5286,92.6448,92.8774,93.0025,93.2205,93.3569,93.5576,93.7083,93.8906,94.0543,94.2233,94.3899,94.5553,94.7175,94.9198,94.9069,95.5452,94.6759,96.7972,93.5161,99.3685,90.4742,104.564,83.7541,114.881,69.8735,135.18,42.1201,173.826
89.557,89.7014,89.7868,90.0811,90.1705,90.4729,90.5537,90.8552,90.9384,91.2329,91.3204,91.6076,91.6987,91.9794,92.0735,92.3467,92.4444,92.7094,92.8119,93.0674,93.1762,93.4212,93.5376,93.7704,93.8958,94.114,94.2507,94.4515,94.6025,94.7851,94.9491,95.1183,95.2852,95.4508,95.6133,95.8158,95.8034,96.4419,95.5724,97.6957,94.4109,100.271,91.3648,105.474,84.6356,115.806,70.7356,136.133,42.9429,175.839
90.3911,90.5648,90.6889,90.9659,91.0683,91.3603,91.4495,91.7445,91.8328,92.1236,92.2141,92.4992,92.592,92.8717,92.9666,93.2396,93.3378,93.6027,93.7055,93.9612,94.0702,94.3154,94.432,94.665,94.7906,95.009,95.146,95.347,95.4983,95.681,95.8453,96.0148,96.1819,96.3478,96.5106,96.7132,96.7013,97.34,96.4703,98.5956,95.3072,101.174,92.257,106.385,85.5188,116.731,71.5996,137.087,43.7654,176.846
91.2601,91.4417,91.5919,91.8529,91.9676,92.2495,92.3468,92.6355,92.7289,93.0158,93.1094,93.3924,93.4868,93.7656,93.8614,94.134,94.2327,94.4976,94.6007,94.8565,94.9657,95.2112,95.3279,95.5612,95.6869,95.9056,96.0428,96.244,96.3956,96.5785,96.7431,96.9127,97.0802,97.2463,97.4093,97.6121,97.6007,98.2396,97.3697,99.4967,96.205,102.079,93.1507,107.297,86.4036,117.657,72.4653,138.041,44.5903,177.852
92.1406,92.3276,92.4951,92.742,92.8681,93.1405,93.2457,93.5281,93.6266,93.9097,94.0062,94.2873,94.3833,94.6611,94.7578,95.0301,95.1292,95.3941,95.4975,95.7534,95.8628,96.1084,96.2253,96.4588,96.5848,96.8036,96.9411,97.1425,97.2944,97.4774,97.6423,97.8122,97.9798,98.1462,98.3094,98.5124,98.5015,99.1405,98.2705,100.399,97.1044,102.985,94.0461,108.21,87.2901,118.585,73.3329,138.997,45.4177,178.859
93.0292,93.2197,93.3984,93.6334,93.7699,94.0333,94.1461,94.4224,94.5259,94.8052,94.9047,95.1837,95.2813,95.5582,95.6557,95.9277,96.0272,96.2922,96.3957,96.6519,96.7614,97.0072,97.1243,97.358,97.4841,97.7032,97.841,98.0424,98.1947,98.3778,98.543,98.7131,98.8809,99.0476,99.211,99.4142,99.4038,100.043,99.1728,101.303,98.0053,103.892,94.943,109.124,88.1782,119.513,74.2023,139.953,46.2475,179.866
93.9234,94.1161,94.3019,94.5271,94.673,94.928,95.0481,95.3183,95.4267,95.7023,95.8047,96.0818,96.1809,96.4569,96.5552,96.8269,96.9268,97.1918,97.2956,97.5518,97.6615,97.9075,98.0247,98.2587,98.385,98.6042,98.7422,98.9439,99.0964,99.2796,99.4451,99.6154,99.7835,99.9504,100.114,100.317,100.307,100.946,100.077,102.208,98.9077,104.801,95.8414,110.039,89.0679,120.442,75.0735,140.909,47.0798,180.872
94.8215,95.0156,95.2058,95.4231,95.5772,95.8245,95.9514,96.216,96.329,96.6011,96.7063,96.9814,97.0821,97.3571,97.4562,97.7276,97.8279,98.0929,98.1969,98.4533,98.5632,98.8093,98.9267,99.1608,99.2873,99.5067,99.645,99.8468,99.9996,100.183,100.349,100.519,100.687,100.855,101.018,101.222,101.213,101.851,100.982,103.114,99.8115,105.71,96.7415,110.956,89.9592,121.372,75.9465,141.867,47.9144,181.879
95.7226,95.9174,96.1103,96.3214,96.4825,96.7227,96.8562,97.1152,97.2328,97.5014,97.6094,97.8825,97.9847,98.2589,98.3587,98.6298,98.7305,98.9955,99.0997,99.3563,99.4663,99.7126,99.8301,100.064,100.191,100.411,100.549,100.751,100.904,101.088,101.254,101.424,101.593,101.76,101.924,102.128,102.119,102.758,101.888,104.022,100.717,106.621,97.643,111.873,90.8521,122.303,76.8212,142.825,48.7515,182.886
96.6259,96.8212,97.0155,97.2218,97.3891,97.6228,97.7623,98.0162,98.1381,98.4033,98.5139,98.7853,98.8888,99.1622,99.2627,99.5336,99.6346,99.8996,100.004,100.261,100.371,100.617,100.735,100.969,101.096,101.316,101.455,101.657,101.81,101.994,102.16,102.331,102.5,102.667,102.831,103.035,103.027,103.665,102.796,104.931,101.624,107.533,98.5461,112.792,91.7466,123.236,77.6977,143.783,49.5908,183.893
97.5311,97.7265,97.9216,98.1242,98.2967,98.5247,98.6698,98.9187,99.0448,99.3068,99.4199,99.6896,99.7945,100.067,100.168,100.439,100.54,100.805,100.91,101.167,101.277,101.524,101.641,101.876,102.003,102.223,102.362,102.564,102.718,102.901,103.068,103.239,103.408,103.575,103.74,103.944,103.936,104.574,103.706,105.841,102.532,108.446,99.4506,113.711,92.6427,124.169,78.5759,144.742,50.4325,184.899
98.4379,98.6334,98.8288,99.0287,99.2055,99.4284,99.5787,99.8229,99.9529,100.212,100.327,100.595,100.702,100.973,101.075,101.346,101.447,101.712,101.817,102.074,102.184,102.431,102.549,102.784,102.911,103.131,103.27,103.473,103.626,103.81,103.977,104.148,104.317,104.485,104.65,104.853,104.847,105.484,104.617,106.752,103.442,109.36,100.357,114.632,93.5403,125.103,79.4558,145.702,51.2765,185.906
99.3463,99.5418,99.7371,99.9351,100.116,100.334,100.489,100.729,100.862,101.119,101.236,101.503,101.61,101.881,101.984,102.254,102.356,102.621,102.726,102.983,103.093,103.34,103.458,103.693,103.821,104.041,104.18,104.382,104.537,104.72,104.887,105.059,105.228,105.396,105.561,105.765,105.759,106.396,105.529,107.664,104.353,110.275,101.264,115.554,94.4394,126.038,80.3375,146.662,52.1229,186.913
100.256,100.452,100.647,100.843,101.027,101.241,101.4,101.636,101.773,102.027,102.147,102.412,102.52,102.791,102.893,103.163,103.266,103.531,103.636,103.893,104.004,104.251,104.369,104.604,104.731,104.952,105.091,105.294,105.448,105.632,105.799,105.971,106.14,106.309,106.474,106.677,106.672,107.309,106.442,108.578,105.265,111.192,102.173,116.476,95.3401,126.973,81.2209,147.623,52.9714,187.919
101.167,101.363,101.558,101.753,101.939,102.15,102.313,102.545,102.686,102.936,103.058,103.322,103.431,103.701,103.805,104.075,104.177,104.442,104.547,104.805,104.915,105.163,105.281,105.516,105.644,105.864,106.004,106.206,106.361,106.545,106.713,106.884,107.054,107.222,107.387,107.591,107.587,108.223,107.357,109.493,106.179,112.109,103.084,117.4,96.2422,127.91,82.1059,148.585,53.8223,188.926
102.08,102.275,102.47,102.665,102.853,103.06,103.227,103.456,103.599,103.848,103.971,104.234,104.344,104.614,104.717,104.987,105.09,105.355,105.46,105.718,105.829,106.076,106.194,106.43,106.557,106.778,106.918,107.121,107.275,107.459,107.627,107.799,107.969,108.137,108.303,108.506,108.502,109.138,108.274,110.409,107.094,113.028,103.996,118.325,97.1459,128.848,82.9926,149.547,54.6753,189.933
102.994,103.189,103.384,103.578,103.767,103.973,104.142,104.368,104.514,104.76,104.886,105.147,105.258,105.527,105.631,105.901,106.004,106.269,106.375,106.632,106.743,106.991,107.109,107.345,107.472,107.693,107.833,108.036,108.191,108.375,108.543,108.715,108.885,109.054,109.219,109.423,109.42,110.055,109.191,111.326,108.011,113.948,104.909,119.251,98.0511,129.786,83.881,150.51,55.5306,190.94
103.91,104.105,104.299,104.493,104.683,104.886,105.059,105.282,105.43,105.675,105.802,106.062,106.174,106.442,106.547,106.816,106.919,107.185,107.29,107.548,107.659,107.907,108.025,108.261,108.389,108.61,108.75,108.953,109.108,109.292,109.46,109.632,109.802,109.971,110.137,110.341,110.338,110.972,110.11,112.245,108.929,114.868,105.824,120.178,98.9578,130.726,84.771,151.473,56.3881,191.946
104.827,105.021,105.216,105.409,105.601,105.802,105.977,106.197,106.348,106.591,106.719,106.978,107.091,107.359,107.464,107.733,107.836,108.102,108.207,108.465,108.576,108.824,108.942,109.178,109.306,109.527,109.668,109.871,110.026,110.21,110.379,110.551,110.721,110.89,111.056,111.26,111.258,111.891,111.03,113.164,109.849,115.79,106.74,121.105,99.8659,131.666,85.6627,152.437,57.2477,192.953
105.745,105.939,106.134,106.327,106.519,106.719,106.896,107.114,107.267,107.508,107.637,107.896,108.009,108.277,108.382,108.651,108.755,109.02,109.126,109.384,109.495,109.743,109.861,110.097,110.225,110.446,110.587,110.79,110.946,111.13,111.298,111.471,111.641,111.81,111.976,112.18,112.179,112.812,111.952,114.085,110.769,116.713,107.657,122.034,100.775,132.607,86.556,153.401,58.1096,193.96
106.664,106.859,107.053,107.246,107.439,107.637,107.816,108.033,108.186,108.427,108.557,108.815,108.928,109.196,109.301,109.571,109.674,109.94,110.045,110.303,110.415,110.663,110.781,111.017,111.146,111.367,111.508,111.711,111.867,112.051,112.22,112.392,112.562,112.732,112.898,113.101,113.101,113.733,112.874,115.007,111.691,117.637,108.576,122.964,101.686,133.549,87.451,154.366,58.9735,194.966
107.585,107.78,107.974,108.167,108.36,108.557,108.737,108.953,109.108,109.347,109.478,109.735,109.849,110.117,110.222,110.491,110.595,110.861,110.967,111.225,111.336,111.584,111.703,111.939,112.067,112.289,112.43,112.632,112.789,112.973,113.142,113.314,113.485,113.654,113.821,114.024,114.025,114.656,113.798,115.93,112.615,118.562,109.496,123.895,102.599,134.492,88.3475,155.331,59.8396,195.973
108.508,108.702,108.896,109.089,109.282,109.479,109.66,109.874,110.03,110.268,110.4,110.657,110.772,111.038,111.144,111.414,111.517,111.783,111.889,112.147,112.258,112.507,112.625,112.862,112.99,113.211,113.353,113.556,113.712,113.896,114.065,114.238,114.409,114.578,114.745,114.948,114.949,115.579,114.724,116.854,113.54,119.488,110.418,124.826,103.513,135.435,89.2456,156.297,60.7078,196.98
109.431,109.625,109.819,110.013,110.206,110.402,110.583,110.797,110.954,111.191,111.324,111.58,111.695,111.962,112.068,112.337,112.441,112.707,112.813,113.071,113.182,113.431,113.549,113.786,113.914,114.136,114.277,114.48,114.637,114.821,114.99,115.163,115.334,115.503,115.67,115.873,115.875,116.504,115.65,117.779,114.466,120.415,111.341,125.759,104.428,136.38,90.1453,157.263,61.5781,197.987
110.357,110.55,110.744,110.937,111.131,111.326,111.508,111.721,111.879,112.116,112.248,112.505,112.62,112.887,112.993,113.262,113.366,113.631,113.738,113.996,114.107,114.356,114.475,114.711,114.84,115.061,115.203,115.406,115.563,115.747,115.916,116.089,116.26,116.43,116.596,116.799,116.803,117.43,116.578,118.705,115.393,121.343,112.266,126.693,105.345,137.325,91.0466,158.23,62.4505,198.993
111.337,111.529,111.724,111.917,112.11,112.306,112.488,112.701,112.858,113.095,113.228,113.484,113.599,113.866,113.972,114.241,114.345,114.611,114.717,114.975,115.087,115.335,115.454,115.691,115.819,116.041,116.183,116.385,116.542,116.726,116.896,117.069,117.24,117.41,117.576,117.779,117.783,118.41,117.558,119.685,116.373,122.324,113.245,127.675,106.322,138.311,92.0182,159.224,63.4124,200
