SPACE_POINTS_X
50,51.0067,52.0134,53.0201,54.0268,55.0336,56.0403,57.047,58.0537,59.0604,60.0671,61.0738,62.0805,63.0872,64.094,65.1007,66.1074,67.1141,68.1208,69.1275,70.1342,71.1409,72.1477,73.1544,74.1611,75.1678,76.1745,77.1812,78.1879,79.1946,80.2013,81.2081,82.2148,83.2215,84.2282,85.2349,86.2416,87.2483,88.255,89.2617,90.2685,91.2752,92.2819,93.2886,94.2953,95.302,96.3087,97.3154,98.3221,99.3289,100.336,101.342,102.349,103.356,104.362,105.369,106.376,107.383,108.389,109.396,110.403,111.409,112.416,113.423,114.43,115.436,116.443,117.45,118.456,119.463,120.47,121.477,122.483,123.49,124.497,125.503,126.51,127.517,128.523,129.53,130.537,131.544,132.55,133.557,134.564,135.57,136.577,137.584,138.591,139.597,140.604,141.611,142.617,143.624,144.631,145.638,146.644,147.651,148.658,149.664,150.671,151.678,152.685,153.691,154.698,155.705,156.711,157.718,158.725,159.732,160.738,161.745,162.752,163.758,164.765,165.772,166.779,167.785,168.792,169.799,170.805,171.812,172.819,173.826,174.832,175.839,176.846,177.852,178.859,179.866,180.872,181.879,182.886,183.893,184.899,185.906,186.913,187.919,188.926,189.933,190.94,191.946,192.953,193.96,194.966,195.973,196.98,197.987,198.993,200
SPACE_POINTS_Y
0,0.0244898,0.0489796,0.0734694,0.0979592,0.122449,0.146939,0.171429,0.195918,0.220408,0.244898,0.269388,0.293878,0.318367,0.342857,0.367347,0.391837,0.416327,0.440816,0.465306,0.489796,0.514286,0.538776,0.563265,0.587755,0.612245,0.636735,0.661225,0.685714,0.710204,0.734694,0.759184,0.783674,0.808163,0.832653,0.857143,0.881633,0.906123,0.930612,0.955102,0.979592,1.00408,1.02857,1.05306,1.07755,1.10204,1.12653,1.15102,1.17551,1.2
VALUES
0,0,0,0,0,0,0,0,0,0,0,0,0,0,0,0,0,0,0,0,0,0,0,0,0,0,0,0,0,0,0,0,0,0,0,0,0,0,0,0,0,0,0,0,0,0,0,0,0,0
0,0.841895,0.395084,0.597066,0.493738,0.56295,0.517475,0.555186,0.530405,0.554575,0.539221,0.556738,0.54643,0.559924,0.552841,0.563488,0.558771,0.567243,0.564361,0.571124,0.569671,0.575059,0.574673,0.578947,0.579346,0.582777,0.583776,0.586591,0.588019,0.590333,0.591999,0.593973,0.595769,0.59769,0.600558,0.605533,0.580205,0.648135,0.522035,0.749475,0.395505,0.93262,0.158381,1.24968,-0.263857,1.82787,-1.11763,3.29377,-5.00871,50
1.13209,1.08801,0.961238,1.14362,0.996225,1.11679,1.03448,1.106,1.05914,1.10633,1.07668,1.11133,1.09124,1.11808,1.10423,1.12546,1.11623,1.13315,1.12753,1.14105,1.13825,1.14903,1.14834,1.1569,1.15776,1.16464,1.16668,1.17233,1.17522,1.17987,1.18323,1.1872,1.19081,1.19465,1.20034,1.21083,1.15908,1.29665,1.04185,1.50034,0.787688,1.86815,0.31179,2.50454,-0.535506,3.66522,-2.25096,6.61656,-9.81959,52.0134
1.62884,1.59789,1.48396,1.67646,1.50695,1.66105,1.55335,1.65247,1.58745,1.65566,1.61319,1.66422,1.63505,1.67489,1.65467,1.68631,1.67283,1.6981,1.68991,1.71014,1.7061,1.72226,1.72134,1.73418,1.73555,1.74588,1.74901,1.7575,1.76188,1.76887,1.77395,1.77992,1.78537,1.79111,1.79959,1.8161,1.73693,1.94562,1.5599,2.2524,1.17735,2.8059,0.461726,3.76276,-0.811584,5.50663,-3.38779,9.92234,-14.0075,53.0201
1.62884,2.3169,1.9612,2.20458,2.02467,2.19672,2.07524,2.19499,2.1162,2.20296,2.14939,2.21582,2.17839,2.23077,2.20462,2.24643,2.22895,2.26245,2.25185,2.27872,2.27355,2.29505,2.29397,2.31108,2.31301,2.32678,2.33102,2.34235,2.34825,2.35759,2.3644,2.37238,2.37966,2.38731,2.3985,2.42152,2.31404,2.59512,2.07663,3.00547,1.56523,3.7452,0.609591,5.02266,-1.08893,7.34693,-4.51644,13.1727,-17.6225,53.0201
2.64888,2.62252,2.52199,2.7154,2.5494,2.72554,2.60036,2.73427,2.64594,2.74869,2.68583,2.76651,2.72171,2.78606,2.75449,2.80615,2.78497,2.8265,2.81368,2.84708,2.8409,2.86768,2.86651,2.88786,2.89038,2.90759,2.91297,2.92713,2.93457,2.94625,2.9548,2.96479,2.97391,2.98344,2.99729,3.02726,2.89067,3.24519,2.59245,3.75935,1.95203,4.68544,0.7567,6.28265,-1.36457,9.18134,-5.62612,16.3398,-20.7501,55.0336
3.15699,3.13916,3.03858,3.22803,3.07818,3.24987,3.12827,3.27127,3.17699,3.2933,3.22293,3.31666,3.26542,3.3411,3.30462,3.36577,3.34121,3.39057,3.37571,3.41552,3.40843,3.44041,3.43921,3.46477,3.46792,3.48854,3.49508,3.51206,3.52103,3.53505,3.54535,3.55735,3.5683,3.57969,3.59614,3.63346,3.46706,3.89588,3.10772,4.51389,2.3384,5.62602,0.904276,7.54124,-1.63576,11.0054,-6.70723,19.4042,-23.4444,56.0403
3.15699,3.84245,3.52463,3.74025,3.61016,3.77205,3.65823,3.80704,3.70949,3.8373,3.76103,3.86662,3.80987,3.89619,3.85535,3.92559,3.89796,3.9549,3.93819,3.98426,3.97637,4.01348,4.01232,4.04202,4.04585,4.06984,4.07755,4.09733,4.10785,4.12419,4.13624,4.15023,4.16301,4.17624,4.19521,4.24027,4.04343,4.54725,3.6228,5.26892,2.72494,6.56642,1.05345,8.79706,-1.89997,12.8151,-7.75156,22.3529,-25.7389,56.0403
4.16958,4.16277,4.09526,4.23847,4.14487,4.29448,4.1894,4.3426,4.24351,4.38115,4.30041,4.41671,4.35534,4.45161,4.40695,4.48585,4.45548,4.51974,4.50138,4.55355,4.54497,4.5871,4.58603,4.61984,4.62435,4.65169,4.66057,4.68313,4.6952,4.71384,4.72763,4.7436,4.75821,4.77325,4.79466,4.84782,4.62,5.19932,4.13801,6.02429,3.11222,7.50611,1.20529,10.0488,-2.15488,14.6068,-8.75221,25.1784,-27.7005,58.0537
4.61714,4.64116,4.6501,4.7398,4.67808,4.81959,4.7211,4.87881,4.7791,4.92529,4.8413,4.96724,4.90211,5.00763,4.95968,5.04679,5.01401,5.08532,5.06549,5.12359,5.11443,5.16148,5.16055,5.19839,5.20362,5.23426,5.24433,5.26963,5.28324,5.30417,5.31968,5.33762,5.35403,5.37085,5.39462,5.45621,5.19696,5.85214,4.65368,6.77984,3.50076,8.44463,1.36075,11.2954,-2.39841,16.3774,-9.70365,27.8771,-29.3681,59.0604
5.11808,5.15202,5.18411,5.25409,5.20616,5.34918,5.253,5.41628,5.31635,5.47011,5.38389,5.5185,5.45039,5.56448,5.51376,5.60864,5.57376,5.65183,5.63073,5.69458,5.68493,5.73679,5.73606,5.77786,5.78381,5.81771,5.82897,5.85698,5.87212,5.89531,5.91254,5.93242,5.95061,5.96919,5.99525,6.06555,5.77448,6.50572,5.17007,7.53545,3.89104,9.38153,1.52073,12.5357,-2.62869,18.1241,-10.6016,30.4487,-30.77,60.0671
5.63013,5.66713,5.70111,5.78524,5.72784,5.88385,5.78527,5.95541,5.85538,6.01596,5.92834,6.07077,6.00039,6.12239,6.06939,6.17159,6.13493,6.21946,6.19727,6.26668,6.25666,6.3132,6.31272,6.3584,6.3651,6.4022,6.41464,6.44532,6.46199,6.4874,6.50633,6.52813,6.54809,6.56838,6.59664,6.67593,6.35274,7.16009,5.68744,8.29098,4.28351,10.3164,1.68605,13.7688,-2.84404,19.8447,-11.4429,32.8949,-31.939,61.0738
6.15937,6.18977,6.19774,6.33343,6.24467,6.4229,6.31855,6.49637,6.39636,6.56313,6.47479,6.62428,6.55226,6.68156,6.62674,6.73582,6.69768,6.78837,6.76528,6.84005,6.82975,6.89086,6.89066,6.94015,6.9476,6.98785,7.00147,7.03478,7.05295,7.08056,7.10118,7.12486,7.14657,7.16854,7.19891,7.28744,6.93188,7.81528,6.20605,9.04632,4.67859,11.2489,1.85746,14.9938,-3.04301,21.5374,-12.2255,35.2194,-32.9041,62.0805
6.75835,6.76088,6.66635,6.89387,6.76091,6.96467,6.85375,7.03917,6.93946,7.11188,7.02339,7.17926,7.10616,7.24217,7.18597,7.3015,7.26217,7.35873,7.3349,7.41484,7.40435,7.4699,7.47002,7.52323,7.53145,7.5748,7.58958,7.62548,7.64514,7.67491,7.69718,7.72274,7.74615,7.76977,7.80217,7.90015,7.51204,8.47128,6.72611,9.80134,5.07665,12.1786,2.03564,16.2099,-3.22434,23.2006,-12.9481,37.4272,-33.691,63.0872
6.75835,7.50773,7.11814,7.4537,7.28244,7.50721,7.39177,7.58382,7.48487,7.66242,7.57424,7.7359,7.66223,7.8044,7.74722,7.86878,7.82854,7.93067,7.90627,7.99118,7.98059,8.05044,8.05093,8.10777,8.11677,8.16314,8.17907,8.21751,8.23865,8.27054,8.29444,8.32183,8.34694,8.37216,8.4065,8.51413,8.09335,9.12813,7.24784,10.5559,5.47806,13.1053,2.2212,17.4165,-3.38695,24.8331,-13.6102,39.5239,-34.3141,63.0872
7.38068,8.00516,7.64203,7.99504,7.81422,8.04916,7.93326,8.13036,8.03275,8.21496,8.12746,8.29438,8.22057,8.36841,8.31062,8.43779,8.39691,8.5043,8.47952,8.56918,8.55858,8.63259,8.63348,8.69387,8.70364,8.75298,8.77006,8.81099,8.83357,8.86755,8.89305,8.92225,8.94901,8.9758,9.01198,9.12944,8.67594,9.78581,7.77142,11.31,5.88312,14.0286,2.4147,18.613,-3.52995,26.4343,-14.212,41.5159,-34.8025,64.094
8.38539,8.3721,8.21556,8.51939,8.35701,8.59036,8.47849,8.67892,8.58319,8.76966,8.68314,8.85487,8.78129,8.93432,8.87626,9.00867,8.96739,9.07977,9.05472,9.14895,9.13842,9.21646,9.21778,9.28163,9.29218,9.34441,9.36262,9.40599,9.42999,9.46601,9.49309,9.52405,9.55244,9.58075,9.61869,9.74613,9.2599,10.4444,8.29703,12.0635,6.29214,14.9484,2.61664,19.7989,-3.65259,28.0036,-14.7543,43.41,-35.1891,66.1074
8.38539,8.99649,8.7731,9.03813,8.90834,9.13169,9.02734,9.22972,9.1363,9.32667,9.24138,9.41751,9.34448,9.50227,9.44424,9.58152,9.54005,9.65715,9.63199,9.73059,9.7202,9.80214,9.80392,9.87113,9.88246,9.93752,9.95683,10.0026,10.028,10.066,10.0946,10.1273,10.1573,10.1871,10.2267,10.3643,9.84534,11.1037,8.82484,12.8163,6.70538,15.8642,2.82746,20.9736,-3.75428,29.5407,-15.2382,45.213,-35.4724,66.1074
9.36049,9.39106,9.36307,9.55495,9.46483,9.67469,9.57941,9.78304,9.69211,9.88613,9.80225,9.98241,9.91022,10.0724,10.0146,10.1565,10.115,10.2366,10.2114,10.3142,10.304,10.3897,10.392,10.4624,10.4745,10.5324,10.5528,10.6009,10.6276,10.6676,10.6977,10.7321,10.7637,10.7949,10.8361,10.9838,10.4323,11.764,9.35498,13.5682,7.12309,16.776,3.04755,22.1369,-3.83458,31.0457,-15.6654,46.9315,-35.674,68.1208
9.84007,9.89786,9.93659,10.0805,10.0228,10.221,10.1343,10.3392,10.2507,10.4482,10.3658,10.5497,10.4786,10.6447,10.5875,10.7336,10.6923,10.818,10.793,10.8998,10.8899,10.9792,10.982,11.0556,11.0685,11.129,11.1505,11.2009,11.229,11.2708,11.3025,11.3385,11.3716,11.4042,11.4469,11.6049,11.021,12.4251,9.8876,14.3194,7.54549,17.6835,3.27726,23.2884,-3.89316,32.5188,-16.0375,48.5722,-35.805,69.1275
10.3712,10.4359,10.4908,10.6197,10.5796,10.7718,10.6915,10.8983,10.812,11.0129,10.9322,11.1194,11.0496,11.2194,11.163,11.3129,11.272,11.4017,11.3769,11.4875,11.4779,11.5708,11.574,11.6508,11.6644,11.7276,11.7501,11.8026,11.8321,11.8758,11.9089,11.9465,11.9811,12.0151,12.0591,12.2276,11.6114,13.0871,10.4228,15.0696,7.97278,18.5866,3.51689,24.428,-3.92982,33.9603,-16.3567,50.1412,-35.8679,70.1342
10.9305,10.9911,11.0289,11.1727,11.1348,11.3279,11.2509,11.4607,11.3762,11.5803,11.5014,11.6917,11.6234,11.7965,11.7411,11.8946,11.8542,11.9876,11.9632,12.0774,12.0682,12.1644,12.1682,12.2479,12.2623,12.328,12.3515,12.4063,12.437,12.4825,12.517,12.5562,12.5922,12.6275,12.6729,12.8518,12.2035,13.7499,10.9607,15.8188,8.40514,19.4851,3.76669,25.5553,-3.94443,35.3707,-16.625,51.6445,-35.8716,71.1409
11.5394,11.584,11.555,11.7362,11.689,11.8892,11.8126,12.0263,11.9434,12.1505,12.0735,12.2666,12.2,12.3761,12.3218,12.4786,12.439,12.5758,12.5518,12.6695,12.6607,12.7602,12.7645,12.8471,12.8622,12.9304,12.9549,13.0118,13.0437,13.091,13.1269,13.1676,13.2051,13.2416,13.2882,13.4775,12.7975,14.4135,11.5015,16.5669,8.84275,20.3788,4.02689,26.6703,-3.937,36.7507,-16.8447,53.0877,-35.8239,72.1477
11.5394,12.2753,12.083,12.3047,12.2438,12.4555,12.3767,12.5952,12.5135,12.7236,12.6485,12.8442,12.7794,12.9583,12.9052,13.0651,13.0262,13.1664,13.1429,13.2638,13.2555,13.3581,13.363,13.4484,13.4642,13.5348,13.5603,13.6192,13.6523,13.7014,13.7385,13.7808,13.8196,13.8574,13.905,14.1049,13.3934,15.078,12.0451,17.3139,9.28572,21.2677,4.29768,27.7729,-3.90758,38.101,-17.0181,54.476,-35.7244,72.1477
12.6456,12.6864,12.6569,12.8736,12.8005,13.0261,12.9435,13.1674,13.0867,13.2995,13.2266,13.4245,13.3617,13.5431,13.4914,13.6541,13.6161,13.7593,13.7364,13.8605,13.8527,13.9582,13.9637,14.0518,14.0683,14.1412,14.1677,14.2285,14.2629,14.3136,14.352,14.3957,14.4359,14.4748,14.5235,14.7339,13.9913,15.7433,12.5918,18.0598,9.73421,22.1516,4.57921,28.863,-3.85631,39.4224,-17.1476,55.8144,-35.593,74.1611
13.1551,13.2137,13.2215,13.4483,13.3596,13.6005,13.5134,13.7426,13.6631,13.8783,13.8077,14.0076,13.9468,14.1305,14.0803,14.2456,14.2086,14.3547,14.3324,14.4595,14.4522,14.5606,14.5666,14.6573,14.6746,14.7497,14.7771,14.8399,14.8753,14.9277,14.9674,15.0124,15.0539,15.094,15.1436,15.3645,14.5911,16.4094,13.1414,18.8045,10.1883,23.0305,4.87159,29.9406,-3.78338,40.7158,-17.2354,57.1077,-35.4346,75.1678
13.7674,13.813,13.7645,14.0306,13.9221,14.1779,14.0868,14.3207,14.2428,14.4601,14.3918,14.5935,14.5348,14.7206,14.6719,14.8397,14.8037,14.9525,14.931,15.0608,15.0541,15.1652,15.1718,15.265,15.283,15.3603,15.3885,15.4532,15.4898,15.5436,15.5846,15.631,15.6738,15.7149,15.7654,15.9967,15.193,17.0763,13.6943,19.5479,10.6481,23.9043,5.17494,31.0058,-3.68905,41.9821,-17.2838,58.36,-35.2468,76.1745
13.7674,14.5274,14.295,14.6173,14.4895,14.7575,14.6642,14.9018,14.8258,15.0447,14.9791,15.1823,15.1258,15.3134,15.2664,15.4364,15.4015,15.5528,15.532,15.6645,15.6583,15.7722,15.7793,15.8749,15.8936,15.973,16.0021,16.0685,16.1062,16.1616,16.2037,16.2514,16.2954,16.3376,16.3888,16.6306,15.7969,17.7441,14.2503,20.29,11.1138,24.7728,5.48931,32.0584,-3.5736,43.2224,-17.2951,59.5754,-35.0267,76.1745
15.0065,15.0141,14.8549,15.2017,15.0634,15.339,15.2456,15.4856,15.4122,15.6322,15.5694,15.7739,15.7197,15.909,15.8636,16.0357,16.002,16.1556,16.1356,16.2706,16.265,16.3814,16.389,16.4871,16.5063,16.5878,16.6177,16.6859,16.7246,16.7814,16.8247,16.8737,16.9188,16.9621,17.014,17.2661,16.4029,18.4126,14.8095,21.0308,11.5853,25.6361,5.81475,33.0988,-3.43736,44.4374,-17.2713,60.7574,-34.7905,78.1879
15.0065,15.7182,15.4142,15.7823,15.6446,15.9218,15.8314,16.0721,16.0021,16.2228,16.1629,16.3684,16.3165,16.5073,16.4636,16.6376,16.6051,16.761,16.7417,16.8792,16.8742,16.9929,17.0011,17.1014,17.1213,17.2047,17.2355,17.3053,17.345,17.4032,17.4476,17.4978,17.5441,17.5883,17.6408,17.9032,17.011,19.0818,15.372,21.7702,12.0627,26.4942,6.15129,34.1268,-3.2807,45.6282,-17.2146,61.9094,-34.5348,78.1879
15.5572,16.2818,16.012,16.3561,16.2334,16.5062,16.4214,16.6615,16.5954,16.8162,16.7594,16.9658,16.9162,17.1084,17.0665,17.2422,17.211,17.3689,17.3504,17.4901,17.4857,17.6068,17.6155,17.718,17.7385,17.8238,17.8553,17.9267,17.9674,18.027,18.0724,18.1238,18.1712,18.2163,18.2693,18.542,17.6213,19.7519,15.9378,22.5083,12.5461,27.3469,6.49895,35.1428,-3.10399,46.7958,-17.127,63.0345,-34.2616,79.1946
16.6478,16.6932,16.6436,16.9263,16.8285,17.0925,17.0156,17.2536,17.192,17.4127,17.359,17.5661,17.5189,17.7123,17.6721,17.8495,17.8194,17.9793,17.9617,18.1035,18.0997,18.223,18.2322,18.3368,18.3579,18.445,18.4772,18.5502,18.5918,18.6527,18.6991,18.7516,18.8001,18.8461,18.8995,19.1824,18.2337,20.4226,16.507,23.2449,13.0355,28.1942,6.85769,36.1466,-2.90763,47.9411,-17.0103,64.1355,-33.9856,81.2081
17.1532,17.2312,17.2636,17.5005,17.4283,17.6812,17.6137,17.8487,17.792,18.0122,17.9617,18.1693,18.1245,18.319,18.2806,18.4594,18.4306,18.5922,18.5755,18.7194,18.7161,18.8415,18.8513,18.9578,18.9795,19.0683,19.1013,19.1758,19.2183,19.2804,19.3278,19.3814,19.4309,19.4777,19.5315,19.8244,18.8482,21.0941,17.0795,23.9801,13.531,29.0362,7.22752,37.1386,-2.69205,49.0651,-16.8664,65.215,-33.7028,82.2148
17.7413,17.8226,17.8646,18.0828,18.0313,18.2729,18.2154,18.4467,18.3953,18.6148,18.5674,18.7755,18.733,18.9285,18.8918,19.072,19.0444,19.2078,19.1918,19.3376,19.335,19.4624,19.4726,19.5811,19.6033,19.6938,19.7275,19.8033,19.8467,19.91,19.9584,20.013,20.0635,20.1111,20.1651,20.4681,19.4649,21.7663,17.6554,24.7139,14.0326,29.8729,7.60837,38.1189,-2.45767,50.1686,-16.6968,66.2752,-33.4086,83.2215
18.3901,18.4608,18.4516,18.6731,18.6368,18.868,18.8207,19.0479,19.0017,19.2204,19.1762,19.3847,19.3443,19.5407,19.5058,19.6872,19.6609,19.8258,19.8107,19.9583,19.9563,20.0856,20.0963,20.2066,20.2293,20.3214,20.3557,20.433,20.4772,20.5416,20.5909,20.6464,20.6979,20.7462,20.8005,21.1133,20.0838,22.4392,18.2347,25.4462,14.5402,30.7042,8.0002,39.0876,-2.20491,51.2526,-16.5033,67.3181,-33.1042,84.2282
18.3901,19.1761,19.0394,19.2685,19.2448,19.4668,19.4291,19.6524,19.6113,19.8291,19.7879,19.9967,19.9586,20.1558,20.1226,20.3051,20.2801,20.4464,20.4322,20.5815,20.58,20.7111,20.7223,20.8343,20.8576,20.9512,20.9861,21.0646,21.1096,21.1752,21.2252,21.2818,21.3341,21.3832,21.4376,21.7601,20.7049,23.1128,18.8175,26.177,15.0539,31.5301,8.40297,40.0449,-1.93422,52.318,-16.2874,68.3456,-32.7849,84.2282
19.589,19.6567,19.6594,19.8662,19.8553,20.0695,20.0405,20.2602,20.2239,20.4409,20.4026,20.6118,20.5757,20.7737,20.7421,20.9257,20.9018,21.0695,21.0561,21.207,21.2061,21.3389,21.3506,21.4642,21.488,21.5831,21.6186,21.6983,21.7441,21.8107,21.8615,21.919,21.9722,22.0219,22.0764,22.4085,21.3281,23.787,19.4036,26.9062,15.5737,32.3507,8.81656,40.991,-1.64601,53.3655,-16.0503,69.3592,-32.4628,86.2416
20.1273,20.2204,20.2805,20.4685,20.468,20.6762,20.6549,20.8714,20.8395,21.0559,21.0202,21.2297,21.1957,21.3943,21.3643,21.5489,21.5262,21.6952,21.6826,21.835,21.8346,21.969,21.9811,22.0964,22.1206,22.2171,22.2531,22.3341,22.3805,22.4481,22.4998,22.558,22.6121,22.6625,22.7169,23.0584,21.9534,24.4619,19.9932,27.634,16.0996,33.166,9.24094,41.926,-1.34072,54.3959,-15.7934,70.3606,-32.1396,87.2483
20.7203,20.8189,20.8947,21.0769,21.0829,21.2871,21.2719,21.4861,21.458,21.6739,21.6408,21.8505,21.8185,22.0177,21.9893,22.1747,22.1532,22.3233,22.3115,22.4653,22.4655,22.6015,22.614,22.7307,22.7553,22.8531,22.8898,22.9718,23.0189,23.0874,23.1398,23.1989,23.2538,23.3047,23.3591,23.71,22.581,25.1375,20.5862,28.3603,16.6316,33.9759,9.67599,42.8502,-1.01877,55.4101,-15.518,71.3509,-31.8101,88.255
21.3488,21.4421,21.501,21.6918,21.6999,21.902,21.8916,22.1042,22.0794,22.2951,22.2642,22.4742,22.444,22.6438,22.6169,22.8031,22.7827,22.954,22.9429,23.098,23.0987,23.2361,23.249,23.3672,23.3922,23.4913,23.5284,23.6115,23.6593,23.7287,23.7818,23.8416,23.8973,23.9488,24.0029,24.363,23.2107,25.8136,21.1826,29.085,17.1696,34.7806,10.1216,43.7637,-0.680573,56.4085,-15.2251,72.3316,-31.4749,89.2617
22.0209,22.1017,22.1026,22.3115,22.3194,22.5209,22.5139,22.7259,22.7036,22.9194,22.8905,23.1008,23.0724,23.2727,23.2472,23.4342,23.4148,23.5871,23.5767,23.7331,23.7343,23.8731,23.8864,24.0058,24.0313,24.1315,24.1691,24.2533,24.3016,24.3719,24.4256,24.4861,24.5426,24.5945,24.6485,25.0175,23.8426,26.4904,21.7825,29.8082,17.7136,35.58,10.5777,44.6667,-0.326537,57.3922,-14.9157,73.3034,-31.1347,90.2685
22.0209,22.8275,22.7101,22.9337,22.9418,23.1438,23.1388,23.351,23.3306,23.5468,23.5196,23.7303,23.7035,23.9042,23.8801,24.0677,24.0495,24.2227,24.213,24.3706,24.3722,24.5123,24.5259,24.6466,24.6725,24.7738,24.8119,24.8969,24.9458,25.0169,25.0713,25.1325,25.1895,25.242,25.2957,25.6735,24.4766,27.1677,22.3858,30.5299,18.2636,36.3742,11.0442,45.5594,0.0429556,58.3615,-14.5909,74.2673,-30.7842,90.2685
23.2634,23.3381,23.3466,23.5568,23.5671,23.7704,23.7663,23.9796,23.9603,24.1771,24.1515,24.3625,24.3373,24.5384,24.5157,24.7039,24.6866,24.8607,24.8517,25.0104,25.0124,25.1537,25.1676,25.2896,25.3157,25.4181,25.4566,25.5426,25.592,25.6638,25.7188,25.7806,25.8383,25.8912,25.9445,26.331,25.1127,27.8456,22.9924,31.25,18.8195,37.1632,11.521,46.442,0.427502,59.3171,-14.2514,75.2242,-30.434,92.2819
23.8243,23.9235,23.986,24.1827,24.1953,24.4009,24.3963,24.6116,24.5928,24.8105,24.7861,24.9976,24.9738,25.1753,25.1538,25.3426,25.3262,25.5012,25.4927,25.6524,25.6549,25.7973,25.8116,25.9346,25.9611,26.0645,26.1034,26.1901,26.24,26.3126,26.3681,26.4305,26.4888,26.5421,26.595,26.99,25.751,28.524,23.6024,31.9685,19.3814,37.9471,12.0079,47.3146,0.826744,60.2596,-13.8981,76.1749,-30.0853,93.2886
24.4386,24.5427,24.6204,24.8134,24.8259,25.0351,25.0288,25.2468,25.2281,25.4468,25.4236,25.6353,25.613,25.8148,25.7945,25.9838,25.9683,26.144,26.1362,26.2968,26.2996,26.4431,26.4576,26.5817,26.6085,26.7128,26.7521,26.8396,26.89,26.9631,27.0192,27.0821,27.141,27.1947,27.2471,27.6504,26.3914,29.203,24.2158,32.6856,19.9492,38.7259,12.5049,48.1774,1.24033,61.1894,-13.5318,77.12,-29.7332,94.2953
25.0882,25.187,25.2484,25.4494,25.4589,25.673,25.664,25.8853,25.8661,26.086,26.0638,26.2759,26.2548,26.4569,26.4377,26.6274,26.6127,26.7892,26.7819,26.9434,26.9465,27.091,27.1058,27.2309,27.2579,27.3631,27.4027,27.491,27.5417,27.6156,27.672,27.7354,27.7949,27.8489,27.9008,28.3122,27.0338,29.8826,24.8325,33.4011,20.5227,39.4996,13.0118,49.0306,1.6679,62.1071,-13.1529,78.0601,-29.3776,95.302
25.7781,25.8657,25.8726,26.0901,26.0942,26.3145,26.3019,26.5268,26.5069,26.7281,26.7067,26.9191,26.8992,27.1015,27.0834,27.2736,27.2596,27.4367,27.4299,27.5923,27.5957,27.7411,27.7561,27.8821,27.9094,28.0154,28.0553,28.1442,28.1954,28.2698,28.3267,28.3905,28.4505,28.5048,28.5561,28.9754,27.6784,30.5626,25.4526,34.115,21.1021,40.2684,13.5286,49.8744,2.10912,63.0132,-12.7622,78.9955,-29.0189,96.3087
25.7781,26.6025,26.5017,26.7342,26.7319,26.9595,26.9424,27.1714,27.1504,27.3729,27.3523,27.5649,27.5462,27.7487,27.7316,27.9221,27.9089,28.0865,28.0802,28.2433,28.247,28.3933,28.4085,28.5354,28.5628,28.6696,28.7097,28.7993,28.8508,28.9257,28.983,29.0473,29.1077,29.1623,29.213,29.64,28.3249,31.2431,26.0759,34.8275,21.6872,41.0321,14.055,50.7089,2.5637,63.908,-12.3603,79.9268,-28.652,96.3087
27.0615,27.1407,27.1536,27.3808,27.3721,27.6078,27.5857,27.8188,27.7968,28.0204,28.0005,28.2134,28.1958,28.3984,28.3822,28.573,28.5605,28.7387,28.7328,28.8965,28.9005,29.0476,29.063,29.1906,29.2182,29.3257,29.3661,29.4562,29.508,29.5834,29.6411,29.7057,29.7665,29.8214,29.8714,30.3059,28.9736,31.9241,26.7025,35.5383,22.278,41.7909,14.5909,51.5343,3.03132,64.7918,-11.9475,80.8542,-28.2862,98.3221
27.6442,27.746,27.8062,28.0317,28.0145,28.2592,28.2319,28.469,28.446,28.6706,28.6514,28.8644,28.8478,29.0505,29.0352,29.2264,29.2144,29.3931,29.3876,29.552,29.5561,29.7039,29.7194,29.8478,29.8756,29.9836,30.0243,30.1149,30.167,30.2429,30.3008,30.3658,30.427,30.4821,30.5314,30.9732,29.6242,32.6055,27.3323,36.2477,22.8744,42.5449,15.1364,52.3507,3.51171,65.665,-11.5242,81.7781,-27.9228,99.3289
28.2822,28.3853,28.4513,28.6882,28.6594,28.9136,28.8811,29.1219,29.0979,29.3234,29.305,29.518,29.5024,29.7052,29.6906,29.882,29.8705,30.0497,30.0445,30.2095,30.2138,30.3622,30.3779,30.5069,30.5348,30.6435,30.6843,30.7754,30.8278,30.904,30.9622,31.0275,31.0891,31.1443,31.1928,31.6417,30.2769,33.2874,27.9653,36.9556,23.4764,43.2941,15.6911,53.1583,4.00454,66.528,-11.091,82.699,-27.5569,100.336
28.9647,29.0556,29.0865,29.3501,29.307,29.5706,29.5334,29.7773,29.7527,29.9788,29.9611,30.1741,30.1593,30.3622,30.3483,30.54,30.5289,30.7085,30.7036,30.8691,30.8736,31.0226,31.0384,31.1679,31.196,31.3051,31.3462,31.4376,31.4902,31.5668,31.6253,31.6909,31.7528,31.8081,31.8558,32.3116,30.9315,33.9697,28.6015,37.6619,24.0838,44.0385,16.2551,53.9572,4.50964,67.3811,-10.648,83.6167,-27.1884,101.342
29.7063,29.7743,29.7144,30.016,29.9577,30.2299,30.1888,30.435,30.4103,30.6367,30.6198,30.8326,30.8187,31.0216,31.0083,31.2002,31.1896,31.3695,31.3648,31.5308,31.5354,31.6849,31.7008,31.8308,31.859,31.9686,32.0098,32.1016,32.1544,32.2313,32.29,32.3558,32.418,32.4734,32.5203,32.9827,31.5881,34.6525,29.2409,38.3667,24.6967,44.7782,16.8282,54.7474,5.02666,68.2244,-10.1958,84.5316,-26.8177,102.349
29.7063,30.5789,30.3453,30.6831,30.6122,30.8913,30.8474,31.0952,31.0707,31.297,31.281,31.4936,31.4805,31.6834,31.6706,31.8627,31.8524,32.0327,32.0281,32.1945,32.1992,32.3492,32.3652,32.4956,32.5238,32.6338,32.6752,32.7673,32.8202,32.8974,32.9563,33.0222,33.0847,33.1402,33.1862,33.655,32.2466,35.3357,29.8834,39.0701,25.315,45.5133,17.4102,55.5294,5.55546,69.0583,-9.73427,85.4437,-26.4393,102.349
30.3423,31.2361,31.0035,31.349,31.2709,31.5545,31.5093,31.7575,31.7338,31.9597,31.9446,32.157,32.1446,32.3474,32.3351,32.5274,32.5173,32.6979,32.6935,32.8602,32.865,33.0154,33.0314,33.1623,33.1905,33.3008,33.3423,33.4346,33.4877,33.5651,33.6242,33.6902,33.7529,33.8085,33.8535,34.3286,32.907,36.0191,30.5289,39.772,25.9387,46.2437,18.0011,56.3031,6.09574,69.8829,-9.26387,86.3532,-26.0573,103.356
31.6964,31.7508,31.6853,32.0139,31.934,32.2194,32.1745,32.4221,32.3997,32.6248,32.6108,32.8227,32.811,33.0138,33.0018,33.1942,33.1844,33.3652,33.3609,33.5279,33.5327,33.6834,33.6995,33.8307,33.859,33.9696,34.0111,34.1036,34.1568,34.2344,34.2936,34.3598,34.4226,34.4782,34.5223,35.0033,33.5692,36.703,31.1775,40.4724,26.5676,46.9697,18.6007,57.0684,6.64735,70.6983,-8.78469,87.26,-25.6812,105.369
32.2801,32.364,32.3644,32.68,32.6013,32.8859,32.8429,33.0889,33.0682,33.2922,33.2793,33.4908,33.4796,33.6823,33.6707,33.8632,33.8535,34.0345,34.0303,34.1976,34.2024,34.3533,34.3694,34.5008,34.5292,34.64,34.6816,34.7742,34.8276,34.9053,34.9645,35.0308,35.0938,35.1494,35.1925,35.6792,34.2335,37.3873,31.8291,41.1713,27.2017,47.6911,19.2089,57.8258,7.21006,71.5049,-8.29693,88.1643,-25.3075,106.376
32.9546,33.0357,33.0329,33.3487,33.2729,33.5539,33.5146,33.7578,33.7393,33.962,33.9502,34.1612,34.1505,34.3531,34.3417,34.5344,34.5247,34.7059,34.7017,34.8692,34.874,35.0251,35.0412,35.1727,35.2011,35.3121,35.3537,35.4465,35.4998,35.5777,35.637,35.7032,35.7664,35.822,35.864,36.3563,34.8995,38.0719,32.4837,41.8688,27.8409,48.408,19.8257,58.5753,7.78369,72.3026,-7.80064,89.0662,-24.9316,107.383
33.7019,33.7667,33.6922,34.0193,33.9486,34.2234,34.1893,34.4288,34.413,34.6341,34.6234,34.8338,34.8236,35.0261,35.0148,35.2076,35.1978,35.3792,35.375,35.5426,35.5474,35.6986,35.7147,35.8464,35.8747,35.9858,36.0275,36.1203,36.1737,36.2516,36.311,36.3772,36.4404,36.4959,36.5369,37.0345,35.5672,38.7567,33.1413,42.5648,28.4852,49.1206,20.4508,59.3168,8.36808,73.0916,-7.29594,89.9654,-24.5533,108.389
33.7019,34.5807,34.353,34.6902,34.6286,34.8944,34.8671,35.102,35.0891,35.3085,35.2988,35.5087,35.4988,35.7012,35.69,35.8828,35.873,36.0545,36.0502,36.2179,36.2226,36.374,36.39,36.5217,36.55,36.6612,36.7028,36.7956,36.8491,36.927,36.9863,37.0525,37.1159,37.1713,37.2112,37.7138,36.2369,39.442,33.8017,43.2594,29.1344,49.8289,21.0842,60.0507,8.96304,73.872,-6.78291,90.862,-24.168,108.389
34.34,35.2594,35.0377,35.3594,35.3128,35.5671,35.5476,35.7774,35.7677,35.9851,35.9765,36.1858,36.1761,36.3785,36.3672,36.5601,36.5502,36.7317,36.7273,36.8951,36.8996,37.051,37.0669,37.1987,37.227,37.3382,37.3797,37.4725,37.5259,37.6039,37.6632,37.7293,37.7926,37.8479,37.8867,38.3943,36.9083,40.1275,34.465,43.9526,29.7887,50.5328,21.7257,60.7767,9.56843,74.6439,-6.26156,91.7561,-23.7787,109.396
35.7414,35.7994,35.7459,36.0272,36.0007,36.2417,36.2308,36.455,36.4486,36.664,36.6563,36.8651,36.8555,37.0578,37.0464,37.2393,37.2292,37.4108,37.4062,37.574,37.5784,37.7298,37.7456,37.8774,37.9056,38.0167,38.0582,38.1509,38.2043,38.2822,38.3414,38.4074,38.4708,38.5259,38.5636,39.0756,37.5814,40.8133,35.1312,44.6444,30.4477,51.2325,22.3753,61.4954,10.1841,75.4074,-5.73187,92.6473,-23.3948,111.409
36.3272,36.423,36.4571,36.6957,36.6917,36.9183,36.9165,37.1349,37.1317,37.3451,37.3382,37.5465,37.5369,37.7391,37.7275,37.9204,37.9102,38.0917,38.0869,38.2547,38.259,38.4103,38.4259,38.5576,38.5857,38.6968,38.7381,38.8308,38.8841,38.9619,39.021,39.0869,39.1502,39.2052,39.2417,39.7581,38.2562,41.4994,35.8001,45.3348,31.1115,51.9281,23.0329,62.2065,10.8099,76.1624,-5.19389,93.5355,-23.0129,112.416
36.9746,37.0847,37.1652,37.3669,37.3853,37.5973,37.6045,37.817,37.8169,38.0285,38.0223,38.23,38.2203,38.4224,38.4105,38.6035,38.5929,38.7745,38.7694,38.9371,38.9413,39.0924,39.1079,39.2394,39.2674,39.3783,39.4196,39.5121,39.5653,39.643,39.702,39.7677,39.831,39.8858,39.921,40.4416,38.9327,42.1858,36.4718,46.0238,31.7802,52.6195,23.6983,62.9101,11.4457,76.9092,-4.64756,94.4208,-22.6286,113.423
37.6479,37.7652,37.8689,38.042,38.0809,38.2788,38.2945,38.5016,38.5043,38.714,38.7083,38.9156,38.9057,39.1077,39.0955,39.2884,39.2775,39.459,39.4537,39.6213,39.6252,39.7761,39.7915,39.9228,39.9507,40.0614,40.1025,40.1949,40.2479,40.3255,40.3843,40.4498,40.513,40.5676,40.6017,41.1261,39.6109,42.8724,37.1462,46.7114,32.4533,53.3069,24.3713,63.6065,12.0915,77.6475,-4.09283,95.3031,-22.2417,114.43
38.3341,38.4547,38.5694,38.7214,38.7779,38.963,38.9864,39.1885,39.1936,39.4017,39.3963,39.6032,39.593,39.795,39.7823,39.9752,39.9639,40.1453,40.1397,40.3071,40.3108,40.4615,40.4767,40.6077,40.6354,40.7459,40.7869,40.879,40.9319,41.0093,41.0679,41.1332,41.1963,41.2507,41.2834,41.8115,40.2907,43.5592,37.8233,47.3977,33.1312,53.9902,25.0521,64.2955,12.747,78.3774,-3.52964,96.1819,-21.8524,115.436
39.0271,39.1488,39.268,39.4054,39.4761,39.6502,39.6801,39.8778,39.8848,40.0915,40.0863,40.2929,40.2822,40.4841,40.4709,40.6638,40.6521,40.8332,40.8273,40.9945,40.9979,41.1483,41.1634,41.2941,41.3217,41.4319,41.4727,41.5645,41.6172,41.6944,41.7529,41.8179,41.8808,41.9349,41.9664,42.498,40.9721,44.2464,38.503,48.0826,33.8134,54.6696,25.7403,64.9774,13.4122,79.099,-2.9579,97.0574,-21.4604,116.443
39.7236,39.8456,39.9661,40.0939,40.175,40.3405,40.3754,40.5696,40.5779,40.7835,40.7781,40.9845,40.9732,41.1751,41.1614,41.3541,41.3419,41.5229,41.5166,41.6835,41.6867,41.8368,41.8516,41.982,42.0094,42.1193,42.1598,42.2513,42.3039,42.3808,42.439,42.5037,42.5665,42.6204,42.6506,43.1852,41.6552,44.9336,39.1853,48.7663,34.5002,55.3451,26.436,65.6522,14.087,79.8122,-2.37754,97.929,-21.0657,117.45
40.4227,40.5444,40.6649,40.7865,40.8747,41.0339,41.0722,41.2638,41.2728,41.4776,41.4718,41.6781,41.666,41.868,41.8535,42.0462,42.0335,42.2143,42.2076,42.3741,42.377,42.5267,42.5413,42.6713,42.6985,42.808,42.8483,42.9395,42.9918,43.0685,43.1265,43.1909,43.2534,43.307,43.3359,43.8735,42.3397,45.6211,39.8703,49.4486,35.1913,56.0167,27.1389,66.3198,14.7713,80.517,-1.78841,98.7967,-20.6683,118.456
41.1237,41.2449,41.3651,41.483,41.575,41.7305,41.7703,41.9604,41.9694,42.1738,42.1673,42.3735,42.3607,42.5627,42.5474,42.74,42.7267,42.9072,42.9001,43.0662,43.0689,43.2181,43.2325,43.362,43.389,43.4981,43.5382,43.629,43.681,43.7575,43.8151,43.8792,43.9415,43.9948,44.0223,44.5626,43.0259,46.3088,40.5577,50.1295,35.8867,56.6845,27.8491,66.9805,15.465,81.2134,-1.19043,99.6603,-20.268,119.463
41.8264,41.9472,42.0669,42.1834,42.2757,42.4302,42.4699,42.6593,42.6678,42.872,42.8646,43.0709,43.0571,43.2591,43.243,43.4355,43.4216,43.6018,43.5942,43.7599,43.7623,43.911,43.9251,44.0541,44.0809,44.1895,44.2294,44.3197,44.3715,44.4476,44.5049,44.5686,44.6306,44.6836,44.7098,45.2526,43.7134,46.9966,41.2476,50.8092,36.5865,57.3486,28.5664,67.6342,16.1681,81.9014,-0.583447,100.52,-19.8648,120.47
42.5308,42.6511,42.7705,42.8874,42.9771,43.133,43.1707,43.3606,43.3678,43.5722,43.5636,43.7701,43.7552,43.9572,43.9403,44.1325,44.1181,44.2979,44.2899,44.4551,44.4571,44.6052,44.6191,44.7476,44.7741,44.8823,44.9218,45.0117,45.0632,45.1389,45.1959,45.2592,45.3209,45.3736,45.3984,45.9434,44.4025,47.6847,41.9399,51.4877,37.2903,58.0089,29.2907,68.281,16.8804,82.5807,0.032691,101.374,-19.4586,121.477
43.2368,43.3565,43.4756,43.5952,43.6789,43.8389,43.8729,44.0642,44.0695,44.2743,44.2644,44.4711,44.455,44.657,44.6392,44.8313,44.8161,44.9955,44.987,45.1517,45.1534,45.3009,45.3145,45.4423,45.4686,45.5763,45.6155,45.7049,45.756,45.8314,45.8881,45.9509,46.0123,46.0646,46.0881,46.635,45.0931,48.3728,42.6347,52.1649,37.9983,58.6656,30.022,68.921,17.6018,83.2514,0.658144,102.224,-19.0493,122.483
43.9443,44.0634,44.1818,44.3068,44.3813,44.5476,44.5765,44.7699,44.7728,44.9784,44.9668,45.1738,45.1564,45.3585,45.3397,45.5315,45.5157,45.6946,45.6857,45.8497,45.8511,45.998,46.0113,46.1384,46.1644,46.2715,46.3104,46.3993,46.4501,46.525,46.5814,46.6437,46.7048,46.7567,46.7788,47.3275,45.7851,49.0612,43.3317,52.8408,38.7103,59.3188,30.7601,69.5541,18.3324,83.9136,1.29308,103.069,-18.6368,123.49
44.6538,44.7717,44.8882,45.0224,45.0843,45.259,45.2814,45.4779,45.4777,45.6844,45.6709,45.8783,45.8595,46.0616,46.0418,46.2333,46.2168,46.3951,46.3857,46.5492,46.5502,46.6963,46.7093,46.8358,46.8615,46.968,47.0065,47.0949,47.1453,47.2198,47.2757,47.3375,47.3983,47.4499,47.4705,48.0207,46.4785,49.7497,44.0312,53.5155,39.4263,59.9683,31.5049,70.1804,19.0721,84.567,1.93764,103.908,-18.221,124.497
45.366,45.4819,45.5939,45.7421,45.7882,45.9728,45.9878,46.1878,46.1842,46.3922,46.3766,46.5845,46.5642,46.7663,46.7454,46.9367,46.9193,47.0972,47.0872,47.25,47.2506,47.396,47.4087,47.5344,47.5599,47.6657,47.7038,47.7916,47.8416,47.9156,47.9711,48.0324,48.0928,48.144,48.1632,48.7146,47.1732,50.4382,44.7329,54.189,40.1461,60.6144,32.2563,70.8001,19.8207,85.2117,2.59202,104.741,-17.8017,125.503
46.0832,46.1952,46.2974,46.4657,46.4931,46.689,46.6957,46.8998,46.8923,47.1018,47.0839,47.2923,47.2705,47.4725,47.4505,47.6415,47.6233,47.8006,47.7901,47.9522,47.9524,48.097,48.1094,48.2343,48.2594,48.3646,48.4023,48.4895,48.539,48.6126,48.6676,48.7284,48.7883,48.8391,48.857,49.4094,47.8694,51.1269,45.4369,54.8613,40.8698,61.257,33.0144,71.413,20.5783,85.8475,3.25641,105.569,-17.3788,126.51
46.8098,46.9146,46.9976,47.1929,47.1995,47.4072,47.4052,47.6136,47.602,47.8131,47.7927,48.0017,47.9783,48.1803,48.1571,48.3477,48.3288,48.5054,48.4943,48.6557,48.6555,48.7992,48.8112,48.9353,48.9602,49.0646,49.1018,49.1884,49.2375,49.3106,49.3652,49.4253,49.485,49.5351,49.5517,50.1048,48.5667,51.8157,46.143,55.5323,41.5973,61.8962,33.7788,72.0193,21.3448,86.4744,3.931,106.39,-16.9522,127.517
47.5542,47.646,47.6934,47.923,47.9076,48.1272,48.1163,48.3293,48.3132,48.5262,48.5032,48.7128,48.6876,48.8895,48.8652,49.0553,49.0356,49.2116,49.2,49.3604,49.3599,49.5027,49.5144,49.6375,49.6621,49.7657,49.8025,49.8884,49.9372,50.0095,50.0638,50.1233,50.1824,50.2321,50.2473,50.801,49.2656,52.5047,46.8513,56.2023,42.3286,62.5321,34.5496,72.6191,22.1201,87.0924,4.61597,107.205,-16.5216,128.523
48.3309,48.4002,48.385,48.655,48.6179,48.8488,48.8291,49.0467,49.026,49.2408,49.2152,49.4253,49.3984,49.6003,49.5748,49.7643,49.7439,49.919,49.9069,50.0665,50.0655,50.2073,50.2187,50.3409,50.3651,50.468,50.5043,50.5896,50.6378,50.7095,50.7633,50.8222,50.8809,50.9301,50.9439,51.4978,49.9656,53.1937,47.5618,56.8711,43.0634,63.1646,35.3268,73.2122,22.9042,87.7012,5.31156,108.012,-16.087,129.53
49.1527,49.1962,49.075,49.3872,49.3308,49.5717,49.5437,49.7657,49.7404,49.9571,49.9286,50.1394,50.1107,50.3124,50.2857,50.4747,50.4534,50.6278,50.6151,50.7738,50.7723,50.9132,50.9242,51.0454,51.0692,51.1712,51.2072,51.2917,51.3393,51.4105,51.4638,51.522,51.5802,51.6289,51.6413,52.1953,50.6669,53.8827,48.2743,57.5387,43.8018,63.7939,36.1101,73.7987,23.6971,88.3009,6.01796,108.813,-15.6485,130.537
49.1527,50.0592,49.7709,50.1179,50.0466,50.2959,50.26,50.4863,50.4563,50.6749,50.6436,50.8549,50.8244,51.0259,50.998,51.1864,51.1643,51.3379,51.3245,51.4822,51.4804,51.6202,51.6308,51.751,51.7744,51.8756,51.9111,51.9948,52.0419,52.1125,52.1653,52.2228,52.2804,52.3287,52.3397,52.8934,51.3695,54.5719,48.989,58.2053,44.5437,64.42,36.8995,74.3787,24.4987,88.8912,6.73536,109.606,-15.2011,130.537
49.8304,50.8295,50.4866,50.8456,50.7655,51.0212,50.9781,51.2085,51.1738,51.3942,51.36,51.5719,51.5395,51.7408,51.7117,51.8994,51.8765,52.0491,52.0352,52.1919,52.1896,52.3283,52.3385,52.4577,52.4807,52.5809,52.616,52.6988,52.7454,52.8154,52.8677,52.9245,52.9815,53.0293,53.0389,53.5922,52.0732,55.2611,49.7056,58.8707,45.2891,65.0431,37.695,74.9524,25.3089,89.4723,7.46398,110.391,-14.7481,131.544
50.5979,51.5038,51.2255,51.5702,51.4875,51.7476,51.698,51.9321,51.8928,52.115,52.0779,52.2903,52.256,52.4571,52.4267,52.6137,52.59,52.7616,52.7471,52.9027,52.8999,53.0375,53.0474,53.1654,53.188,53.2873,53.3218,53.4038,53.45,53.5194,53.5709,53.627,53.6836,53.7307,53.739,54.2915,52.7782,55.9503,50.4242,59.5349,46.0378,65.6629,38.4963,75.5195,26.1277,90.044,8.20407,111.168,-14.2917,132.55
52.0676,52.0942,51.9807,52.293,52.2122,52.4751,52.4196,52.657,52.6134,52.8373,52.7972,53.01,52.9738,53.1746,53.143,53.3292,53.3046,53.4753,53.4602,53.6146,53.6114,53.7478,53.7573,53.8743,53.8964,53.9947,54.0286,54.1099,54.1555,54.224,54.275,54.3305,54.3864,54.433,54.4399,54.9915,53.4842,56.6396,51.1448,60.1981,46.7899,66.2797,39.3035,76.0802,26.9551,90.6063,8.95585,111.936,-13.837,134.564
52.6874,52.7559,52.7377,53.0158,52.9392,53.2036,53.143,53.3834,53.3354,53.5609,53.5179,53.7311,53.6931,53.8934,53.8606,54.0459,54.0206,54.1901,54.1744,54.3277,54.324,54.4591,54.4683,54.584,54.6057,54.7031,54.7365,54.8168,54.8618,54.9297,54.9802,55.0347,55.09,55.1361,55.1415,55.6921,54.1915,57.3289,51.8673,60.8602,47.5452,66.8934,40.1165,76.6346,27.7911,91.159,9.71949,112.695,-13.3802,135.57
53.3696,53.4543,53.4904,53.7407,53.6681,53.9333,53.8682,54.111,54.0589,54.2858,54.24,54.4534,54.4136,54.6134,54.5794,54.7638,54.7377,54.9061,54.8898,55.0418,55.0377,55.1716,55.1802,55.2948,55.3162,55.4124,55.4452,55.5246,55.569,55.6361,55.686,55.7398,55.7944,55.8399,55.8441,56.3932,54.8998,58.0183,52.5916,61.5212,48.3038,67.5042,40.9351,77.1826,28.6356,91.7021,10.4952,113.446,-12.9184,136.577
54.0811,54.1733,54.2363,54.4688,54.3987,54.6642,54.595,54.84,54.7839,55.0121,54.9634,55.1771,55.1354,55.3347,55.2995,55.4829,55.4559,55.6232,55.6062,55.757,55.7524,55.8849,55.8932,56.0065,56.0274,56.1226,56.1548,56.2333,56.277,56.3435,56.3927,56.4457,56.4997,56.5446,56.5474,57.0949,55.6093,58.7076,53.3178,62.1812,49.0654,68.1121,41.7594,77.7242,29.4885,92.2353,11.2833,114.186,-12.4507,137.584
54.812,54.9051,54.9743,55.2009,55.1305,55.3963,55.3235,55.5702,55.5104,55.7396,55.6882,55.9019,55.8584,56.0571,56.0207,56.2031,56.1753,56.3413,56.3238,56.4732,56.4681,56.5993,56.6072,56.7192,56.7396,56.8337,56.8653,56.9429,56.9859,57.0516,57.1002,57.1523,57.2056,57.25,57.2514,57.7971,56.3198,59.397,54.0458,62.8402,49.8302,68.7171,42.5891,78.2595,30.3498,92.7588,12.0839,114.917,-11.9772,138.591
55.5598,55.6476,55.7046,55.9371,55.8636,56.1296,56.0535,56.3016,56.2383,56.4683,56.4143,56.628,56.5828,56.7806,56.7431,56.9244,56.8958,57.0605,57.0423,57.1904,57.1849,57.3147,57.3222,57.4327,57.4527,57.5456,57.5767,57.6533,57.6956,57.7605,57.8084,57.8598,57.9124,57.9561,57.9563,58.4998,57.0313,60.0864,54.7755,63.4981,50.5979,69.3193,43.4243,78.7886,31.2195,93.2724,12.8973,115.637,-11.4975,139.597
56.3283,56.4036,56.4278,56.6769,56.5979,56.8641,56.7852,57.0342,56.9676,57.1983,57.1418,57.3552,57.3083,57.5054,57.4668,57.6468,57.6174,57.7808,57.762,57.9086,57.9026,58.031,58.038,58.1472,58.1667,58.2584,58.2889,58.3645,58.4061,58.4702,58.5175,58.568,58.6198,58.663,58.6618,59.203,57.7439,60.7758,55.507,64.1551,51.3686,69.9187,44.2648,79.3113,32.0976,93.7762,13.7237,116.347,-11.0113,140.604
57.128,57.1814,57.1453,57.4194,57.3335,57.5998,57.5183,57.768,57.6982,57.9295,57.8705,58.0836,58.035,58.2312,58.1915,58.3703,58.34,58.502,58.4826,58.6277,58.6213,58.7481,58.7548,58.8626,58.8816,58.9722,59.0019,59.0764,59.1174,59.1807,59.2272,59.2768,59.3281,59.3705,59.368,59.9067,58.4576,61.4652,56.2402,64.811,52.1422,70.5154,45.1106,79.828,32.9839,94.2699,14.5633,117.045,-10.5182,141.611
57.9652,57.9961,57.8607,58.1633,58.0707,58.3367,58.2529,58.503,58.4303,58.6617,58.6005,58.8131,58.763,58.9581,58.9173,59.0948,59.0637,59.2242,59.2043,59.3479,59.3409,59.4662,59.4725,59.5788,59.5974,59.6866,59.7158,59.7893,59.8294,59.8919,59.9377,59.9865,60.0368,60.0787,60.0749,60.6109,59.1721,62.1545,56.9751,65.466,52.9187,71.1093,45.9615,80.3382,33.8785,94.7534,15.4164,117.732,-10.0187,142.617
57.9652,58.8666,58.5808,58.907,58.8096,59.0748,58.989,59.2391,59.1637,59.3951,59.3317,59.5437,59.4921,59.6861,59.6442,59.8202,59.7884,59.9475,59.9269,60.0689,60.0614,60.1853,60.191,60.2959,60.3139,60.4019,60.4303,60.5027,60.5422,60.6039,60.6489,60.6968,60.7464,60.7875,60.7826,61.3155,59.8877,62.8438,57.7116,66.12,53.6979,71.7007,46.8175,80.8425,34.7814,95.2268,16.2831,118.407,-9.50719,142.617
58.6441,59.654,59.3167,59.6494,59.5503,59.814,59.7264,59.9763,59.8984,60.1296,60.0642,60.2753,60.2223,60.4151,60.3721,60.5467,60.5141,60.6716,60.6505,60.7908,60.7829,60.9051,60.9105,61.0138,61.0312,61.118,61.1457,61.217,61.2557,61.3166,61.3607,61.4078,61.4566,61.497,61.4908,62.0205,60.6042,63.5331,58.4496,66.7731,54.4798,72.2894,47.6786,81.3405,35.6925,95.6903,17.1637,119.069,-8.98765,143.624
59.4249,60.3524,60.0713,60.3901,60.2928,60.5544,60.4652,60.7146,60.6345,60.8652,60.7979,61.008,60.9537,61.145,61.1012,61.2742,61.2409,61.3967,61.375,61.5136,61.5052,61.6257,61.6307,61.7324,61.7493,61.8347,61.8619,61.932,61.9699,62.0298,62.0733,62.1194,62.1674,62.2072,62.1997,62.7261,61.3217,64.2224,59.1892,67.4252,55.2644,72.8755,48.5446,81.8325,36.6117,96.1433,18.0584,119.719,-8.46045,144.631
60.9626,60.9717,60.8396,61.1299,61.0369,61.296,61.2054,61.454,61.3718,61.6018,61.5328,61.7417,61.6861,61.876,61.8312,62.0026,61.9686,62.1226,62.1004,62.2372,62.2284,62.3472,62.3517,62.4519,62.4682,62.5523,62.5788,62.6477,62.6849,62.7438,62.7865,62.8317,62.8788,62.918,62.9093,63.4319,62.04,64.9116,59.9305,68.0765,56.0516,73.4593,49.4154,82.3183,37.539,96.586,18.9674,120.355,-7.93158,146.644
61.6018,61.6526,61.6105,61.87,61.7824,62.0388,61.9468,62.1945,62.1104,62.3394,62.2688,62.4764,62.4197,62.608,62.5622,62.7319,62.6972,62.8495,62.8266,62.9617,62.9524,63.0694,63.0735,63.172,63.1879,63.2706,63.2962,63.3641,63.4004,63.4584,63.5003,63.5446,63.5908,63.6294,63.6194,64.1381,62.7592,65.6008,60.6731,68.7267,56.8414,74.0407,50.291,82.798,38.4744,97.0183,19.8909,120.978,-7.39615,147.651
62.2997,62.3666,62.3789,62.6117,62.529,62.7829,62.6895,62.936,62.8502,63.078,63.006,63.2121,63.1542,63.3409,63.2942,63.4621,63.4268,63.5772,63.5538,63.687,63.6772,63.7924,63.7961,63.893,63.9082,63.9896,64.0145,64.0812,64.1166,64.1737,64.2148,64.2581,64.3035,64.3412,64.3302,64.8447,63.4793,66.2899,61.4172,69.3761,57.6337,74.6195,51.1712,83.2717,39.4178,97.4404,20.8292,121.587,-6.85256,148.658
63.0247,63.1001,63.1423,63.356,63.2766,63.5282,63.4334,63.6786,63.5912,63.8176,63.7443,63.9487,63.8899,64.0748,64.0272,64.1933,64.1572,64.3057,64.2818,64.4131,64.4028,64.5162,64.5194,64.6146,64.6292,64.7093,64.7334,64.7989,64.8336,64.8895,64.9298,64.9722,65.0168,65.0537,65.0416,65.5518,64.2002,66.9789,62.1628,70.0246,58.4284,75.1959,52.056,83.7395,40.3693,97.8518,21.7824,122.181,-6.29922,149.664
63.7675,63.8455,63.8999,64.1035,64.025,64.2747,64.1786,64.4221,64.3335,64.5581,64.4837,64.6863,64.6265,64.8095,64.7611,64.9252,64.8885,65.035,65.0106,65.14,65.1292,65.2407,65.2435,65.337,65.351,65.4296,65.453,65.5172,65.5511,65.6061,65.6454,65.6869,65.7305,65.7668,65.7534,66.2591,64.9219,67.668,62.9098,70.6722,59.2255,75.7701,52.9454,84.2013,41.3285,98.2529,22.7507,122.761,-5.736,150.671
64.5238,64.5996,64.6513,64.8544,64.7741,65.0225,64.9249,65.1667,65.0769,65.2997,65.2243,65.4248,65.3641,65.5451,65.4959,65.6581,65.6207,65.7653,65.7402,65.8676,65.8564,65.966,65.9683,66.0601,66.0734,66.1506,66.1732,66.2362,66.2692,66.3231,66.3616,66.402,66.4448,66.4804,66.4659,66.9669,65.6444,68.3569,63.6582,71.3191,60.0251,76.3419,53.8392,84.6568,42.2957,98.6434,23.7344,123.325,-5.16255,151.678
65.2943,65.3627,65.3968,65.6088,65.5239,65.7714,65.6725,65.9123,65.8215,66.0421,65.9659,66.1642,66.1028,66.2816,66.2317,66.3917,66.3537,66.4961,66.4707,66.596,66.5843,66.6919,66.6937,66.7838,66.7965,66.8722,66.8939,66.9557,66.9879,67.0407,67.0783,67.1178,67.1596,67.1944,67.1789,67.6748,66.3678,69.0457,64.4078,71.9651,60.8267,76.9118,54.7373,85.1068,43.2708,99.0237,24.7336,123.873,-4.57846,152.685
66.0835,66.1384,66.137,66.3659,66.2745,66.5216,66.4212,66.6589,66.5673,66.7854,66.7086,66.9044,66.8424,67.0189,66.9683,67.1262,67.0875,67.2279,67.2019,67.3251,67.313,67.4186,67.4199,67.5081,67.5201,67.5944,67.6153,67.6758,67.7072,67.7588,67.7957,67.8341,67.875,67.909,67.8923,68.3831,67.0918,69.7344,65.1588,72.6102,61.6306,77.4791,55.6397,85.5506,44.2538,99.393,25.7484,124.405,-3.98324,153.691
66.9008,66.9342,66.8735,67.1252,67.0262,67.2729,67.1711,67.4064,67.3142,67.5297,67.4523,67.6455,67.5828,67.7571,67.7058,67.8614,67.8222,67.9603,67.9338,68.0547,68.0423,68.1458,68.1467,68.2331,68.2444,68.3172,68.3375,68.3966,68.427,68.4775,68.5135,68.5509,68.5908,68.6241,68.6064,69.0918,67.8167,70.4232,65.9112,73.2544,62.4368,78.0445,56.5463,85.9887,45.2443,99.752,26.7792,124.92,-3.3761,154.698
67.748,67.7623,67.609,67.8855,67.779,68.0252,67.9222,68.1548,68.0623,68.2748,68.197,68.3876,68.3243,68.4961,68.4442,68.5974,68.5576,68.6935,68.6666,68.7853,68.7723,68.8738,68.8742,68.9587,68.9694,69.0405,69.0601,69.1178,69.1473,69.1966,69.2318,69.2682,69.3071,69.3396,69.3208,69.8007,68.5422,71.1118,66.6647,73.8981,63.2451,78.6076,57.4569,86.4211,46.2425,100.1,27.8261,125.418,-2.75805,155.705
67.748,68.6366,68.3491,68.6459,68.5331,68.7786,68.6745,68.9042,68.8115,69.0208,68.9427,69.1304,69.0667,69.236,69.1833,69.3343,69.2938,69.4275,69.4,69.5164,69.503,69.6024,69.6023,69.6849,69.6948,69.7645,69.7832,69.8396,69.8682,69.9164,69.9507,69.9861,70.0238,70.0556,70.0359,70.5099,69.2686,71.8002,67.4195,74.5407,64.0555,79.1689,58.3717,86.8475,47.2483,100.438,28.8892,125.898,-2.12226,155.705
68.4255,69.4373,69.102,69.4055,69.2887,69.533,69.4279,69.6545,69.5617,69.7677,69.6896,69.8741,69.8099,69.9765,69.9233,70.0718,70.0308,70.162,70.134,70.2482,70.2343,70.3315,70.331,70.4117,70.4209,70.4889,70.5068,70.5619,70.5895,70.6365,70.67,70.7042,70.741,70.772,70.7514,71.2193,69.9956,72.4887,68.1755,75.1827,64.868,79.728,59.2902,87.2681,48.2619,100.765,29.9686,126.361,-1.47403,156.711
69.2159,70.1566,69.8698,70.1643,70.0458,70.2884,70.1826,70.4057,70.3131,70.5154,70.4372,70.6186,70.5541,70.7179,70.6641,70.81,70.7684,70.8973,70.8689,70.9806,70.9664,71.0611,71.0602,71.139,71.1476,71.214,71.231,71.2847,71.3114,71.3572,71.3897,71.4229,71.4587,71.4888,71.4673,71.9291,70.7231,73.1769,68.9327,75.8237,65.6823,80.2852,60.2129,87.6831,49.2829,101.082,31.0648,126.805,-0.811346,157.718
70.8149,70.8027,70.6487,70.9226,70.8043,71.0446,70.9384,71.1578,71.0655,71.264,71.1858,71.3639,71.2991,71.46,71.4057,71.5489,71.5069,71.6332,71.6044,71.7136,71.699,71.7915,71.79,71.8669,71.8747,71.9395,71.9558,72.008,72.0337,72.0784,72.1099,72.142,72.1768,72.2062,72.1836,72.6389,71.4514,73.8652,69.6911,76.4641,66.4986,80.8407,61.139,88.0922,50.3114,101.388,32.1776,127.229,-0.141821,159.732
71.4734,71.5019,71.4298,71.6814,71.5643,71.8017,71.6955,71.9107,71.819,72.0134,71.9355,72.11,72.0449,72.2028,72.148,72.2886,72.2461,72.3698,72.3405,72.4473,72.4322,72.5224,72.5205,72.5953,72.6024,72.6655,72.681,72.7318,72.7566,72.7999,72.8307,72.8616,72.8952,72.9238,72.9004,73.3492,72.1804,74.5533,70.4505,77.1038,67.3168,81.3938,62.069,88.4959,51.3473,101.683,33.3073,127.635,0.541365,160.738
72.1886,72.2314,72.2087,72.4414,72.3256,72.5597,72.4537,72.6646,72.5736,72.7637,72.6859,72.8569,72.7916,72.9464,72.8912,73.0289,72.9859,73.1069,73.0772,73.1816,73.1659,73.2538,73.2514,73.3242,73.3306,73.3921,73.4066,73.456,73.4798,73.5219,73.5517,73.5816,73.6141,73.6419,73.6177,74.0596,72.91,75.2411,71.2112,77.7425,68.1368,81.9453,63.0025,88.894,52.3907,101.968,34.4538,128.021,1.2384,161.745
72.9309,72.9805,72.9832,73.2033,73.0882,73.3186,73.2132,73.4193,73.3292,73.5148,73.4375,73.6046,73.5391,73.6908,73.635,73.7699,73.7264,73.8449,73.8146,73.9163,73.9003,73.9858,73.9829,74.0538,74.0593,74.119,74.1328,74.1806,74.2035,74.2444,74.2732,74.3019,74.3334,74.3604,74.3353,74.7701,73.6401,75.929,71.9726,78.3807,68.9588,82.4949,63.9395,89.2864,53.4412,102.243,35.6178,128.386,1.95142,162.752
73.6938,73.7437,73.7524,73.9675,73.8521,74.0784,73.9739,74.1749,74.0859,74.2667,74.1897,74.3531,74.2874,74.4358,74.3796,74.5116,74.4676,74.5833,74.5526,74.6517,74.6351,74.7182,74.715,74.7837,74.7884,74.8465,74.8594,74.9057,74.9276,74.9671,74.9951,75.0226,75.053,75.0792,75.0533,75.4808,74.3708,76.6166,72.7352,79.0182,69.7824,83.0431,64.88,89.6731,54.4991,102.507,36.7989,128.73,2.68085,163.758
74.4753,74.5195,74.5161,74.7339,74.6172,74.839,74.7359,74.9314,74.8436,75.0195,74.943,75.1023,75.0365,75.1815,75.1249,75.2539,75.2094,75.3223,75.2912,75.3876,75.3706,75.4513,75.4475,75.5141,75.5181,75.5744,75.5864,75.6312,75.6522,75.6905,75.7174,75.7438,75.7729,75.7983,75.7718,76.1918,75.1022,77.3043,73.499,79.6548,70.6077,83.5894,65.8239,90.0544,55.5642,102.76,37.9973,129.053,3.42711,164.765
75.278,75.3099,75.275,75.5024,75.3838,75.6004,75.499,75.6887,75.6023,75.7731,75.6971,75.8523,75.7864,75.9279,75.8709,75.9967,75.9519,76.062,76.0303,76.1241,76.1066,76.1848,76.1804,76.245,76.2482,76.3026,76.3139,76.3572,76.3771,76.4141,76.44,76.4653,76.4933,76.5177,76.4904,76.9029,75.834,77.9918,74.2633,80.2908,71.4348,84.1339,66.771,90.4304,56.6363,103.004,39.2133,129.354,4.1909,165.772
76.1087,76.1204,76.0306,76.2723,76.152,76.3627,76.2634,76.4469,76.362,76.5275,76.4521,76.6031,76.537,76.6751,76.6176,76.7403,76.695,76.802,76.7701,76.861,76.8431,76.9188,76.9139,76.9763,76.9787,77.0314,77.0419,77.0835,77.1023,77.1379,77.1629,77.1871,77.2139,77.2375,77.2095,77.6142,76.5666,78.6791,75.0291,80.9264,72.2633,84.6769,67.7212,90.8007,57.7155,103.237,40.4469,129.634,4.97326,166.779
76.9645,76.9609,76.7856,77.0429,76.9217,77.1258,77.0291,77.206,77.1228,77.2828,77.2081,77.3546,77.2885,77.4229,77.365,77.4843,77.4386,77.5427,77.5104,77.5985,77.5801,77.6532,77.6478,77.7081,77.7097,77.7604,77.7701,77.8101,77.8279,77.8623,77.8863,77.9093,77.935,77.9576,77.929,78.3257,77.2994,79.3661,75.7957,81.5609,73.0935,85.2184,68.6744,91.1656,58.8018,103.459,41.6983,129.89,5.77276,167.785
76.9645,77.8414,77.5447,77.8135,77.6932,77.8898,77.796,77.9661,77.8845,78.039,77.9648,78.1068,78.0406,78.1713,78.1131,78.2291,78.1829,78.2839,78.2512,78.3364,78.3175,78.3882,78.3822,78.4404,78.4409,78.4899,78.4988,78.5371,78.5541,78.587,78.6099,78.6318,78.6562,78.6781,78.6488,79.0374,78.033,80.0531,76.5633,82.195,73.9251,85.7582,69.6308,91.5255,59.8948,103.672,42.9672,130.124,6.59768,167.785
77.6433,78.6562,78.3151,78.5834,78.4666,78.6547,78.5641,78.7271,78.6472,78.7959,78.7224,78.8599,78.7935,78.9204,78.8617,78.9743,78.9278,79.0257,78.9925,79.0748,79.0556,79.1235,79.1171,79.173,79.1727,79.2199,79.2279,79.2646,79.2803,79.312,79.3339,79.3547,79.3778,79.3987,79.3689,79.7491,78.7671,80.74,77.3315,82.8283,74.7582,86.2965,70.5901,91.8796,60.9947,103.874,44.2541,130.333,7.44098,168.792
78.4443,79.3962,79.0986,79.3525,79.2418,79.4205,79.3335,79.4891,79.411,79.5537,79.4809,79.6137,79.5471,79.6701,79.6111,79.7203,79.6732,79.768,79.7343,79.8138,79.794,79.8593,79.8523,79.9059,79.9049,79.9501,79.9572,79.9923,80.007,80.0374,80.0582,80.0779,80.0996,80.1198,80.0895,80.4609,79.5017,81.4267,78.1008,83.4611,75.593,86.8333,71.5521,92.2288,62.1015,104.066,45.559,130.52,8.30735,169.799
80.1015,80.0685,79.8928,80.121,80.019,80.1874,80.104,80.252,80.1757,80.3125,80.2401,80.3682,80.3015,80.4205,80.3612,80.4666,80.4192,80.5107,80.4767,80.5531,80.5329,80.5956,80.5879,80.6393,80.6373,80.6806,80.6868,80.7203,80.7341,80.7628,80.7828,80.8012,80.8217,80.8412,80.8103,81.1729,80.2365,82.1132,78.8709,84.0932,76.4288,87.3688,72.517,92.5726,63.215,104.249,46.882,130.681,9.18725,171.812
80.7792,80.7878,80.6909,80.8896,80.7978,80.9553,80.8759,81.016,80.9414,81.0721,81.0003,81.1235,81.0566,81.1716,81.1118,81.2137,81.1659,81.2541,81.2197,81.2929,81.2722,81.3322,81.3239,81.373,81.3702,81.4117,81.417,81.4487,81.4614,81.4887,81.5077,81.5247,81.5441,81.5627,81.5313,81.8847,80.9718,82.7998,79.6418,84.7245,77.2663,87.9028,73.4845,92.9114,64.335,104.421,48.2228,130.817,10.0897,172.819
81.5105,81.5343,81.4897,81.659,81.5783,81.7243,81.6489,81.781,81.7081,81.8326,81.7612,81.8795,81.8124,81.9232,81.8631,81.9612,81.913,81.9979,81.9629,82.0332,82.0121,82.0693,82.0602,82.1072,82.1035,82.1429,82.1474,82.1774,82.189,82.2151,82.2327,82.2487,82.2667,82.2845,82.2525,82.5971,81.7078,83.4859,80.4133,85.3555,78.105,88.4357,74.4547,93.2448,65.4617,104.584,49.5816,130.929,11.0134,173.826
82.2649,82.2986,82.2879,82.4297,82.3604,82.4946,82.4232,82.5471,82.4758,82.594,82.523,82.6363,82.5689,82.6755,82.615,82.7094,82.6607,82.7421,82.7069,82.7739,82.7522,82.8066,82.797,82.8417,82.837,82.8745,82.8781,82.9064,82.917,82.9417,82.958,82.973,82.9897,83.0065,82.9742,83.3092,82.4441,84.172,81.1858,85.986,78.945,88.9671,75.4272,93.5734,66.5947,104.737,50.9587,131.015,11.9611,174.832
83.0348,83.0742,83.0848,83.2023,83.1439,83.2662,83.1986,83.3143,83.2445,83.3564,83.2856,83.3939,83.3261,83.4285,83.3676,83.458,83.4089,83.487,83.4512,83.5149,83.4927,83.5444,83.5342,83.5765,83.571,83.6064,83.609,83.6357,83.6452,83.6684,83.6837,83.6975,83.7129,83.7287,83.6957,84.0217,83.181,84.858,81.9589,86.6156,79.7863,89.4974,76.4021,93.8968,67.7344,104.88,52.354,131.074,12.9335,175.839
83.8148,83.8572,83.8806,83.9771,83.9288,84.0392,83.9754,84.0828,84.0143,84.1197,84.0491,84.1522,84.084,84.1821,84.1207,84.2072,84.1577,84.232,84.1959,84.2566,84.2338,84.2825,84.2716,84.3117,84.3052,84.3386,84.3403,84.3653,84.3736,84.3951,84.4094,84.4222,84.4363,84.451,84.4183,84.7343,83.918,85.5436,82.733,87.2447,80.6287,90.0264,77.3794,94.2152,68.8802,105.014,53.7672,131.107,13.9312,176.846
84.6015,84.6453,84.6756,84.7544,84.7152,84.8138,84.7534,84.8524,84.785,84.8839,84.8134,84.9114,84.8427,84.9363,84.8743,84.9569,84.9069,84.9776,84.9411,84.9984,84.9751,85.0211,85.0095,85.0471,85.0397,85.071,85.0718,85.0951,85.1022,85.1223,85.1355,85.1471,85.16,85.1738,85.1407,85.4467,84.6554,86.2294,83.5076,87.8732,81.4723,90.5541,78.3589,94.5287,70.0324,105.138,55.1987,131.114,14.9549,177.852
85.3931,85.4369,85.4704,85.5343,85.5029,85.5899,85.5327,85.6231,85.5568,85.6492,85.5785,85.6713,85.602,85.6913,85.6288,85.7071,85.6565,85.7237,85.6868,85.7407,85.7169,85.76,85.7476,85.7828,85.7745,85.8039,85.8036,85.8252,85.8311,85.8498,85.8619,85.872,85.8835,85.8964,85.8632,86.1593,85.3932,86.9147,84.2829,88.5013,82.3173,91.0809,79.3405,94.8374,71.1908,105.254,56.6483,131.093,16.0055,178.859
86.1882,86.2313,86.2655,86.3171,86.2919,86.3678,86.3133,86.3953,86.3297,86.4155,86.3446,86.4319,86.362,86.4467,86.3837,86.4579,86.4069,86.4702,86.4328,86.4834,86.4591,86.4991,86.4861,86.519,86.5097,86.5369,86.5356,86.5554,86.5604,86.5777,86.5885,86.5974,86.6074,86.6195,86.586,86.8717,86.1314,87.6,85.059,89.1289,83.1629,91.6063,80.3242,95.1414,72.355,105.36,58.1161,131.044,17.0838,179.866
86.9863,87.0282,87.0614,87.1028,87.0825,87.1474,87.0953,87.1688,87.1037,87.1827,87.1115,87.1934,87.1228,87.2028,87.1393,87.2091,87.1578,87.2171,87.1793,87.2265,87.2016,87.2387,87.2248,87.2553,87.245,87.2701,87.268,87.2861,87.2898,87.3055,87.3151,87.3231,87.3314,87.3428,87.3091,87.5845,86.8701,88.285,85.8357,89.7558,84.0098,92.1309,81.3099,95.4403,73.5256,105.457,59.6018,130.967,18.1908,180.872
87.787,87.8274,87.8587,87.8915,87.8745,87.929,87.8786,87.9436,87.8787,87.9511,87.8792,87.9557,87.8843,87.9595,87.8955,87.9609,87.9089,87.9644,87.9262,87.9699,87.9443,87.9784,87.9638,87.9919,87.9807,88.0038,88.0006,88.0168,88.0192,88.0336,88.042,88.0486,88.0559,88.0661,88.0322,88.2971,87.6091,88.9699,86.6129,90.3821,84.858,92.6543,82.2974,95.7346,74.7021,105.545,61.1056,130.861,19.3271,181.879
88.5904,88.6291,88.6577,88.6831,88.6682,88.7126,88.6634,88.72,88.6549,88.7206,88.6479,88.7188,88.6465,88.7168,88.6521,88.7132,88.6606,88.7122,88.6735,88.7137,88.6875,88.7186,88.7032,88.7288,88.7166,88.7374,88.7332,88.7477,88.7491,88.7619,88.7693,88.7746,88.7804,88.7897,88.7558,89.0099,88.3483,89.6546,87.3909,91.0082,85.7068,93.1769,83.2867,96.0241,75.8845,105.625,62.6273,130.727,20.4939,182.886
89.3966,89.4333,89.4589,89.4778,89.4636,89.4983,89.4498,89.4979,89.4322,89.4911,89.4174,89.4827,89.4093,89.4748,89.4094,89.4659,89.4128,89.4603,89.4213,89.4579,89.4311,89.4591,89.4428,89.466,89.4527,89.4713,89.4664,89.4789,89.4791,89.4904,89.4963,89.5005,89.5051,89.5133,89.4795,89.7227,89.0878,90.3391,88.1695,91.6334,86.5567,93.6985,84.2775,96.3093,77.0726,105.696,64.1671,130.563,21.6918,183.893
90.2057,90.2405,90.2626,90.2757,90.2609,90.2863,90.2376,90.2773,90.2107,90.2628,90.1879,90.2475,90.1729,90.2333,90.1673,90.2192,90.1654,90.2089,90.1693,90.2025,90.1748,90.1998,90.1827,90.2034,90.1891,90.2055,90.1996,90.2104,90.2094,90.219,90.2238,90.2268,90.2299,90.2371,90.2033,90.4354,89.8278,91.0236,88.9486,92.2584,87.4075,94.2192,85.2701,96.5897,78.2664,105.759,65.7248,130.37,22.9218,184.899
91.0181,91.0509,91.0692,91.0767,91.0604,91.0765,91.0272,91.0585,90.9906,91.0358,90.9593,91.0131,90.9373,90.9926,90.9258,90.9729,90.9185,90.9579,90.9177,90.9473,90.9189,90.9409,90.923,90.9411,90.9257,90.9399,90.933,90.942,90.9396,90.9478,90.9513,90.9531,90.9549,90.961,90.9275,91.1481,90.568,91.7077,89.7281,92.8827,88.2591,94.7389,86.2641,96.8658,79.466,105.813,67.3001,130.146,24.1848,185.906
91.8341,91.8647,91.8791,91.8812,91.8621,91.8692,91.8184,91.8413,91.7716,91.8098,91.7317,91.7796,91.7025,91.7525,91.6849,91.7271,91.6721,91.7072,91.6665,91.6923,91.6634,91.6821,91.6634,91.679,91.6624,91.6747,91.6666,91.6737,91.6702,91.6767,91.6791,91.6797,91.68,91.6851,91.6516,91.8608,91.3084,92.3917,90.5084,93.5066,89.1117,95.2579,87.2597,97.1372,80.6711,105.859,68.893,129.893,25.482,186.913
92.6542,92.6825,92.6925,92.6892,92.6663,92.6645,92.6115,92.626,92.5541,92.5852,92.5051,92.5471,92.4684,92.513,92.4446,92.482,92.4262,92.4569,92.4157,92.4379,92.4081,92.4237,92.404,92.4171,92.3995,92.4094,92.4001,92.4058,92.4008,92.4057,92.4069,92.4063,92.4053,92.4093,92.376,92.5736,92.0491,93.0755,91.2892,94.13,89.9651,95.776,88.2563,97.4044,81.8816,105.898,70.5034,129.609,26.8139,187.919
93.4787,93.5047,93.5098,93.5009,93.4732,93.4626,93.4066,93.4125,93.3379,93.3619,93.2796,93.3154,93.235,93.2742,93.2048,93.2373,93.1808,93.2069,93.1652,93.1837,93.153,93.1655,93.1449,93.1554,93.1367,93.1442,93.1342,93.1379,93.1317,93.1351,93.1349,93.1328,93.1307,93.1335,93.1004,93.2862,92.7901,93.759,92.0702,94.753,90.8192,96.2932,89.2544,97.6672,83.0975,105.928,72.1314,129.294,28.182,188.926
94.3082,94.3317,94.3316,94.3167,94.2831,94.2635,94.2037,94.2009,94.1232,94.14,94.055,94.0847,94.0024,94.036,93.9657,93.9931,93.9357,93.9575,93.915,93.9297,93.8984,93.9075,93.8861,93.894,93.8741,93.8795,93.8684,93.8701,93.8626,93.8646,93.8632,93.8599,93.8561,93.8579,93.825,93.9988,93.5312,94.4424,92.852,95.3754,91.6742,96.8098,90.2537,97.9258,84.3187,105.951,73.7765,128.948,29.587,189.933
95.1433,95.1641,95.158,95.1367,95.0963,95.0675,95.003,94.9915,94.91,94.9194,94.8316,94.8548,94.7706,94.7984,94.7271,94.7493,94.6912,94.7083,94.6652,94.6761,94.6441,94.6498,94.6274,94.6328,94.6117,94.6147,94.6027,94.6024,94.5938,94.5939,94.5913,94.5867,94.5816,94.5824,94.5498,94.7115,94.2728,95.1257,93.634,95.9975,92.5298,97.326,91.254,98.1802,85.5452,105.967,75.439,128.571,31.0294,190.94
95.9847,96.0026,95.9898,95.9613,95.9131,95.8746,95.8047,95.7841,95.6984,95.7003,95.6093,95.626,95.5397,95.5615,95.489,95.5061,95.4471,95.4596,95.4159,95.4228,95.39,95.3924,95.3689,95.3717,95.3495,95.3502,95.3371,95.335,95.3251,95.3237,95.3194,95.3139,95.3074,95.3068,95.2748,95.4243,95.0146,95.8089,94.4167,96.6193,93.3863,97.8414,92.2551,98.43,86.7767,105.975,77.1187,128.161,32.5105,191.946
96.8332,96.8478,96.8273,96.7909,96.7339,96.6853,96.6088,96.5792,96.4884,96.4827,96.3882,96.3983,96.3096,96.3255,96.2516,96.2634,96.2034,96.2113,96.1667,96.1698,96.1361,96.1353,96.1108,96.1108,96.0876,96.0859,96.0717,96.0675,96.0564,96.0532,96.048,96.041,96.0331,96.0314,95.9998,96.1368,95.7565,96.4915,95.1997,97.2404,94.2432,98.356,93.2567,98.6762,88.0137,105.977,78.8153,127.719,34.0307,192.953
97.6898,97.7008,97.6714,97.6259,97.5589,97.4995,97.4158,97.3767,97.2803,97.2666,97.1683,97.1716,97.0804,97.0899,97.015,97.0212,96.9602,96.9632,96.918,96.9171,96.8825,96.8783,96.8527,96.8502,96.8258,96.8216,96.8063,96.8002,96.7877,96.7829,96.7765,96.7683,96.7589,96.7561,96.7249,96.8493,96.4987,97.174,95.9833,97.861,95.1009,98.8696,94.2594,98.919,89.2551,105.971,80.5277,127.242,35.5944,193.96
98.5556,98.5624,98.5226,98.467,98.3886,98.3179,98.2255,98.1767,98.0741,98.0522,97.9496,97.9459,97.8519,97.8551,97.779,97.7795,97.7175,97.7156,97.6695,97.6646,97.6291,97.6215,97.5948,97.5896,97.564,97.5574,97.541,97.5332,97.5194,97.513,97.505,97.4956,97.4847,97.4807,97.45,97.5617,97.2411,97.8563,96.767,98.481,95.9591,99.3828,95.2646,99.158,90.5004,105.959,82.2544,126.735,37.2077,194.966
99.4319,99.4339,99.382,99.3145,99.2234,99.1404,99.0384,98.9794,98.8698,98.8395,98.7322,98.7213,98.6245,98.621,98.5435,98.5383,98.4752,98.4684,98.4213,98.4126,98.376,98.3651,98.3371,98.3293,98.3025,98.2934,98.2761,98.2663,98.2513,98.243,98.2338,98.2231,98.2108,98.2058,98.1757,98.2748,97.9836,98.5389,97.5514,99.1019,96.8181,99.8982,96.2713,99.3893,91.7502,105.943,83.995,126.212,38.8653,195.973
100.32,100.317,100.25,100.169,100.064,99.9675,99.8546,99.7851,99.6677,99.6286,99.5164,99.4982,99.3982,99.3881,99.309,99.2981,99.2339,99.222,99.1741,99.1613,99.1238,99.1094,99.0803,99.0698,99.042,99.0307,99.0122,99.0001,98.984,98.9742,98.9638,98.9517,98.9382,98.9319,98.9028,98.9882,98.7278,99.2226,98.3375,99.7231,97.679,100.417,97.268,99.6105,93.0175,105.923,85.756,125.684,40.5112,196.98
101.222,101.213,101.129,101.032,100.911,100.8,100.674,100.593,100.467,100.419,100.301,100.274,100.171,100.153,100.072,100.055,99.9891,99.972,99.9227,99.9055,99.8666,99.8485,99.8178,99.8043,99.7752,99.7611,99.7411,99.7268,99.7088,99.6971,99.685,99.6712,99.6561,99.6485,99.62,99.6902,99.4635,99.8924,99.1168,100.327,98.536,100.906,98.2315,99.8382,94.3376,105.84,87.5813,125.027,42.0726,197.987
102.131,102.109,101.991,101.862,101.711,101.573,101.425,101.325,101.183,101.12,100.992,100.953,100.844,100.815,100.731,100.705,100.636,100.611,100.56,100.536,100.496,100.472,100.44,100.422,100.391,100.373,100.351,100.334,100.314,100.3,100.286,100.27,100.253,100.243,100.215,100.268,100.084,100.425,99.7983,100.768,99.3271,101.188,99.2728,100.164,95.6759,105.332,89.7201,123.603,44.3626,198.993
103.106,103.079,102.949,102.809,102.648,102.502,102.347,102.24,102.093,102.025,101.894,101.851,101.739,101.707,101.622,101.592,101.523,101.495,101.444,101.418,101.377,101.352,101.318,101.299,101.267,101.248,101.226,101.208,101.187,101.172,101.157,101.141,101.123,101.113,101.085,101.131,100.962,101.274,100.697,101.586,100.262,101.953,100.291,100.291,96.7931,105.834,91.1042,123.799,45.797,200
