SPACE_POINTS_X
0,0.20202,0.40404,0.606061,0.808081,1.0101,1.21212,1.41414,1.61616,1.81818,2.0202,2.22222,2.42424,2.62626,2.82828,3.0303,3.23232,3.43434,3.63636,3.83838,4.0404,4.24242,4.44444,4.64646,4.84848,5.05051,5.25253,5.45455,5.65657,5.85859,6.06061,6.26263,6.46465,6.66667,6.86869,7.07071,7.27273,7.47475,7.67677,7.87879,8.08081,8.28283,8.48485,8.68687,8.88889,9.09091,9.29293,9.49495,9.69697,9.89899,10.101,10.303,10.5051,10.7071,10.9091,11.1111,11.3131,11.5152,11.7172,11.9192,12.1212,12.3232,12.5253,12.7273,12.9293,13.1313,13.3333,13.5354,13.7374,13.9394,14.1414,14.3434,14.5455,14.7475,14.9495,15.1515,15.3535,15.5556,15.7576,15.9596,16.1616,16.3636,16.5657,16.7677,16.9697,17.1717,17.3737,17.5758,17.7778,17.9798,18.1818,18.3838,18.5859,18.7879,18.9899,19.1919,19.3939,19.596,19.798,20
SPACE_POINTS_Y
0,0.0204082,0.0408163,0.0612245,0.0816327,0.102041,0.122449,0.142857,0.163265,0.183673,0.204082,0.22449,0.244898,0.265306,0.285714,0.306122,0.326531,0.346939,0.367347,0.387755,0.408163,0.428571,0.44898,0.469388,0.489796,0.510204,0.530612,0.55102,0.571429,0.591837,0.612245,0.632653,0.653061,0.673469,0.693878,0.714286,0.734694,0.755102,0.77551,0.795918,0.816326,0.836735,0.857143,0.877551,0.897959,0.918367,0.938775,0.959184,0.979592,1
VALUES
0,0,0,0,0,0,0,0,0,0,0,0,0,0,0,0,0,0,0,0,0,0,0,0,0,0,0,0,0,0,0,0,0,0,0,0,0,0,0,0,0,0,0,0,0,0,0,0,0,0
5.15296e-13,1.26399e-12,2.52887e-12,4.88215e-12,8.98169e-12,1.58749e-11,2.70995e-11,4.48768e-11,7.23621e-11,1.1398e-10,1.75874e-10,2.66529e-10,3.97641e-10,5.85371e-10,8.52202e-10,1.22977e-09,1.76328e-09,2.51862e-09,3.594e-09,5.13945e-09,7.38995e-09,1.07228e-08,1.57581e-08,2.35366e-08,3.58391e-08,5.57652e-08,8.87918e-08,1.44728e-07,2.41358e-07,4.11283e-07,7.1487e-07,1.26497e-06,2.27439e-06,4.14781e-06,7.66071e-06,1.43103e-05,2.70076e-05,5.14504e-05,9.88629e-05,0.000191492,0.000373688,0.000734366,0.00145275,0.00289193,0.0057912,0.0116629,0.0236152,0.0480635,0.098306,0.20202
1.914e-11,4.76556e-11,9.56571e-11,1.83789e-10,3.34757e-10,5.83535e-10,9.79391e-10,1.59037e-09,2.50836e-09,3.8551e-09,5.7891e-09,8.51365e-09,1.22861e-08,1.74285e-08,2.43403e-08,3.35137e-08,4.5552e-08,6.11949e-08,8.13528e-08,1.07157e-07,1.40038e-07,1.81851e-07,2.35089e-07,3.03251e-07,3.91492e-07,5.0779e-07,6.65072e-07,8.85136e-07,1.20594e-06,1.69528e-06,2.47672e-06,3.77897e-06,6.03084e-06,1.0045e-05,1.73757e-05,3.10208e-05,5.6805e-05,0.000106126,0.000201434,0.000387219,0.000752179,0.00147413,0.00291149,0.00579041,0.0115894,0.0233331,0.0472374,0.096133,0.196616,0.40404
3.63486e-10,8.59801e-10,1.67485e-09,3.12322e-09,5.52791e-09,9.37206e-09,1.53102e-08,2.42129e-08,3.72124e-08,5.57538e-08,8.16489e-08,1.17134e-07,1.64933e-07,2.28318e-07,3.1118e-07,4.18095e-07,5.54399e-07,7.2627e-07,9.40817e-07,1.20619e-06,1.53174e-06,1.92823e-06,2.40816e-06,2.98639e-06,3.68105e-06,4.51536e-06,5.52079e-06,6.74291e-06,8.25234e-06,1.01652e-05,1.2682e-05,1.61613e-05,2.12626e-05,2.92208e-05,4.23832e-05,6.52613e-05,0.000106604,0.000183517,0.000329673,0.000611795,0.00116289,0.00224961,0.00440942,0.00873132,0.0174326,0.0350495,0.0709046,0.144242,0.294952,0.606061
3.89649e-09,8.70836e-09,1.63878e-08,2.95371e-08,5.06148e-08,8.31927e-08,1.31908e-07,2.02683e-07,3.02927e-07,4.41736e-07,6.30096e-07,8.81073e-07,1.21001e-06,1.6347e-06,2.17554e-06,2.85569e-06,3.70121e-06,4.74117e-06,6.00778e-06,7.53651e-06,9.36628e-06,1.15396e-05,1.41032e-05,1.71082e-05,2.06119e-05,2.46798e-05,2.93892e-05,3.48376e-05,4.11568e-05,4.854e-05,5.72928e-05,6.7932e-05,8.13749e-05,9.93048e-05,0.000124885,0.00016416,0.000228815,0.000341663,0.000547582,0.000935471,0.00168254,0.00314405,0.00603616,0.01181,0.0234205,0.0469133,0.0947145,0.192475,0.39337,0.808081
2.77222e-08,5.85902e-08,1.06416e-07,1.85234e-07,3.07128e-07,4.89209e-07,7.52736e-07,1.12379e-06,1.63372e-06,2.31963e-06,3.22464e-06,4.39829e-06,5.89669e-06,7.78277e-06,1.01263e-05,1.30039e-05,1.6499e-05,2.07019e-05,2.57095e-05,3.1625e-05,3.85581e-05,4.66248e-05,5.59473e-05,6.66549e-05,7.88848e-05,9.27847e-05,0.000108517,0.00012627,0.000146271,0.000168826,0.000194377,0.00022363,0.000257785,0.000298997,0.000351261,0.000422161,0.000526316,0.000692216,0.00097588,0.00148826,0.00245052,0.00430613,0.00794918,0.0151916,0.0297236,0.0590963,0.118832,0.240976,0.491966,1.0101
1.45325e-07,2.9132e-07,5.1098e-07,8.59619e-07,1.3803e-06,2.13285e-06,3.18837e-06,4.63081e-06,6.5573e-06,9.07868e-06,1.23194e-05,1.64174e-05,2.15241e-05,2.78039e-05,3.54334e-05,4.46007e-05,5.55048e-05,6.83545e-05,8.33679e-05,0.000100771,0.000120797,0.000143684,0.000169679,0.000199034,0.000232005,0.00026886,0.000309882,0.000355375,0.000405692,0.00046127,0.000522707,0.000590908,0.000667365,0.000754701,0.000857737,0.000985577,0.00115573,0.00140229,0.0017923,0.00245854,0.00366577,0.00594496,0.0103669,0.0191024,0.036573,0.0718287,0.143476,0.289934,0.590866,1.21212
6.02404e-07,1.14969e-06,1.95007e-06,3.17533e-06,4.94557e-06,7.42564e-06,1.08033e-05,1.52921e-05,2.11306e-05,2.85813e-05,3.79297e-05,4.94823e-05,6.35652e-05,8.05217e-05,0.00010071,0.000124501,0.000152276,0.000184424,0.000221342,0.000263429,0.000311086,0.000364716,0.000424718,0.000491494,0.000565443,0.000646965,0.000736468,0.00083438,0.000941173,0.00105741,0.00118383,0.00132152,0.00147223,0.00163903,0.00182752,0.00204826,0.00232158,0.00268707,0.00322258,0.00408243,0.00557441,0.00831612,0.0135535,0.0238129,0.0442425,0.0853816,0.168903,0.33957,0.690216,1.41414
2.07553e-06,3.78588e-06,6.22017e-06,9.82128e-06,1.48651e-05,2.17289e-05,3.08251e-05,4.26062e-05,5.75607e-05,7.62094e-05,9.91003e-05,0.000126805,0.000159912,0.000199025,0.000244755,0.000297719,0.000358535,0.000427814,0.000506165,0.000594184,0.000692456,0.000801551,0.000922022,0.00105441,0.00119923,0.00135701,0.00152823,0.00171343,0.00191314,0.00212801,0.00235887,0.00260693,0.00287416,0.00316399,0.00348273,0.00384231,0.00426577,0.004798,0.00552747,0.00662959,0.00845458,0.0117054,0.0178012,0.0296203,0.0530304,0.100048,0.195391,0.390123,0.790175,1.61616
6.16349e-06,1.07849e-05,1.71948e-05,2.63768e-05,3.88704e-05,5.54204e-05,7.68073e-05,0.000103859,0.000137439,0.000178442,0.000227779,0.000286373,0.000355148,0.000435024,0.000526907,0.000631686,0.000750228,0.000883368,0.00103191,0.00119664,0.00137827,0.00157751,0.00179501,0.00203139,0.00228725,0.00256312,0.00285954,0.00317702,0.00351613,0.00387751,0.00426199,0.00467083,0.00510611,0.00557155,0.00607406,0.00662684,0.00725548,0.00801002,0.00898921,0.0103892,0.0126017,0.0164138,0.0234152,0.036832,0.0632432,0.116127,0.223219,0.441834,0.890902,1.81818
1.62084e-05,2.72997e-05,4.23119e-05,6.31768e-05,9.08149e-05,0.000126525,0.000171611,0.000227412,0.000295282,0.000376578,0.00047264,0.000584789,0.000714304,0.000862426,0.00103034,0.00121917,0.00143,0.00166381,0.00192154,0.00220406,0.00251215,0.00284655,0.00320791,0.00359683,0.00401386,0.00445947,0.00493411,0.0054382,0.00597219,0.00653663,0.00713224,0.00776023,0.00842268,0.00912352,0.00987012,0.0106769,0.0115717,0.0126096,0.0138993,0.0156572,0.0183156,0.0227443,0.0307007,0.0457533,0.0751833,0.133913,0.252663,0.494938,0.992555,2.0202
3.85329e-05,6.26624e-05,9.45747e-05,0.000137694,0.000193406,0.000263748,0.000350676,0.000456136,0.000582029,0.000730204,0.000902428,0.00110039,0.00132566,0.00157974,0.00186399,0.00217967,0.00252795,0.00290983,0.00332626,0.00377805,0.0042659,0.00479044,0.00535218,0.00595155,0.00658892,0.00726455,0.00797869,0.00873152,0.00952326,0.0103542,0.011225,0.0121365,0.0130909,0.014092,0.0151476,0.0162732,0.0174989,0.0188845,0.0205484,0.0227264,0.0258909,0.0309924,0.0399528,0.0566777,0.0891393,0.153685,0.283983,0.549657,1.09528,2.22222
8.41467e-05,0.000132483,0.000195026,0.000277333,0.000381248,0.000509683,0.000665298,0.000850649,0.00106815,0.00132007,0.0016085,0.00193536,0.00230238,0.00271114,0.003163,0.00365919,0.00420074,0.00478853,0.00542329,0.0061056,0.00683588,0.00761448,0.0084416,0.00931735,0.0102417,0.0112147,0.0122361,0.0133058,0.0144236,0.0155895,0.0168038,0.0180672,0.0193815,0.0207507,0.0221828,0.0236941,0.025317,0.0271157,0.0292179,0.0318786,0.035609,0.0414384,0.0514501,0.0698801,0.10538,0.175701,0.317416,0.606194,1.19921,2.42424
0.00017093,0.000261193,0.000375591,0.000522471,0.000703982,0.000923936,0.00118562,0.00149207,0.00184606,0.00225008,0.00270632,0.00321669,0.00378285,0.00440617,0.0050878,0.00582865,0.0066294,0.00749053,0.00841235,0.00939497,0.0104384,0.0115424,0.0127067,0.013931,0.0152148,0.0165575,0.0179584,0.019417,0.0209326,0.0225048,0.0241334,0.0258187,0.0275624,0.0293683,0.0312447,0.0332086,0.0352944,0.0375708,0.0401744,0.0433788,0.0477327,0.0543427,0.0654497,0.0856129,0.124151,0.200194,0.353178,0.66473,1.30447,2.62626
0.000326249,0.000484918,0.00068211,0.000929532,0.00122927,0.0015859,0.00200308,0.00248408,0.00303169,0.0036483,0.00433587,0.00509596,0.0059298,0.00683827,0.00782195,0.00888116,0.0100159,0.0112261,0.0125113,0.013871,0.0153045,0.0168109,0.0183892,0.0200385,0.0217576,0.0235454,0.0254006,0.027322,0.0293084,0.0313589,0.0334729,0.0356502,0.0378922,0.0402025,0.0425895,0.0450712,0.0476837,0.0504999,0.0536652,0.0574712,0.0625032,0.0699428,0.0821844,0.104103,0.145671,0.227372,0.391455,0.725419,1.41116,2.82828
0.000589895,0.000854538,0.00117738,0.00157385,0.00204537,0.00259693,0.00323216,0.00395407,0.00476504,0.00566691,0.00666096,0.00774799,0.00892839,0.0102022,0.0115691,0.0130284,0.0145794,0.0162209,0.0179516,0.0197701,0.0216748,0.023664,0.025736,0.027889,0.0301211,0.0324305,0.0348151,0.0372732,0.0398029,0.0424028,0.0450717,0.0478091,0.050616,0.0534958,0.056457,0.0595184,0.0627178,0.0661323,0.0699158,0.074377,0.0801373,0.0884508,0.101862,0.125553,0.170133,0.257412,0.432405,0.788388,1.51936,3.0303
0.00101718,0.00143871,0.00194399,0.00255219,0.00326317,0.00408185,0.00501119,0.00605336,0.00720974,0.00848109,0.0098675,0.0113685,0.0129833,0.0147107,0.0165491,0.0184966,0.0205513,0.0227108,0.0249728,0.0273348,0.0297942,0.0323483,0.0349945,0.0377302,0.0405525,0.043459,0.0464469,0.0495136,0.0526569,0.0558746,0.0591651,0.0625273,0.0659621,0.0694726,0.0730675,0.0767661,0.0806082,0.0846748,0.0891279,0.0942934,0.100827,0.110054,0.124663,0.150137,0.197705,0.290469,0.476156,0.853728,1.62911,3.23232
0.00168198,0.00232661,0.00308663,0.00398452,0.00501737,0.00618947,0.00750228,0.00895645,0.0105517,0.0122871,0.014161,0.0161713,0.0183155,0.0205908,0.022994,0.025522,0.0281712,0.0309379,0.0338187,0.0368097,0.0399074,0.0431079,0.0464077,0.0498033,0.0532911,0.0568676,0.0605296,0.0642737,0.0680971,0.0719971,0.0759714,0.0800188,0.0841398,0.0883373,0.0926202,0.0970085,0.101544,0.106311,0.111479,0.117393,0.124739,0.134913,0.150745,0.178007,0.228531,0.326674,0.522808,0.921489,1.74043,3.43434
0.00267946,0.00363013,0.0047336,0.00601527,0.00746694,0.00909232,0.0108904,0.0128593,0.0149967,0.0172993,0.0197632,0.0223843,0.0251579,0.0280794,0.0311439,0.0343464,0.0376819,0.0411454,0.0447318,0.0484364,0.0522541,0.0561803,0.0602104,0.06434,0.0685646,0.0728802,0.0772828,0.0817682,0.0863334,0.090975,0.0956903,0.100478,0.105338,0.110273,0.115292,0.120417,0.12569,0.1312,0.137125,0.143823,0.152016,0.163166,0.18024,0.209291,0.262734,0.366139,0.57244,0.991671,1.85325,3.63636
0.0041286,0.00548539,0.00703677,0.00881359,0.0107946,0.0129855,0.0153813,0.0179772,0.0207679,0.0237472,0.0269088,0.0302458,0.0337515,0.0374191,0.0412419,0.0452129,0.0493257,0.0535736,0.0579503,0.0624498,0.067066,0.0717932,0.0766258,0.0815586,0.0865867,0.0917052,0.0969093,0.102195,0.107557,0.112994,0.118502,0.124078,0.129723,0.135441,0.141239,0.147141,0.15319,0.159479,0.166194,0.173708,0.182777,0.194926,0.213256,0.244095,0.30042,0.408968,0.625124,1.06422,1.96732,3.83838
0.00617846,0.00805654,0.0101682,0.0125726,0.0152055,0.0180844,0.0211992,0.0245413,0.0281017,0.0318714,0.0358408,0.0400006,0.0443415,0.0488545,0.0535309,0.0583622,0.06334,0.0684564,0.0737039,0.0790751,0.0845631,0.0901612,0.0958631,0.101663,0.107555,0.113534,0.119594,0.125731,0.131941,0.13822,0.144564,0.150972,0.157443,0.163981,0.170594,0.177307,0.184164,0.191263,0.198796,0.207153,0.217119,0.230283,0.249879,0.282501,0.341676,0.455264,0.680957,1.13904,2.08208,4.0404
0.00904454,0.0115643,0.0143129,0.017507,0.0209246,0.0246222,0.0285834,0.0327953,0.0372448,0.0419198,0.0468075,0.0518957,0.0571728,0.0626276,0.0682495,0.0740282,0.0799542,0.086018,0.0922109,0.0985249,0.104952,0.111484,0.118116,0.124839,0.131648,0.138538,0.145503,0.152537,0.159637,0.166798,0.174017,0.181291,0.188622,0.196011,0.20347,0.211021,0.218712,0.226645,0.235018,0.244237,0.255116,0.269309,0.290174,0.324572,0.38657,0.505126,0.740116,1.21615,2.19617,4.24242
0.0131389,0.0164506,0.0196721,0.023849,0.0281943,0.0328466,0.0377848,0.0429914,0.0484496,0.0541435,0.0600574,0.0661764,0.0724865,0.0789745,0.0856283,0.0924359,0.0993867,0.10647,0.113676,0.120997,0.128422,0.135946,0.143559,0.151255,0.159029,0.166873,0.174783,0.182752,0.190777,0.198853,0.206978,0.215148,0.223365,0.231631,0.239958,0.248369,0.256914,0.265699,0.274929,0.285023,0.296827,0.312054,0.334188,0.370349,0.435143,0.558634,0.802875,1.29619,2.30637,4.44444
0.0131389,0.0236598,0.0265577,0.0318471,0.0372704,0.0430157,0.0490618,0.055387,0.0619704,0.068793,0.0758361,0.0830827,0.0905164,0.0981225,0.105887,0.113798,0.121842,0.13001,0.138289,0.146672,0.155148,0.163711,0.172351,0.181062,0.189838,0.198673,0.20756,0.216495,0.225473,0.234491,0.243546,0.252634,0.261757,0.270919,0.280131,0.289418,0.298832,0.30848,0.318578,0.329557,0.342291,0.358553,0.381949,0.419855,0.487409,0.615802,0.869456,1.38116,2.41849,4.44444
0.0244819,0.0298514,0.0354373,0.0417747,0.0484196,0.0553947,0.0626765,0.0702396,0.0780596,0.0861144,0.094383,0.102846,0.111486,0.120287,0.129234,0.138312,0.147511,0.156818,0.166222,0.175714,0.185285,0.194926,0.20463,0.214389,0.224199,0.234052,0.243943,0.253867,0.26382,0.273799,0.283801,0.293823,0.303867,0.313937,0.324045,0.334218,0.344508,0.355028,0.365999,0.377866,0.391531,0.408825,0.433472,0.473095,0.543357,0.67657,0.939652,1.47175,2.56439,4.84848
0.0323341,0.0391117,0.0462584,0.0539108,0.0619144,0.0702511,0.0788906,0.0878042,0.096964,0.106346,0.115928,0.125687,0.135607,0.145669,0.155859,0.166162,0.176566,0.187058,0.197629,0.208269,0.218969,0.229721,0.240516,0.25135,0.262216,0.273108,0.284021,0.294951,0.305893,0.316845,0.327805,0.338771,0.349744,0.360729,0.371739,0.382802,0.393973,0.405366,0.41721,0.429965,0.444558,0.462875,0.488757,0.530066,0.602973,0.740868,1.013,1.56362,2.69517,5.05051
0.0424084,0.050687,0.059387,0.0685297,0.0780287,0.087851,0.0979614,0.108328,0.118922,0.129716,0.140687,0.151813,0.163074,0.174455,0.185938,0.197511,0.209161,0.220876,0.232647,0.244464,0.256319,0.268204,0.280112,0.292037,0.303975,0.315919,0.327866,0.33981,0.35175,0.363682,0.375605,0.387518,0.399422,0.411324,0.423237,0.435189,0.447239,0.459504,0.472218,0.485855,0.501368,0.520697,0.547793,0.590753,0.666236,0.808672,1.08952,1.65778,2.82572,5.25253
0.0548115,0.064759,0.0751301,0.0859121,0.0970334,0.108455,0.120138,0.13205,0.144159,0.156438,0.168863,0.181413,0.194068,0.206812,0.219629,0.232508,0.245435,0.2584,0.271393,0.284408,0.297435,0.310468,0.3235,0.336527,0.349544,0.362547,0.375532,0.388494,0.401432,0.414345,0.427231,0.440089,0.452923,0.465738,0.478549,0.491386,0.504309,0.517439,0.531016,0.545525,0.561948,0.582273,0.610561,0.655133,0.733121,0.879956,1.16922,1.75441,2.95714,5.45455
0.0698262,0.0816046,0.0937829,0.106335,0.119193,0.132315,0.14566,0.159194,0.172886,0.18671,0.200642,0.214661,0.228749,0.242891,0.257071,0.27128,0.285505,0.299736,0.313968,0.32819,0.342399,0.356586,0.370747,0.384879,0.398977,0.413037,0.427058,0.441036,0.454968,0.468856,0.482699,0.496496,0.510252,0.523972,0.537672,0.551385,0.565171,0.579156,0.593585,0.608956,0.626273,0.647577,0.677031,0.723174,0.803595,0.954691,1.25209,1.85361,3.08991,5.65657
0.0877601,0.101519,0.115632,0.13007,0.144763,0.15967,0.17475,0.18997,0.205299,0.220714,0.236192,0.251713,0.267262,0.282823,0.298385,0.313937,0.329471,0.344977,0.360451,0.375885,0.391275,0.406616,0.421904,0.437135,0.452308,0.46742,0.482469,0.497453,0.512371,0.527224,0.542013,0.556738,0.571403,0.586017,0.600595,0.61517,0.629807,0.644633,0.6599,0.676117,0.694312,0.716574,0.747166,0.794838,0.87762,1.03284,1.33811,1.95542,3.22424,5.85859
0.108924,0.124795,0.140956,0.157375,0.173984,0.190744,0.207616,0.224569,0.241576,0.258613,0.275662,0.292705,0.309729,0.326721,0.343671,0.360572,0.377416,0.394195,0.410908,0.427548,0.444113,0.460598,0.477003,0.493324,0.50956,0.525711,0.541775,0.557752,0.573642,0.589446,0.605165,0.620802,0.636362,0.651854,0.667293,0.682715,0.698186,0.713837,0.729925,0.74697,0.766024,0.789221,0.820922,0.870079,0.955148,1.11436,1.42725,2.05984,3.36023,6.06061
0.133623,0.151717,0.170019,0.188494,0.207081,0.225744,0.244448,0.263165,0.281872,0.30055,0.319181,0.337754,0.356256,0.374678,0.393013,0.411257,0.429402,0.447445,0.465385,0.483219,0.500944,0.51856,0.536065,0.553459,0.570742,0.587914,0.604976,0.621927,0.63877,0.655505,0.672137,0.688668,0.705103,0.721453,0.737735,0.753985,0.770271,0.786728,0.803618,0.821472,0.841362,0.86547,0.898249,0.948846,1.03613,1.19921,1.51946,2.16688,3.49791,6.26263
0.162153,0.182557,0.203067,0.223654,0.24426,0.264856,0.285414,0.30591,0.326325,0.346647,0.36686,0.386957,0.406928,0.42677,0.446477,0.466047,0.485478,0.504767,0.523915,0.542922,0.561788,0.580513,0.599097,0.617542,0.635849,0.65402,0.672057,0.689961,0.707734,0.725379,0.742901,0.760303,0.777592,0.794779,0.811882,0.828938,0.846018,0.863259,0.88093,0.899571,0.920276,0.945268,0.979093,1.03109,1.12051,1.28733,1.61471,2.27649,3.63729,6.46465
0.194791,0.217568,0.240331,0.26306,0.285706,0.308247,0.330663,0.352936,0.375053,0.397007,0.418788,0.440391,0.461814,0.483053,0.50411,0.524983,0.545675,0.566184,0.586514,0.606669,0.626649,0.646456,0.666092,0.685562,0.704867,0.724011,0.742997,0.761827,0.780505,0.799034,0.817421,0.83567,0.853788,0.871787,0.889687,0.907526,0.925377,0.94338,0.961809,0.981213,1.00271,1.02856,1.06339,1.11674,1.20824,1.37867,1.71295,2.38864,3.77834,6.66667
0.231797,0.256979,0.282016,0.306897,0.331581,0.35606,0.38032,0.404353,0.428151,0.451713,0.475035,0.498118,0.520961,0.543568,0.565942,0.588088,0.610008,0.631705,0.653187,0.674457,0.695519,0.716376,0.737034,0.757498,0.777771,0.797858,0.817763,0.83749,0.857043,0.876429,0.895653,0.914721,0.933641,0.952427,0.971099,0.989696,1.00829,1.02703,1.04619,1.06634,1.0886,1.11528,1.15109,1.20574,1.29924,1.47316,1.81411,2.50328,3.92104,6.86869
0.273404,0.300998,0.328305,0.355324,0.382024,0.408416,0.434491,0.46025,0.485694,0.510827,0.535653,0.560176,0.584402,0.608338,0.631991,0.65537,0.678481,0.701328,0.723923,0.746271,0.768379,0.790252,0.811896,0.83332,0.854527,0.875523,0.896315,0.916907,0.937305,0.957517,0.977549,0.997406,1.0171,1.03665,1.05606,1.07539,1.09471,1.11416,1.13403,1.15488,1.17788,1.20536,1.24212,1.29803,1.39346,1.57075,1.91815,2.62036,4.06536,7.07071
0.319822,0.349806,0.379352,0.408478,0.437153,0.465412,0.493256,0.520696,0.547737,0.574395,0.600676,0.626593,0.652153,0.677371,0.702257,0.726825,0.751081,0.775036,0.798702,0.822087,0.8452,0.868048,0.890641,0.912987,0.935091,0.956961,0.978606,1.00003,1.02124,1.04224,1.06305,1.08367,1.10411,1.12438,1.14451,1.16454,1.18455,1.20469,1.22524,1.24678,1.27049,1.29874,1.33641,1.39353,1.49083,1.67138,2.025,2.73984,4.21126,7.27273
0.371229,0.403551,0.435285,0.46647,0.497057,0.527124,0.556677,0.585737,0.614317,0.64244,0.67012,0.697373,0.724214,0.750661,0.776728,0.802433,0.827786,0.8528,0.877491,0.901868,0.925943,0.949725,0.973224,0.996452,1.01941,1.04212,1.06458,1.0868,1.10879,1.13055,1.1521,1.17345,1.1946,1.21557,1.23639,1.2571,1.27777,1.29857,1.31977,1.34197,1.36636,1.39536,1.4339,1.49219,1.59129,1.77497,2.1346,2.86163,4.35867,7.47475
0.42777,0.462356,0.496198,0.529385,0.561804,0.593604,0.624793,0.655401,0.685451,0.714971,0.743984,0.772511,0.800571,0.828188,0.855379,0.882165,0.908561,0.934584,0.96025,0.985571,1.01056,1.03523,1.05959,1.08366,1.10744,1.13095,1.15418,1.17716,1.19989,1.22238,1.24464,1.26668,1.28851,1.31015,1.33162,1.35298,1.37429,1.39571,1.41754,1.44038,1.46542,1.49513,1.53452,1.59393,1.69476,1.88147,2.24689,2.9857,4.50755,7.67677
0.489571,0.526314,0.562156,0.597283,0.631439,0.664883,0.697623,0.729698,0.761139,0.791981,0.822254,0.851985,0.881198,0.90992,0.938174,0.965982,0.993365,1.02034,1.04693,1.07314,1.099,1.12451,1.14969,1.17456,1.19911,1.22337,1.24735,1.27105,1.29448,1.31766,1.34059,1.36329,1.38577,1.40805,1.43015,1.45212,1.47404,1.49606,1.51849,1.54193,1.56761,1.59799,1.63819,1.69869,1.80118,1.99081,2.36182,3.11196,4.65781,7.87879
0.556745,0.595505,0.633182,0.6702,0.705986,0.740972,0.775167,0.808618,0.841363,0.873446,0.904901,0.935761,0.966054,0.995814,1.02507,1.05383,1.08214,1.11002,1.13747,1.16453,1.1912,1.21751,1.24346,1.26907,1.29436,1.31934,1.34401,1.36839,1.39249,1.41632,1.43989,1.46322,1.48631,1.5092,1.53189,1.55445,1.57694,1.59954,1.62255,1.64656,1.67283,1.70387,1.74485,1.80638,1.91049,2.10293,2.47932,3.24037,4.80934,8.08081
0.629435,0.67002,0.709265,0.748149,0.785443,0.821862,0.857408,0.892137,0.926093,0.959329,0.991883,1.02379,1.05509,1.08582,1.116,1.14566,1.17484,1.20355,1.23181,1.25966,1.28709,1.31415,1.34082,1.36714,1.39312,1.41876,1.44409,1.46911,1.49384,1.51829,1.54247,1.56639,1.59006,1.61352,1.63678,1.65989,1.68294,1.70608,1.72963,1.7542,1.78104,1.8127,1.85442,1.91695,2.0226,2.21776,2.59935,3.37087,4.96202,8.28283
0.707911,0.750034,0.790357,0.831113,0.869792,0.907525,0.944311,0.980213,1.01528,1.04958,1.08315,1.11602,1.14825,1.17987,1.21091,1.2414,1.27138,1.30087,1.32989,1.35846,1.38661,1.41436,1.44171,1.46869,1.49531,1.52159,1.54753,1.57315,1.59847,1.6235,1.64824,1.67272,1.69695,1.72095,1.74474,1.76838,1.79195,1.81561,1.83967,1.86477,1.89215,1.92441,1.96683,2.03033,2.13747,2.33525,2.72186,3.50342,5.11563,8.48485
0.792765,0.835956,0.876398,0.919055,0.958994,0.997917,1.03583,1.07279,1.10888,1.14414,1.17863,1.21239,1.24546,1.2779,1.30973,1.34098,1.3717,1.4019,1.43161,1.46087,1.48968,1.51807,1.54605,1.57364,1.60086,1.62773,1.65424,1.68043,1.7063,1.73187,1.75715,1.78215,1.8069,1.83141,1.8557,1.87984,1.9039,1.92805,1.9526,1.97819,2.0061,2.03892,2.08202,2.14643,2.25501,2.45533,2.84681,3.63802,5.26991,8.68687
0.885246,0.928732,0.967378,1.01191,1.05299,1.09298,1.13189,1.16981,1.2068,1.24293,1.27825,1.31281,1.34666,1.37983,1.41237,1.44432,1.47571,1.50657,1.53692,1.5668,1.59622,1.6252,1.65376,1.68192,1.7097,1.7371,1.76416,1.79087,1.81725,1.84333,1.86911,1.8946,1.91983,1.94482,1.96959,1.9942,2.01872,2.04333,2.06835,2.09441,2.12281,2.15617,2.19992,2.2652,2.37516,2.57793,2.97416,3.77473,5.42441,8.88889
0.985428,1.03033,1.06347,1.10961,1.15172,1.19263,1.23243,1.27119,1.30898,1.34588,1.38194,1.41721,1.45174,1.48558,1.51877,1.55134,1.58334,1.61479,1.64573,1.67617,1.70615,1.73567,1.76477,1.79345,1.82174,1.84965,1.87719,1.90439,1.93126,1.9578,1.98404,2.01,2.03568,2.06112,2.08633,2.11138,2.13634,2.16139,2.18684,2.21335,2.24221,2.27608,2.32045,2.38657,2.49785,2.703,3.10386,3.91374,5.57851,9.09091
0.985428,1.14046,1.16519,1.21208,1.25508,1.2968,1.33736,1.37684,1.41533,1.4529,1.48961,1.5255,1.56064,1.59506,1.62883,1.66196,1.6945,1.72649,1.75795,1.7889,1.81938,1.8494,1.87898,1.90814,1.9369,1.96527,1.99327,2.02092,2.04822,2.07521,2.10188,2.12826,2.15437,2.18022,2.20585,2.23131,2.25668,2.28214,2.30801,2.33493,2.36423,2.39859,2.44354,2.51047,2.62302,2.83045,3.23584,4.05524,5.73782,9.09091
1.19027,1.23389,1.27259,1.31927,1.363,1.40538,1.44657,1.48667,1.52575,1.56389,1.60115,1.63759,1.67325,1.70819,1.74245,1.77608,1.80911,1.84157,1.87349,1.90491,1.93584,1.96631,1.99633,2.02592,2.0551,2.0839,2.11232,2.14037,2.16808,2.19547,2.22254,2.24931,2.27581,2.30206,2.32808,2.35392,2.37968,2.40552,2.43178,2.4591,2.48881,2.52363,2.56914,2.63683,2.7506,2.96023,3.36998,4.19884,5.90872,9.49495
1.29295,1.34094,1.38436,1.43108,1.47535,1.51827,1.55998,1.60058,1.64015,1.67876,1.71649,1.75338,1.78948,1.82486,1.85956,1.89361,1.92706,1.95994,1.99228,2.0241,2.05544,2.0863,2.11672,2.1467,2.17627,2.20545,2.23425,2.26268,2.29076,2.31851,2.34595,2.37309,2.39995,2.42656,2.45294,2.47914,2.50526,2.53146,2.55808,2.58577,2.61588,2.65114,2.69717,2.7656,2.88053,3.09228,3.50622,4.34395,6.0735,9.69697
1.40582,1.45472,1.50058,1.54737,1.59203,1.63535,1.67745,1.71845,1.7584,1.7974,1.8355,1.87276,1.90924,1.94498,1.98004,2.01446,2.04827,2.08151,2.11421,2.1464,2.17809,2.20931,2.24007,2.27041,2.30033,2.32985,2.35899,2.38776,2.41618,2.44426,2.47204,2.49951,2.52671,2.55365,2.58037,2.60691,2.63336,2.6599,2.68685,2.7149,2.74537,2.78104,2.82757,2.8967,3.01275,3.22652,3.64449,4.4907,6.23879,9.89899
1.52465,1.57407,1.62115,1.66801,1.71292,1.75651,1.79889,1.84017,1.88041,1.91969,1.95809,1.99565,2.03242,2.06846,2.10382,2.13854,2.17266,2.2062,2.2392,2.2717,2.3037,2.33523,2.36631,2.39696,2.42718,2.45701,2.48646,2.51553,2.54426,2.57265,2.60073,2.62851,2.65601,2.68326,2.71029,2.73714,2.7639,2.79075,2.81803,2.8464,2.87722,2.91327,2.96028,3.03007,3.14719,3.36291,3.78474,4.63906,6.40476,10.101
1.64871,1.69832,1.74596,1.79285,1.83787,1.88161,1.92416,1.96562,2.00606,2.04554,2.08414,2.12192,2.15891,2.19518,2.23078,2.26574,2.30011,2.33391,2.36717,2.39993,2.4322,2.464,2.49534,2.52626,2.55676,2.58686,2.61658,2.64592,2.67492,2.70359,2.73194,2.76,2.78779,2.81532,2.84263,2.86977,2.89682,2.92396,2.95154,2.98021,3.01136,3.04778,3.09524,3.16566,3.2838,3.50139,3.92691,4.789,6.57151,10.303
1.77752,1.82708,1.87488,1.92177,1.96676,2.01054,2.05315,2.09469,2.13523,2.17482,2.21356,2.25148,2.28863,2.32506,2.36083,2.39598,2.43054,2.46454,2.49802,2.531,2.56349,2.59551,2.62709,2.65825,2.68898,2.71932,2.74928,2.77886,2.80811,2.83702,2.86562,2.89393,2.92197,2.94977,2.97734,3.00474,3.03206,3.05947,3.08732,3.11628,3.14773,3.1845,3.23238,3.3034,3.42252,3.6419,4.07097,4.94046,6.73905,10.5051
1.91079,1.96009,2.00774,2.0546,2.09945,2.14315,2.18572,2.22725,2.2678,2.30743,2.34622,2.38421,2.42145,2.45799,2.49388,2.52916,2.56386,2.59802,2.63166,2.66481,2.69749,2.7297,2.76148,2.79283,2.82377,2.85432,2.88448,2.91428,2.94373,2.97286,3.00168,3.03022,3.0585,3.08653,3.11434,3.14198,3.16955,3.19721,3.22531,3.25454,3.28628,3.32336,3.37165,3.44324,3.5633,3.78439,4.21686,5.09342,6.90739,10.7071
2.04833,2.09717,2.14438,2.19121,2.23579,2.27931,2.32174,2.36317,2.40365,2.44325,2.48202,2.52001,2.55728,2.59386,2.62981,2.66517,2.69998,2.73425,2.76801,2.8013,2.83411,2.86648,2.89842,2.92994,2.96105,2.99177,3.02211,3.05209,3.08173,3.11104,3.14007,3.16881,3.19729,3.22554,3.25357,3.28143,3.30922,3.33712,3.36546,3.39493,3.42693,3.46432,3.51298,3.58512,3.70608,3.92882,4.36454,5.24784,7.07648,10.9091
2.19006,2.2382,2.28459,2.33143,2.37565,2.41889,2.46109,2.50234,2.54267,2.58215,2.62084,2.65878,2.69601,2.73259,2.76855,2.80394,2.8388,2.87313,2.90698,2.94036,2.97329,3.00577,3.03784,3.06949,3.10074,3.13161,3.16209,3.19223,3.22202,3.2515,3.2807,3.30962,3.33829,3.36673,3.39496,3.42303,3.45103,3.47913,3.50769,3.5374,3.56964,3.60731,3.65633,3.72898,3.8508,4.07513,4.51397,5.40368,7.24625,11.1111
2.33606,2.3832,2.42817,2.47512,2.51888,2.56175,2.60364,2.64463,2.68474,2.72404,2.76258,2.8004,2.83754,2.87406,2.90998,2.94536,2.98022,3.01459,3.04848,3.08192,3.11492,3.1475,3.17966,3.21142,3.24278,3.27376,3.30437,3.33462,3.36455,3.39417,3.42352,3.4526,3.48144,3.51005,3.53846,3.56671,3.5949,3.6232,3.65196,3.68188,3.71435,3.75229,3.80164,3.87478,3.99742,4.22327,4.66512,5.56093,7.4166,11.3131
2.48666,2.53235,2.57494,2.62211,2.66533,2.70775,2.74925,2.78991,2.82973,2.86879,2.90712,2.94477,2.98178,3.01818,3.05402,3.08934,3.12418,3.15853,3.19243,3.2259,3.25894,3.29157,3.3238,3.35564,3.38708,3.41814,3.44885,3.47921,3.50925,3.53899,3.56846,3.59768,3.62666,3.65543,3.684,3.71242,3.74078,3.76926,3.79821,3.82832,3.861,3.89918,3.94886,4.02246,4.14588,4.3732,4.81796,5.71958,7.58736,11.5152
2.64266,2.68618,2.72474,2.77224,2.81487,2.85676,2.89781,2.93806,2.97754,3.0163,3.05437,3.09179,3.12861,3.16486,3.20057,3.2358,3.27056,3.30487,3.33875,3.37221,3.40527,3.43793,3.4702,3.50208,3.53358,3.56471,3.59549,3.62592,3.65604,3.68588,3.71546,3.7448,3.77391,3.80281,3.83152,3.86009,3.88861,3.91725,3.94637,3.97666,4.00955,4.04796,4.09793,4.17197,4.29614,4.52488,4.97245,5.87965,7.75833,11.7172
2.80547,2.84583,2.87751,2.92536,2.96735,3.00865,3.04917,3.08897,3.12804,3.16645,3.20421,3.24136,3.27794,3.31399,3.34955,3.38464,3.4193,3.45353,3.48736,3.52079,3.55383,3.58649,3.61877,3.65068,3.68221,3.71338,3.7442,3.7747,3.80488,3.83479,3.86446,3.89389,3.92312,3.95214,3.98098,4.00969,4.03835,4.06713,4.09641,4.12686,4.15993,4.19855,4.24881,4.32327,4.44815,4.67825,5.12857,6.04119,7.92922,11.9192
2.9723,3.0132,3.03339,3.08132,3.12263,3.16328,3.20323,3.24251,3.28113,3.31913,3.35654,3.39338,3.42968,3.4655,3.50085,3.53578,3.5703,3.60443,3.63818,3.67154,3.70455,3.73718,3.76945,3.80136,3.8329,3.86409,3.89494,3.92546,3.95569,3.98566,4.01539,4.04491,4.07422,4.10336,4.1323,4.16114,4.18992,4.21885,4.24826,4.27887,4.3121,4.35092,4.40144,4.47629,4.60186,4.83328,5.28627,6.20432,8.09963,12.1212
2.9723,3.18648,3.19274,3.23998,3.28058,3.32053,3.35985,3.39857,3.43669,3.47425,3.51125,3.54774,3.58373,3.61928,3.6544,3.68913,3.72349,3.75749,3.79113,3.82441,3.85735,3.88993,3.92217,3.95406,3.98559,4.01677,4.04763,4.07816,4.10841,4.13842,4.16821,4.19779,4.22719,4.25641,4.28545,4.31439,4.3433,4.37234,4.40188,4.43262,4.46601,4.50501,4.55578,4.63101,4.75723,4.9899,5.44552,6.36915,8.27395,12.1212
3.31148,3.34315,3.35553,3.40124,3.44108,3.48028,3.51892,3.55704,3.59462,3.63169,3.66826,3.70436,3.74,3.77525,3.8101,3.84461,3.87878,3.91262,3.94614,3.97931,4.01216,4.04467,4.07686,4.10871,4.14021,4.17137,4.20221,4.23274,4.26299,4.29302,4.32284,4.35248,4.38194,4.41124,4.44037,4.46941,4.49841,4.52757,4.55722,4.58809,4.62161,4.66079,4.71178,4.78736,4.91421,5.1481,5.60624,6.53551,8.45454,12.5253
3.31148,3.51222,3.52115,3.56498,3.60399,3.6424,3.68033,3.71781,3.75481,3.79136,3.82747,3.86313,3.89841,3.93332,3.96788,4.00214,4.0361,4.06977,4.10313,4.13618,4.16892,4.20135,4.23346,4.26525,4.29671,4.32782,4.35863,4.38913,4.41937,4.4494,4.47925,4.50893,4.53844,4.5678,4.59701,4.62613,4.65522,4.68447,4.71423,4.74521,4.77886,4.81819,4.8694,4.94531,5.07275,5.3078,5.7684,6.70321,8.63429,12.5253
3.6366,3.66587,3.68948,3.73107,3.76918,3.80678,3.84396,3.88076,3.91716,3.95316,3.98877,4.02399,4.05885,4.0934,4.12766,4.16165,4.19538,4.22884,4.26203,4.29494,4.32756,4.35988,4.39191,4.42362,4.45501,4.48607,4.51682,4.54728,4.57749,4.60752,4.63737,4.66708,4.69663,4.72605,4.75531,4.78451,4.81368,4.84302,4.87287,4.90395,4.93772,4.97719,5.0286,5.10482,5.23282,5.46899,5.93194,6.87212,8.82042,12.9293
3.79561,3.83095,3.8597,3.89939,3.93656,3.97329,4.0097,4.0458,4.08157,4.117,4.15209,4.18683,4.22126,4.25543,4.28935,4.32305,4.35653,4.38978,4.42279,4.45553,4.48802,4.52022,4.55214,4.58377,4.61507,4.64606,4.67674,4.70714,4.73731,4.7673,4.79715,4.82688,4.85646,4.88592,4.91524,4.9445,4.97374,5.00315,5.03309,5.06426,5.09813,5.13773,5.18933,5.26585,5.39438,5.63161,6.09681,7.04201,9.002,13.1313
3.96559,4.00053,4.03182,4.0698,4.10598,4.14184,4.17745,4.21284,4.24794,4.28278,4.31733,4.35158,4.38555,4.41931,4.45288,4.48627,4.5195,4.55252,4.58533,4.6179,4.65023,4.6823,4.7141,4.74562,4.77683,4.80772,4.83833,4.86865,4.89876,4.92872,4.95855,4.98828,5.01789,5.04738,5.07674,5.10605,5.13536,5.16484,5.19484,5.2261,5.26007,5.29979,5.35155,5.42835,5.55738,5.79562,6.26298,7.21296,9.18385,13.3333
4.13926,4.17352,4.20577,4.24218,4.27735,4.31231,4.34712,4.38176,4.41619,4.45042,4.4844,4.51814,4.55165,4.58498,4.61818,4.65125,4.6842,4.71699,4.74958,4.78197,4.81413,4.84605,4.87772,4.90913,4.94023,4.97102,5.00152,5.03176,5.0618,5.0917,5.12151,5.15124,5.18086,5.21038,5.23978,5.26913,5.29849,5.32803,5.3581,5.38943,5.42348,5.46331,5.51522,5.59228,5.7218,5.961,6.43043,7.38495,9.36607,13.5354
4.31585,4.34915,4.38144,4.41641,4.45055,4.48461,4.51859,4.55248,4.58623,4.61984,4.65324,4.68645,4.71947,4.75236,4.78517,4.81792,4.85058,4.88312,4.91549,4.94768,4.97967,5.01144,5.04296,5.07424,5.10523,5.1359,5.16629,5.19642,5.22637,5.25622,5.286,5.31572,5.34535,5.37488,5.40431,5.43369,5.46309,5.49268,5.52281,5.5542,5.58833,5.62826,5.68032,5.75762,5.88759,6.12771,6.5991,7.55796,9.54876,13.7374
4.49477,4.52696,4.55877,4.59238,4.6255,4.65864,4.69178,4.72492,4.75797,4.79095,4.82376,4.85642,4.88894,4.92139,4.95379,4.9862,5.01857,5.05085,5.083,5.11498,5.14679,5.17839,5.20977,5.24091,5.27176,5.3023,5.33257,5.36258,5.39243,5.42221,5.45196,5.48166,5.51129,5.54083,5.57028,5.59969,5.62913,5.65876,5.68893,5.72038,5.75457,5.79459,5.84679,5.92432,6.05471,6.29571,6.76898,7.73198,9.73195,13.9394
4.67564,4.70664,4.73765,4.76998,4.80207,4.83429,4.8666,4.89897,4.93134,4.96367,4.99588,5.02799,5.06,5.09198,5.12398,5.15604,5.18812,5.22013,5.25205,5.28382,5.31543,5.34686,5.37808,5.40907,5.43978,5.47019,5.50032,5.5302,5.55994,5.58964,5.61935,5.64902,5.67865,5.7082,5.73767,5.7671,5.79656,5.82622,5.85644,5.88793,5.92219,5.96229,6.0146,6.09235,6.22315,6.46498,6.94003,7.90697,9.91568,14.1414
4.85819,4.88797,4.91803,4.94913,4.98019,5.01149,5.04296,5.07457,5.10624,5.13793,5.16954,5.20109,5.23258,5.26408,5.29566,5.32738,5.35915,5.3909,5.42258,5.45413,5.48555,5.5168,5.54785,5.57869,5.60926,5.63951,5.6695,5.69923,5.72885,5.75847,5.78812,5.81777,5.84739,5.87694,5.90642,5.93586,5.96535,5.99504,6.02529,6.05682,6.09113,6.1313,6.18373,6.26167,6.39285,6.63547,7.11223,8.08293,10.1,14.3434
5.04223,5.07078,5.0998,5.12972,5.15977,5.19014,5.22078,5.25163,5.28261,5.31365,5.34467,5.37565,5.40661,5.43763,5.46879,5.50015,5.53162,5.56311,5.59455,5.62588,5.65709,5.68815,5.71903,5.74971,5.78013,5.81023,5.84005,5.86963,5.89912,5.92864,5.95824,5.98786,6.01747,6.04703,6.07651,6.10596,6.13546,6.16517,6.19545,6.22701,6.26137,6.3016,6.35413,6.43226,6.5638,6.80716,7.28554,8.25983,10.2848,14.5455
5.22762,5.25495,5.28289,5.31167,5.34071,5.37017,5.39997,5.43007,5.46038,5.49078,5.52119,5.5516,5.58203,5.61256,5.64329,5.6743,5.70547,5.73669,5.76789,5.799,5.83001,5.86088,5.89159,5.9221,5.95235,5.98229,6.01194,6.04136,6.0707,6.10013,6.12967,6.15926,6.18886,6.21841,6.24789,6.27735,6.30685,6.33658,6.36688,6.39847,6.43286,6.47315,6.52577,6.60407,6.73595,6.98003,7.45995,8.43765,10.4703,14.7475
5.41425,5.44037,5.46722,5.4949,5.52294,5.5515,5.58048,5.60984,5.63947,5.66924,5.69905,5.72889,5.75878,5.78881,5.81912,5.84978,5.88065,5.91161,5.94256,5.97345,6.00426,6.03494,6.06546,6.09581,6.12589,6.15566,6.18513,6.21437,6.24355,6.27288,6.30237,6.33193,6.36151,6.39105,6.42053,6.44999,6.4795,6.50924,6.53955,6.57117,6.60559,6.64592,6.69863,6.77709,6.90929,7.15404,7.63542,8.61637,10.6563,14.9495
5.602,5.62695,5.65271,5.67933,5.70639,5.73405,5.76222,5.79085,5.81983,5.84897,5.87819,5.90746,5.93681,5.96634,5.99621,6.02652,6.05711,6.08781,6.11853,6.14919,6.17979,6.21027,6.24062,6.27079,6.30071,6.3303,6.35958,6.38862,6.41764,6.44687,6.4763,6.50583,6.53539,6.56493,6.59441,6.62386,6.65337,6.68312,6.71344,6.74507,6.77951,6.81989,6.87267,6.95127,7.08377,7.32916,7.81193,8.79598,10.8428,15.1515
5.79078,5.81459,5.83928,5.86488,5.89098,5.91775,5.94512,5.97304,6.00138,6.02992,6.05855,6.08726,6.11606,6.14508,6.17452,6.2045,6.2348,6.26525,6.29573,6.32617,6.35657,6.38685,6.41702,6.447,6.47675,6.50616,6.53524,6.56408,6.59292,6.62205,6.65143,6.68093,6.71047,6.74001,6.76947,6.79892,6.82843,6.85817,6.8885,6.92014,6.9546,6.99501,7.04786,7.1266,7.25938,7.50537,7.98946,8.97645,11.0299,15.3535
5.98053,6.00322,6.02687,6.05148,6.07664,6.10254,6.12912,6.15635,6.18407,6.21202,6.24008,6.26822,6.29647,6.32499,6.354,6.38365,6.41368,6.44388,6.47413,6.50435,6.53455,6.56463,6.59461,6.62442,6.65399,6.68322,6.7121,6.74071,6.76936,6.79838,6.82772,6.8572,6.88673,6.91625,6.9457,6.97515,7.00465,7.03439,7.06471,7.09636,7.13083,7.17127,7.22418,7.30304,7.43608,7.68264,8.16799,9.15777,11.2176,15.5556
6.17116,6.19278,6.2154,6.23908,6.26331,6.28836,6.31416,6.34071,6.36784,6.39522,6.42272,6.45031,6.47802,6.50602,6.53459,6.56392,6.5937,6.62366,6.65368,6.68369,6.71369,6.74358,6.77338,6.803,6.8324,6.86144,6.89009,6.91847,6.94692,6.97584,7.00514,7.0346,7.06412,7.09363,7.12308,7.15251,7.182,7.21172,7.24204,7.27369,7.30817,7.34863,7.40159,7.48057,7.61386,7.86096,8.34748,9.33992,11.4058,15.7576
6.36262,6.3832,6.40482,6.4276,6.45093,6.47514,6.50018,6.52608,6.55264,6.57947,6.60642,6.63347,6.66063,6.68812,6.71625,6.74529,6.77482,6.80455,6.83436,6.86416,6.89395,6.92365,6.95326,6.98271,7.01193,7.04078,7.06921,7.09733,7.12557,7.15439,7.18366,7.21311,7.24262,7.27212,7.30155,7.33097,7.36045,7.39016,7.42046,7.45211,7.48659,7.52707,7.58007,7.65915,7.79268,8.04029,8.52793,9.52288,11.5945,15.9596
6.55483,6.57441,6.59505,6.61699,6.63944,6.66283,6.68713,6.71239,6.73842,6.76473,6.79115,6.81766,6.84428,6.87124,6.89894,6.92769,6.95699,6.98652,7.01611,7.04571,7.0753,7.10482,7.13424,7.16351,7.19255,7.22121,7.2494,7.27725,7.30526,7.334,7.36325,7.39269,7.4222,7.45169,7.4811,7.51051,7.53997,7.56966,7.59995,7.63159,7.66607,7.70657,7.75959,7.83877,7.97252,8.2206,8.7093,9.70663,11.7837,16.1616
6.74776,6.76637,6.78604,6.8072,6.82879,6.85137,6.87494,6.8996,6.92513,6.95094,6.97685,7.00284,7.02891,7.05534,7.0826,7.1111,7.1402,7.16953,7.19891,7.22832,7.25771,7.28704,7.31628,7.34538,7.37423,7.4027,7.43065,7.45821,7.48597,7.51463,7.54387,7.57333,7.60283,7.6323,7.66171,7.6911,7.72054,7.75021,7.78049,7.8121,7.84659,7.88708,7.94014,8.01941,8.15335,8.40189,8.89159,9.89116,11.9734,16.3636
6.94138,6.95905,6.97774,6.99818,7.01894,7.04073,7.06358,7.08765,7.11273,7.13807,7.16349,7.18897,7.2145,7.24039,7.2672,7.29547,7.32439,7.35354,7.38273,7.41194,7.44114,7.47028,7.49935,7.52826,7.55694,7.58522,7.61292,7.64018,7.66765,7.69625,7.72551,7.75498,7.78449,7.81395,7.84334,7.87271,7.90213,7.93177,7.96203,7.99362,8.0281,8.0686,8.12168,8.20103,8.33516,8.58412,9.07476,10.0764,12.1636,16.5657
7.13568,7.15242,7.17008,7.18988,7.20983,7.23085,7.25298,7.27649,7.30116,7.32608,7.35102,7.376,7.401,7.42633,7.45269,7.48077,7.50954,7.53852,7.56753,7.59655,7.62555,7.65452,7.68341,7.71216,7.74065,7.76874,7.79619,7.82311,7.85029,7.87885,7.90814,7.93764,7.96715,7.9966,8.02597,8.05531,8.08471,8.11433,8.14456,8.17613,8.2106,8.25109,8.3042,8.38361,8.51792,8.76728,9.25881,10.2625,12.3543,16.7677
7.33067,7.34647,7.36303,7.38225,7.40143,7.42169,7.44311,7.46607,7.4904,7.51492,7.53942,7.56392,7.58838,7.61315,7.63904,7.66697,7.69561,7.72443,7.75327,7.78211,7.81093,7.83972,7.86844,7.89701,7.92533,7.95323,7.98042,8.00699,8.03383,8.06239,8.09173,8.12126,8.15079,8.18022,8.20958,8.2389,8.26826,8.29785,8.32806,8.3596,8.39405,8.43454,8.48766,8.56714,8.70161,8.95134,9.44372,10.4493,12.5453,16.9697
7.52639,7.54123,7.55654,7.57526,7.59369,7.61322,7.63393,7.65634,7.68041,7.70455,7.72863,7.75267,7.77661,7.80079,7.8262,7.85402,7.88257,7.91126,7.93993,7.9686,7.99724,8.02586,8.05441,8.08281,8.11096,8.13866,8.1656,8.19178,8.21825,8.24683,8.27626,8.30584,8.33538,8.3648,8.39413,8.42342,8.45276,8.48232,8.5125,8.54401,8.57844,8.61892,8.67205,8.75159,8.8862,9.13629,9.62946,10.6368,12.7368,17.1717
7.72295,7.73676,7.75056,7.76886,7.78658,7.80539,7.82539,7.84727,7.87113,7.89496,7.91864,7.94223,7.96565,7.98923,8.01412,8.04191,8.0704,8.09897,8.12749,8.15598,8.18445,8.2129,8.24129,8.26953,8.29752,8.32502,8.35169,8.37747,8.40352,8.43217,8.4617,8.49135,8.52091,8.55032,8.57962,8.60888,8.63819,8.66771,8.69786,8.72934,8.76375,8.80421,8.85735,8.93693,9.07168,9.32211,9.81603,10.825,12.9286,17.3737
7.92047,7.93314,7.94507,7.96303,7.98007,7.99818,8.01747,8.0388,8.06256,8.08609,8.10941,8.13257,8.15548,8.17844,8.20278,8.23059,8.25907,8.28753,8.3159,8.34423,8.37254,8.40082,8.42905,8.45714,8.48496,8.51228,8.53868,8.56402,8.58959,8.61838,8.64805,8.67776,8.70735,8.73674,8.76602,8.79525,8.82452,8.854,8.88411,8.91556,8.94994,8.99039,9.04353,9.12315,9.25803,9.50876,10.0034,11.0139,13.1208,17.5758
8.11923,8.13057,8.14005,8.15773,8.17414,8.19156,8.21012,8.23088,8.25465,8.27794,8.30091,8.32366,8.34607,8.36838,8.39212,8.42006,8.44855,8.47692,8.50516,8.53334,8.56148,8.58961,8.61768,8.64561,8.67328,8.70041,8.72654,8.7514,8.77642,8.80542,8.83527,8.86506,8.89468,8.92406,8.95331,8.9825,9.01173,9.04117,9.07124,9.10266,9.13701,9.17743,9.23058,9.31023,9.44523,9.69625,10.1916,11.2035,13.3132,17.7778
8.31959,8.32932,8.33553,8.35295,8.36875,8.3855,8.40332,8.42348,8.44737,8.47046,8.49312,8.51548,8.53739,8.55904,8.5821,8.61028,8.63882,8.66712,8.69524,8.72326,8.75125,8.77922,8.80715,8.83494,8.86246,8.8894,8.91525,8.93961,8.96397,8.99329,9.02334,9.05323,9.08287,9.11224,9.14145,9.17061,9.19981,9.2292,9.25923,9.29062,9.32493,9.36533,9.41847,9.49815,9.63325,9.88455,10.3805,11.3939,13.5059,17.9798
8.52167,8.52979,8.53154,8.54863,8.56388,8.57998,8.59704,8.61653,8.6407,8.66364,8.68601,8.70799,8.72944,8.75038,8.77266,8.80122,8.82985,8.85809,8.8861,8.91398,8.94182,8.96965,8.99743,9.02508,9.05245,9.07922,9.10479,9.12861,9.15219,9.18196,9.21227,9.24225,9.27192,9.30127,9.33045,9.35957,9.38872,9.41808,9.44806,9.47941,9.51368,9.55405,9.60719,9.68689,9.82209,10.0736,10.5702,11.5849,13.6988,18.1818
8.7172,8.7324,8.72816,8.74478,8.75951,8.77499,8.79126,8.80999,8.83461,8.85744,8.87956,8.90119,8.92217,8.9424,8.96376,8.99287,9.02165,9.04984,9.07773,9.10547,9.13317,9.16086,9.1885,9.21602,9.24326,9.26985,9.29516,9.3184,9.34104,9.37143,9.40202,9.43211,9.4618,9.49113,9.52028,9.54936,9.57846,9.60777,9.63771,9.66901,9.70324,9.74358,9.79671,9.87644,10.0117,10.2635,10.7607,11.7768,13.8918,18.3838
8.7172,8.93391,8.92548,8.94137,8.95562,8.9705,8.98597,9.0038,9.02909,9.05186,9.07373,9.09505,9.11559,9.13507,9.15534,9.18522,9.21418,9.24233,9.27011,9.29772,9.32528,9.35283,9.38035,9.40773,9.43484,9.46128,9.48633,9.50896,9.53046,9.56168,9.5926,9.62278,9.65249,9.68181,9.71092,9.73995,9.769,9.79826,9.82815,9.85941,9.8936,9.9339,9.98702,10.0668,10.2021,10.4541,10.9518,11.9693,14.0881,18.3838
9.12537,9.12296,9.12332,9.13839,9.15219,9.16651,9.18115,9.1979,9.22412,9.24686,9.26852,9.28955,9.30968,9.32839,9.34733,9.37826,9.40742,9.43554,9.46323,9.49071,9.51814,9.54556,9.57295,9.6002,9.62719,9.65348,9.67828,9.70028,9.72037,9.75269,9.78397,9.81427,9.84399,9.87328,9.90235,9.93134,9.96034,9.98954,10.0194,10.0506,10.0847,10.125,10.1781,10.2579,10.3933,10.6455,11.1437,12.1625,14.2877,18.7879
9.30955,9.31799,9.32141,9.33581,9.34921,9.36301,9.37682,9.39221,9.41969,9.44244,9.4639,9.48466,9.50442,9.52236,9.53966,9.57198,9.60137,9.62947,9.65705,9.68442,9.71171,9.73901,9.76628,9.79341,9.82028,9.84644,9.87101,9.89236,9.91071,9.94449,9.97615,10.0065,10.0363,10.0655,10.0946,10.1235,10.1524,10.1816,10.2114,10.2425,10.2766,10.3169,10.3699,10.4497,10.5852,10.8376,11.3363,12.3562,14.4844,18.9899
9.50595,9.51427,9.51978,9.53363,9.54666,9.56,9.57297,9.58664,9.61579,9.63856,9.65985,9.68038,9.6998,9.71698,9.73225,9.76638,9.79602,9.82408,9.85157,9.87882,9.90599,9.93317,9.96032,9.98734,10.0141,10.0401,10.0645,10.0852,10.1014,10.1371,10.1691,10.1996,10.2293,10.2586,10.2875,10.3164,10.3453,10.3744,10.4041,10.4352,10.4693,10.5095,10.5625,10.6423,10.7778,11.0304,11.5296,12.5505,14.6814,19.1919
9.70309,9.7116,9.71841,9.73181,9.74453,9.75747,9.76965,9.78111,9.81243,9.83523,9.85635,9.87668,9.89581,9.91228,9.92498,9.96148,9.99134,10.0194,10.0468,10.0739,10.101,10.128,10.1551,10.182,10.2086,10.2345,10.2588,10.2788,10.2923,10.3305,10.3629,10.3934,10.4231,10.4523,10.4812,10.5101,10.5389,10.5679,10.5976,10.6287,10.6627,10.7028,10.7558,10.8356,10.9712,11.224,11.7235,12.7455,14.8787,19.3939
9.90121,9.90972,9.9173,9.93034,9.94279,9.95541,9.96688,9.97548,10.0096,10.0324,10.0534,10.0735,10.0924,10.1083,10.1177,10.1573,10.1874,10.2153,10.2426,10.2696,10.2966,10.3235,10.3505,10.3773,10.4038,10.4297,10.4537,10.4733,10.4833,10.5247,10.5574,10.588,10.6177,10.6468,10.6757,10.7044,10.7332,10.7622,10.7918,10.8228,10.8568,10.8968,10.9498,11.0296,11.1653,11.4182,11.9181,12.9409,15.0764,19.596
10.1001,10.1085,10.1164,10.1292,10.1414,10.1538,10.1648,10.1696,10.2073,10.2301,10.251,10.271,10.2897,10.3051,10.3104,10.3539,10.384,10.4119,10.4391,10.466,10.4929,10.5197,10.5465,10.5733,10.5997,10.6255,10.6494,10.6686,10.6742,10.7198,10.7527,10.7833,10.8129,10.842,10.8708,10.8995,10.9282,10.9571,10.9867,11.0176,11.0515,11.0916,11.1445,11.2243,11.36,11.6131,12.1134,13.137,15.2744,19.798
10.3011,10.3094,10.3175,10.3302,10.3423,10.3546,10.3654,10.3654,10.4079,10.4307,10.4515,10.4714,10.4901,10.5053,10.5053,10.5541,10.5843,10.6121,10.6393,10.6662,10.693,10.7198,10.7466,10.7733,10.7997,10.8254,10.8493,10.8684,10.8684,10.9195,10.9525,10.9831,11.0127,11.0418,11.0706,11.0992,11.1279,11.1568,11.1864,11.2173,11.2512,11.2912,11.3441,11.4239,11.5596,11.8127,12.3131,13.3371,15.4751,20
