SPACE_POINTS_X
50,50.1306,50.2613,50.3919,50.5225,50.6531,50.7838,50.9144,51.045,51.1756,51.3063,51.4369,51.5675,51.6982,51.8288,51.9594,52.09,52.2207,52.3513,52.4819,52.6125,52.7432,52.8738,53.0044,53.135,53.2657,53.3963,53.5269,53.6576,53.7882,53.9188,54.0494,54.1801,54.3107,54.4413,54.5719,54.7026,54.8332,54.9638,55.0944,55.2251,55.3557,55.4863,55.617,55.7476,55.8782,56.0088,56.1395,56.2701,56.4007,56.5313,56.662,56.7926,56.9232,57.0539,57.1845,57.3151,57.4457,57.5764,57.707,57.8376,57.9682,58.0989,58.2295,58.3601,58.4907,58.6214,58.752,58.8826,59.0133,59.1439,59.2745,59.4051,59.5358,59.6664,59.797,59.9276,60.0583,60.1889,60.3195,60.4501,60.5808,60.7114,60.842,60.9727,61.1033,61.2339,61.3645,61.4952,61.6258,61.7564,61.887,62.0177,62.1483,62.2789,62.4096,62.5402,62.6708,62.8014,62.9321,63.0627,63.1933,63.3239,63.4546,63.5852,63.7158,63.8465,63.9771,64.1077,64.2383,64.369,64.4996,64.6302,64.7608,64.8915,65.0221,65.1527,65.2833,65.414,65.5446,65.6752,65.8059,65.9365,66.0671,66.1977,66.3284,66.459,66.5896,66.7202,66.8509,66.9815,67.1121,67.2428,67.3734,67.504,67.6346,67.7653,67.8959,68.0265,68.1571,68.2878,68.4184,68.549,68.6796,68.8103,68.9409,69.0715,69.2021,69.3328,69.4634
SPACE_POINTS_Y
0,0.0079599,0.0159198,0.0238797,0.0318396,0.0397995,0.0477594,0.0557193,0.0636792,0.0716391,0.079599,0.0875589,0.0955188,0.103479,0.111439,0.119399,0.127358,0.135318,0.143278,0.151238,0.159198,0.167158,0.175118,0.183078,0.191038,0.198998,0.206958,0.214917,0.222877,0.230837,0.238797,0.246757,0.254717,0.262677,0.270637,0.278597,0.286557,0.294516,0.302476,0.310436,0.318396,0.326356,0.334316,0.342276,0.350236,0.358196,0.366156,0.374115,0.382075,0.390035
VALUES
0,0,0,0,0,0,0,0,0,0,0,0,0,0,0,0,0,0,0,0,0,0,0,0,0,0,0,0,0,0,0,0,0,0,0,0,0,0,0,0,0,0,0,0,0,0,0,0,0,0
0,4.70467,-0.0947753,4.74135,-0.109326,4.74461,-0.0602446,4.62507,0.100296,4.35734,0.358991,4.0615,0.611534,3.87483,0.767632,3.81941,0.8324,3.80208,0.906892,3.71243,1.09528,3.50877,1.41137,3.2356,1.77851,2.97314,2.10531,2.78975,2.35517,2.71031,2.53654,2.71918,2.67974,2.78954,2.814,2.90625,2.96868,3.07009,3.16456,3.2931,3.43057,3.60848,3.81731,4.09272,4.44917,4.95983,5.75231,7.27741,12,50
0,9.16679,-0.122361,9.28318,-0.167292,9.33914,-0.0759746,9.11571,0.253526,8.59179,0.763446,8.02266,1.24945,7.67241,1.54551,7.57745,1.6678,7.55011,1.81618,7.37253,2.19365,6.96627,2.82383,6.42373,3.553,5.90518,4.19983,5.54452,4.69293,5.3897,5.05043,5.40897,5.33292,5.54909,5.59792,5.77986,5.90298,6.10292,6.28863,6.54139,6.81085,7.1592,7.56645,8.10189,8.79033,9.76746,11.2531,13.9529,20.6673,50
0,13.5127,-0.134366,13.6939,-0.189158,13.791,-0.0223976,13.4412,0.497648,12.6676,1.24341,11.8554,1.93318,11.3715,2.3458,11.2568,2.51383,11.2292,2.73203,10.9676,3.29601,10.3619,4.23524,9.55546,5.31884,8.78811,6.27707,8.25647,7.00547,8.02984,7.53275,8.06008,7.94945,8.26806,8.34015,8.60844,8.78922,9.08361,9.35555,9.72626,10.1195,10.6274,11.2179,11.9914,12.9771,14.3602,16.4135,19.9513,27.5314,50
0,17.7644,-0.147165,18.0053,-0.176708,18.0778,0.144075,17.5557,0.870887,16.5528,1.81956,15.5395,2.67383,14.9566,3.1755,14.8437,3.37515,14.8267,3.65696,14.4864,4.40245,13.686,5.64315,12.6224,7.07138,11.6144,8.33073,10.9181,9.28533,10.6228,9.97503,10.6638,10.5198,10.9365,11.0298,11.3804,11.6147,11.9984,12.35,12.8307,13.3371,13.991,14.7456,15.7299,16.9709,18.6894,21.1741,25.2396,32.9403,50
0,21.9286,-0.166546,22.1918,-0.0564549,22.1069,0.503056,21.4012,1.40496,20.2266,2.49909,19.066,3.47301,18.4196,4.03605,18.3286,4.25331,18.3324,4.59174,17.9191,5.51215,16.9297,7.04475,15.617,8.80597,14.3769,10.3548,13.5226,11.5255,13.1613,12.3693,13.2118,13.035,13.5451,13.6568,14.0852,14.3677,14.8347,15.258,15.8394,16.4465,17.2306,18.1273,19.2917,20.7415,22.7201,25.5014,29.8296,37.1869,50
0,26.0205,-0.10982,26.0508,0.39137,25.7145,1.14252,24.9382,2.10566,23.6903,3.27159,22.4384,4.32308,21.7586,4.92392,21.7057,5.14699,21.7385,5.53553,21.2575,6.62348,20.0856,8.43698,18.5324,10.5181,17.0693,12.3436,16.0634,13.7193,15.6385,14.7084,15.6969,15.487,16.0856,16.2121,16.7132,17.038,17.5814,18.0676,18.7392,19.4333,20.3301,21.345,22.6567,24.2668,26.4307,29.3837,33.7619,40.5153,50
0,29.6808,0.681174,29.0174,1.47234,28.7901,2.0663,28.1955,2.93226,26.9741,4.10907,25.671,5.2093,24.9771,5.83187,24.9725,6.0526,25.0396,6.48606,24.4953,7.73407,23.1472,9.81654,21.3624,12.2034,19.686,14.2917,18.5348,15.8609,18.0483,16.9855,18.1122,17.8686,18.5505,18.6875,19.2561,19.6164,20.2291,20.7683,21.5191,22.2853,23.2766,24.3848,25.8105,27.5331,29.8113,32.8262,37.0926,43.1276,50
4.66882,29.4179,3.76187,30.7646,3.05139,31.5413,3.09851,31.2933,3.79922,30.1295,4.97316,28.7836,6.11373,28.0814,6.75074,28.1289,6.96504,28.2322,7.44006,27.6274,8.84103,26.1091,11.18,24.102,13.8576,22.2217,16.1943,20.9318,17.9448,20.3853,19.1948,20.4519,20.1733,20.9334,21.0762,21.7067,22.0953,22.7697,23.3516,24.1702,24.9931,26.0605,27.2371,28.7443,30.5337,32.8623,35.8473,39.8847,45.1673,51.0067
4.66882,32.9546,4.43369,33.6522,4.02169,34.4967,3.96081,34.3831,4.61392,33.2076,5.82809,31.7943,7.0198,31.0777,7.67121,31.1757,7.87856,31.314,8.39362,30.65,9.94111,28.9672,12.524,26.7469,15.4768,24.6723,18.047,23.2498,19.9661,22.6449,21.3313,22.7109,22.3957,23.2288,23.3722,24.059,24.4683,25.1968,25.8108,26.6857,27.5501,28.6754,29.896,31.4539,33.2683,35.5919,38.4742,42.2045,46.7116,51.0067
4.66882,36.6565,4.46402,37.1543,4.39484,37.7662,4.54422,37.5368,5.32741,36.2342,6.65335,34.7127,7.91589,33.9701,8.58524,34.1139,8.78742,34.2838,9.34258,33.5605,11.0309,31.718,13.8452,29.2935,17.0574,27.0342,19.8458,25.4854,21.9207,24.8232,23.3904,24.8852,24.5312,25.4322,25.5709,26.3085,26.7306,27.5058,28.1412,29.0612,29.9518,31.1177,32.3594,33.9398,35.7424,38.0148,40.7399,44.1193,47.8921,51.0067
4.66882,40.2344,4.43047,40.7453,4.48688,41.1931,4.91592,40.72,5.95325,39.1997,7.44857,37.5379,8.7966,36.7599,9.48666,36.9443,9.68641,37.141,10.2829,36.357,12.1071,34.3591,15.1402,31.7392,18.596,29.3046,21.5872,27.6353,23.8051,26.917,25.3686,26.9714,26.5762,27.5403,27.6686,28.4517,28.8788,29.6932,30.3395,31.2939,32.1964,33.3866,34.6283,36.2063,37.9655,40.1502,42.6802,45.6917,48.7965,51.0067
4.66882,43.6995,4.39706,44.2525,4.51032,44.5808,5.2221,43.8311,6.55041,42.0684,8.22856,40.2609,9.66138,39.4463,10.3712,39.6671,10.5712,39.885,11.2108,39.0383,13.1664,36.8889,16.4064,34.0819,20.0899,31.4813,23.2684,29.6976,25.6165,28.9241,27.2632,28.967,28.528,29.5506,29.6627,30.4863,30.9105,31.7575,32.4043,33.3832,34.2839,35.4839,36.7065,38.2608,39.9505,42.0204,44.3319,46.9788,49.4955,51.0067
4.66882,47.053,4.35849,47.6071,4.61765,47.7426,5.6222,46.7541,7.18804,44.7991,9.01158,42.8715,10.5116,42.0275,11.236,42.2824,11.4382,42.5157,12.1231,41.6037,14.2062,39.3062,17.6409,36.3205,21.5365,33.5629,24.887,31.6704,27.3526,30.8427,29.0721,30.8705,30.3847,31.4617,31.5517,32.4112,32.8248,33.698,34.3357,35.3301,36.2164,37.4133,38.6003,40.113,41.7129,43.649,45.7306,48.0307,50.0459,51.0067
4.66882,50.3061,4.39948,50.6089,5.0347,50.4906,6.24265,49.4098,7.90847,47.3676,9.80732,45.3634,11.3475,44.5022,12.079,44.7897,12.2849,45.0327,13.0173,44.0527,15.224,41.6105,18.8417,38.4542,22.9337,35.5486,26.4412,33.553,29.0118,32.6719,30.794,32.681,32.1453,33.273,33.3351,34.2264,34.622,35.5157,36.1351,37.1369,37.9976,39.1803,40.3175,41.7748,43.2695,45.0604,46.9103,48.8904,50.4933,51.0067
4.66882,53.1042,5.14797,52.7406,6.03411,52.7234,7.10391,51.8014,8.70238,49.7796,10.6107,47.738,12.1669,46.8703,12.8987,47.189,13.1096,47.4361,13.8915,46.3855,16.2179,43.802,20.0069,40.4829,24.2801,37.4383,27.9296,35.345,30.5932,34.4116,32.4282,34.3984,33.8096,34.9848,35.0132,35.9327,36.3031,37.2125,37.8051,38.8074,39.6324,40.7919,41.8676,43.259,44.6381,46.2788,47.9022,49.5934,50.8748,51.0067
9.0823,52.203,7.99707,53.7427,7.47458,54.6355,8.05483,54.0258,9.51151,52.0659,11.4049,50.0026,12.9658,49.1325,13.6938,49.4797,13.9114,49.7255,14.7442,48.6021,17.1864,45.881,21.1351,42.4072,25.5744,39.2322,29.3515,37.0467,32.0963,36.062,33.9748,36.0234,35.3782,36.598,36.5872,37.5319,37.8704,38.7914,39.3494,40.3465,41.127,42.2561,43.2611,44.5796,45.8367,47.3272,48.7346,50.1683,51.1987,52.0134
9.0823,54.8311,8.6352,55.7429,8.37344,56.6962,8.85334,56.2134,10.2647,54.2633,12.1713,52.1651,13.7404,51.2897,14.464,51.6617,14.6901,51.9012,15.575,50.7033,18.1285,47.8485,22.2253,44.2281,26.8159,40.9313,30.7066,38.6591,33.5213,37.6242,35.4344,37.5571,36.8521,38.1145,38.059,39.0265,39.3268,40.256,40.7724,41.7597,42.4885,43.582,44.5092,45.7505,46.8829,48.2275,49.4328,50.6396,51.4341,52.0134
9.0823,57.608,8.65634,58.2978,8.72296,59.0157,9.40106,58.4296,10.9242,56.3913,12.9004,54.2295,14.4897,53.342,15.2099,53.7346,15.446,53.9632,16.3835,52.6899,19.0436,49.7057,23.2768,45.9469,28.0043,42.537,31.9948,40.1835,34.8688,39.0996,36.808,39.0014,38.2331,39.5366,39.4311,40.4197,40.6758,41.6108,42.0794,43.0537,43.7245,44.7788,45.6232,46.7859,47.7937,48.9999,50.0194,51.0297,51.6229,52.0134
9.0823,60.2493,8.61313,60.9268,8.80583,61.4614,9.75663,60.6476,11.5043,58.4425,13.597,56.1936,15.2157,55.2886,15.9329,55.6982,16.1801,55.9119,17.17,54.563,19.9315,51.4545,24.2895,47.5655,29.1396,44.0511,33.2168,41.6216,36.1398,40.4903,38.0974,40.3585,39.5235,40.8671,40.7065,41.7152,41.9216,42.8609,43.276,44.2351,44.8431,45.8562,46.6148,47.6995,48.5852,49.6627,50.5138,51.3573,51.7815,52.0134
9.0823,62.7699,8.57141,63.4653,8.82401,63.8545,10.0542,62.78,12.0584,60.3879,14.2773,58.0499,15.9233,57.1277,16.6351,57.5523,16.8937,57.7483,17.9348,56.3243,20.7922,53.0969,25.2633,49.0862,30.2222,45.4759,34.3735,42.9757,37.3357,41.7985,39.3046,41.6313,40.7259,42.1094,41.8887,42.9172,43.0689,44.0117,44.3686,45.3113,45.8526,46.8241,47.4951,48.5044,49.2724,50.2323,50.9328,51.6375,51.924,52.0134
9.0823,65.1768,8.52675,65.8456,8.92933,66.0207,10.4419,64.7259,12.6484,62.1948,14.9593,59.7908,16.6176,58.8581,17.3188,59.2972,17.5879,59.4734,18.6788,57.9757,21.626,54.6354,26.1987,50.5115,31.2529,46.8138,35.466,44.2483,38.4585,43.027,40.4321,42.8228,41.8435,43.2672,42.9817,44.0303,44.1226,45.0689,45.3633,46.2896,46.7613,47.6921,48.2752,49.2131,49.869,50.7234,51.2903,51.8824,52.0625,52.0134
9.0823,67.485,8.5683,67.8722,9.33958,67.7884,11.0355,66.4188,13.3126,63.8448,15.6539,61.4124,17.3025,60.4797,17.986,60.9341,18.2641,61.089,19.4026,59.5194,22.4335,56.0726,27.096,51.8443,32.2324,48.0678,36.4959,45.4423,39.5101,44.1789,41.4824,43.9364,42.8795,44.3444,43.9896,45.0592,45.0879,46.0384,46.2669,47.1776,47.5776,48.4697,48.9654,49.8372,50.3873,51.1485,51.5982,52.101,52.2079,52.0134
9.0823,69.3373,9.31092,69.0608,10.3018,69.0749,11.8502,67.866,14.0446,65.3439,16.3601,62.917,17.9789,61.9939,18.6379,62.4647,18.9233,62.5975,20.1068,60.9584,23.215,57.4118,27.9561,53.0878,33.1622,49.2409,37.465,46.5608,40.493,45.2575,42.4585,44.9757,43.8377,45.3453,44.9168,46.009,45.97,46.9264,47.0858,47.9824,48.3095,49.1657,49.5757,50.3873,50.8385,51.5187,51.8658,52.2994,52.3701,52.0134
13.378,67.6339,12.0372,69.2055,11.6668,70.0703,12.7476,69.1557,14.7972,66.7187,17.0672,64.3118,18.6455,63.4041,19.275,63.8918,19.5663,64.0016,20.7921,62.2958,23.9714,58.6562,28.78,54.2453,34.0435,50.3365,38.3752,47.6071,41.4097,46.2661,43.3637,45.9446,44.7216,46.2742,45.7677,46.8847,46.7744,47.7388,47.8264,48.7115,48.9648,49.7889,50.1151,50.8732,51.2324,51.8434,52.1011,52.4808,52.5372,53.0201
13.378,69.3385,12.6751,70.2816,12.5353,71.2022,13.5153,70.4004,15.5153,67.9992,17.7628,65.6056,19.3003,64.7144,19.8972,65.2188,20.1934,65.3049,21.4591,63.535,24.7033,59.8095,29.5686,55.3204,34.8779,51.3581,39.2286,48.5846,42.2628,47.2085,44.2013,46.8471,45.5353,47.1356,46.5469,47.6914,47.5063,48.4815,48.4952,49.3717,49.5509,50.3472,50.5922,51.3037,51.5778,52.1307,52.3106,52.6481,52.6644,53.0201
13.378,71.2149,12.7033,71.9077,12.8873,72.5715,14.0763,71.6496,16.1743,69.2014,18.4403,66.8056,19.9412,65.9298,20.5041,66.4499,20.805,66.511,22.1083,64.6799,25.4116,60.8755,30.3231,56.3168,35.6671,52.3092,40.0275,49.497,43.0553,48.0884,44.9745,47.6871,46.2827,47.9339,47.259,48.4343,48.1712,49.1604,49.0983,49.9697,50.0749,50.8481,51.0146,51.6865,51.882,52.3873,52.4995,52.8058,52.7813,53.0201
13.378,72.9728,12.6625,73.6273,13.0021,74.0338,14.5074,72.868,16.7927,70.3219,19.1015,67.9162,20.5671,67.0553,21.0951,67.5895,21.4011,67.6242,22.7401,65.7344,26.0969,61.8581,31.0449,57.2383,36.4129,53.1936,40.7744,50.3478,43.79,48.9096,45.6868,48.4687,46.9677,48.6737,47.9085,49.1182,48.7742,49.7812,49.6414,50.5118,50.5433,51.2986,51.3892,52.0287,52.1517,52.619,52.6722,52.9571,52.8954,53.0201
13.378,74.6358,12.6222,75.2397,13.1369,75.3725,14.9581,73.9736,17.4133,71.3462,19.7526,68.9406,21.1773,68.0962,21.6695,68.6423,21.9817,68.6488,23.355,66.7026,26.7602,62.7614,31.7352,58.0889,37.1173,54.015,41.4716,51.1408,44.47,49.6757,46.3417,49.1959,47.5941,49.3592,48.4997,49.7481,49.3201,50.3491,50.1303,51.0039,50.9621,51.7048,51.7225,52.3363,52.3925,52.8305,52.8319,53.1044,53.014,53.0201
13.378,76.2237,12.675,76.5212,13.5534,76.3829,15.562,74.8982,18.07,72.2652,20.3971,69.8829,21.7707,69.0578,22.2266,69.6133,22.5469,69.5891,23.9536,67.5887,27.4024,63.5893,32.3954,58.8723,37.7821,54.7771,42.1217,51.8797,45.0981,50.3907,46.9427,49.8728,48.166,49.9949,49.0371,50.3286,49.8138,50.8694,50.57,51.4515,51.337,52.0726,52.0198,52.6148,52.6092,53.0257,52.9813,53.249,53.1445,53.0201
13.378,77.3741,13.4234,77.0105,14.4938,76.9711,16.3514,75.6389,18.7613,73.0869,21.0315,70.7504,22.3454,69.9456,22.7659,70.507,23.0971,70.4497,24.5364,68.3971,28.0246,64.3461,33.027,59.5924,38.4092,55.4837,42.727,52.568,45.6773,51.0581,47.493,50.5032,48.687,50.5848,49.5248,50.8643,50.2599,51.3469,50.9655,51.8598,51.6729,52.407,52.2862,52.8689,52.8058,53.2078,53.1223,53.3909,53.2939,53.0201
17.5817,75.1008,16.0615,76.5414,15.807,77.313,17.2064,76.2714,19.4481,73.8357,21.6458,71.5519,22.8996,70.7649,23.2876,71.3279,23.6327,71.2346,25.1043,69.1317,28.6277,65.0357,33.6315,60.2532,39.0008,56.1384,43.2902,53.2094,46.2105,51.6818,47.996,51.0909,49.1608,51.133,49.9666,51.3593,50.6625,51.7859,51.3212,52.2334,51.9746,52.7127,52.5261,53.1025,52.9857,53.3795,53.2565,53.5291,53.4485,54.0268
17.5817,76.1545,16.7085,76.9674,16.6591,77.805,17.931,76.9005,20.0801,74.5396,22.2299,72.2958,23.4322,71.5201,23.792,72.08,24.1545,71.948,25.658,69.7966,29.2129,65.662,34.2104,60.8584,39.5587,56.745,43.8136,53.8074,46.7006,52.2651,48.4549,51.6395,49.5908,51.6434,50.3665,51.8178,51.0256,52.1909,51.6415,52.5766,52.2462,52.9938,52.7432,53.3191,53.1519,53.5431,53.3852,53.6629,53.5636,54.0268
17.5817,77.4137,16.7508,77.9516,17.0148,78.5571,18.4405,77.5817,20.6316,75.2139,22.7803,72.9865,23.9441,72.2144,24.2804,72.7669,24.6637,72.5937,26.1987,70.3958,29.7814,66.229,34.7653,61.4117,40.085,57.3068,44.2996,54.3654,47.1502,52.8115,48.8728,52.1526,49.9804,52.1195,50.7278,52.2436,51.3531,52.5657,51.93,52.8932,52.4914,53.2539,52.9409,53.5218,53.3066,53.7002,53.5095,53.7942,53.6669,54.0268
17.5817,78.5841,16.7232,79.0619,17.1152,79.4646,18.7826,78.2955,21.1167,75.8534,23.3034,73.6242,24.4384,72.8501,24.7545,73.3917,25.1615,73.1752,26.7274,70.9328,30.3343,66.7405,35.2975,61.9168,40.5814,57.8275,44.7506,54.8868,47.5622,53.3243,49.2525,52.6336,50.3328,52.5648,51.0541,52.6401,51.6482,52.9138,52.1903,53.1868,52.7135,53.4961,53.122,53.713,53.4521,53.8523,53.6305,53.9243,53.7647,54.0268
17.5817,79.6826,16.6984,80.136,17.1525,80.3678,19.0755,78.9704,21.5802,76.4374,23.8128,74.2056,24.9196,73.4289,25.2165,73.9574,25.6493,73.696,27.2455,71.4115,30.873,67.1999,35.8087,62.377,41.0499,58.3103,45.1687,55.3746,47.9389,53.8067,49.597,53.0855,50.6508,52.9826,51.3483,53.0106,51.9143,53.2385,52.4254,53.4605,52.9154,53.7234,53.289,53.8949,53.5898,54.0007,53.7489,54.0546,53.8635,54.0268
17.5817,80.7216,16.6739,81.1004,17.2797,81.1045,19.4518,79.5234,22.0729,76.9428,24.3226,74.7278,25.3917,73.9524,25.6683,74.4667,26.1286,74.1594,27.7539,71.8351,31.3986,67.611,36.3002,62.7958,41.4923,58.7583,45.5562,55.832,48.2828,54.2615,49.9087,53.5114,50.9374,53.3758,51.6134,53.3582,52.1543,53.5428,52.6383,53.7171,53.0999,53.9381,53.444,54.0692,53.7211,54.1463,53.8652,54.186,53.9693,54.0268
17.5817,81.7159,16.7475,81.7618,17.7014,81.5233,20.0108,79.9019,22.6245,77.3589,24.8399,75.191,25.8571,74.423,26.1115,74.9224,26.6009,74.5684,28.2541,72.2072,31.9122,67.977,36.7733,63.1766,41.9101,59.1747,45.915,56.2619,48.5963,54.6917,50.1904,53.914,51.195,53.7472,51.852,53.6856,52.3706,53.8295,52.8315,53.9591,53.2691,54.1424,53.5888,54.2375,53.8472,54.2899,53.9799,54.3187,54.0887,54.0268
17.5817,82.2966,17.5124,81.6863,18.6236,81.5639,20.7602,80.1175,23.227,77.6951,25.3622,75.5999,26.3162,74.8438,26.5474,75.3273,27.0675,74.9263,28.7472,72.5308,32.415,68.3013,37.2294,63.5223,42.305,59.5624,46.2472,56.6669,48.8814,55.0999,50.4442,54.2961,51.4262,54.0995,52.0666,53.9954,52.5659,54.1008,53.0072,54.1887,53.4249,54.338,53.725,54.401,53.969,54.432,54.093,54.4521,54.228,54.0268
21.7016,79.5898,20.0724,80.7452,19.8876,81.4032,21.5767,80.2496,23.838,77.9769,25.8793,75.9626,26.768,75.2182,26.9771,75.6843,27.5296,75.2358,29.2341,72.8094,32.9078,68.5871,37.6697,63.8362,42.6785,59.9242,46.5544,57.0498,49.1403,55.4885,50.6724,54.66,51.6332,54.4349,52.2594,54.29,52.7422,54.3591,53.1675,54.4079,53.5693,54.5266,53.8538,54.5609,54.0872,54.5732,54.2049,54.5844,54.3732,55.0336
21.7016,80.1362,20.739,80.6678,20.7242,81.4066,22.2767,80.3988,24.4074,78.2328,26.3799,76.2871,27.2114,75.5498,27.4014,75.9962,27.9884,75.5001,29.7158,73.0458,33.3916,68.8376,38.095,64.121,43.032,60.2628,46.8384,57.4129,49.3748,55.8599,50.8769,55.0079,51.818,54.7558,52.4326,54.5713,52.9016,54.6061,53.3142,54.6183,53.7035,54.7094,53.9763,54.7178,54.2025,54.7138,54.3156,54.7148,54.4812,55.0336
21.7016,80.9263,20.8044,81.1616,21.0866,81.6816,22.7788,80.6185,24.9086,78.4789,26.8589,76.5787,27.6464,75.8415,27.8214,76.2655,28.4446,75.722,30.1929,73.2435,33.867,69.0558,38.5065,64.3796,43.3666,60.5807,47.1008,57.7586,49.5867,56.2162,51.0598,55.342,51.9825,55.0641,52.5879,54.8414,53.0457,54.8438,53.4488,54.8215,53.829,54.8875,54.0934,54.8727,54.3152,54.8542,54.4256,54.8446,54.5789,55.0336
21.7016,81.6572,20.7959,81.8144,21.1979,82.133,23.1253,80.892,25.3525,78.7124,27.32,76.8382,28.0747,76.0954,28.2382,76.495,28.8992,75.9047,30.666,73.4053,34.3344,69.2448,38.9048,64.6148,43.6836,60.8803,47.343,58.089,49.7776,56.5594,51.2227,55.6641,52.1286,55.3616,52.727,55.1018,53.1761,55.0736,53.5727,55.0186,53.9468,55.062,54.2059,55.0259,54.4258,54.9947,54.535,54.975,54.6724,55.0336
21.7016,82.3437,20.7899,82.4625,21.2454,82.6076,23.4266,81.1537,25.7786,78.9154,27.7742,77.0635,28.4995,76.313,28.6527,76.6871,29.3525,76.0512,31.1352,73.5346,34.7942,69.4075,39.2905,64.8291,43.9839,61.1638,47.5664,58.4061,49.949,56.8914,51.3671,55.976,52.2577,55.65,52.8515,55.3542,53.2943,55.2968,53.6871,55.2109,54.0578,55.2337,54.3144,55.178,54.5345,55.1353,54.6441,55.1069,54.7677,55.0336
21.7016,82.9993,20.7855,83.0271,21.3826,82.9476,23.8071,81.3268,26.2323,79.067,28.2333,77.2515,28.9235,76.4958,29.066,76.8448,29.8046,76.1647,31.6004,73.6347,35.2463,69.5469,39.6642,65.025,44.2685,61.4333,47.7723,58.7117,50.1024,57.2138,51.4947,56.2793,52.3714,55.9307,52.9628,55.5998,53.4014,55.5146,53.793,55.3993,54.1629,55.4032,54.4193,55.3293,54.6416,55.2763,54.7529,55.2413,54.8711,55.0336
21.7016,83.6359,20.8846,83.3148,21.8067,83.0093,24.3588,81.3623,26.7411,79.1562,28.7045,77.4018,29.3487,76.6461,29.4781,76.9711,30.2552,76.2489,32.0612,73.7087,35.6906,69.6658,40.0263,65.205,44.5382,61.6908,47.9616,59.0076,50.239,57.5282,51.6066,56.5754,52.4708,56.205,53.062,55.84,53.4986,55.7281,53.8915,55.5845,54.2628,55.571,54.5211,55.4802,54.7472,55.4176,54.8614,55.3782,54.9888,55.0336
21.7016,83.8773,21.6672,82.9155,22.7043,82.7407,25.0867,81.2691,27.2996,79.1887,29.1865,77.5174,29.7748,76.7668,29.8886,77.0695,30.7033,76.3073,32.5168,73.7602,36.1269,69.7671,40.3769,65.3711,44.7937,61.9381,48.1356,59.2953,50.3601,57.8359,51.7042,56.8656,52.5573,56.4742,53.1503,56.0756,53.5868,55.9382,53.9833,55.7674,54.3579,55.7377,54.6202,55.6308,54.8514,55.5593,54.9695,55.5166,55.1272,55.0336
25.7319,80.9643,24.15,81.7337,23.9141,82.3088,25.8788,81.1152,27.8737,79.1835,29.6719,77.6043,30.2,76.8619,30.2961,77.144,31.1476,76.3438,32.9661,73.7926,36.5545,69.8536,40.7162,65.5257,45.0357,62.177,48.2952,59.5762,50.4666,58.1383,51.7886,57.1511,52.6319,56.7392,53.2286,56.3078,53.667,56.1456,54.069,55.9485,54.4489,55.9036,54.7168,55.7813,54.9544,55.7014,55.077,55.655,55.2726,56.0403
25.7319,81.2183,24.8364,81.3791,24.7283,82.0439,26.5734,80.9844,28.4231,79.1625,30.1512,77.6697,30.6213,76.9363,30.6985,77.1991,31.5862,76.3626,33.4077,73.8091,36.9729,69.9276,41.0445,65.6706,45.2648,62.4089,48.4412,59.8517,50.5596,58.4364,51.8607,57.4328,52.6956,57.0011,53.298,56.5372,53.7397,56.3511,54.1493,56.1282,54.5361,56.069,54.8111,55.9319,55.056,55.8438,55.1837,55.7922,55.3838,56.0403
25.7319,81.7444,24.9271,81.5995,25.0958,82.0392,27.1055,80.9165,28.9278,79.1388,30.6181,77.7202,31.0353,76.995,31.093,77.2395,32.0168,76.368,33.8403,73.8131,37.3815,69.9919,41.3617,65.8077,45.4816,62.6353,48.5745,60.1228,50.6401,58.7313,51.9215,57.7118,52.7492,57.2606,53.359,56.7647,53.8059,56.5551,54.2247,56.3071,54.6199,56.2343,54.9034,56.0826,55.1565,55.9866,55.2897,55.9293,55.4873,56.0403
25.7319,82.2303,24.9367,81.9978,25.2402,82.1865,27.5274,80.8901,29.3966,79.1129,31.071,77.7609,31.4386,77.0438,31.4763,77.2703,32.4368,76.3639,34.2621,73.8078,37.7795,70.0485,41.6679,65.9386,45.6865,62.8574,48.6959,60.3908,50.7088,59.0238,51.9718,57.9888,52.7935,57.5185,53.4125,56.9909,53.8659,56.7582,54.2957,56.4855,54.7005,56.3995,54.9937,56.2335,55.2558,56.1296,55.3949,56.0668,55.5894,56.0403
25.7319,82.6968,24.9485,82.3724,25.3897,82.3099,27.9499,80.8489,29.8557,79.0777,31.5107,77.7962,31.8275,77.0883,31.8448,77.2966,32.8435,76.3546,34.6717,73.7961,38.1665,70.0996,41.9633,66.0648,45.8801,63.0763,48.806,60.6564,50.7666,59.3148,52.0124,58.2646,52.8292,57.7754,53.459,57.2162,53.9203,56.9609,54.3626,56.6637,54.7783,56.5648,55.0823,56.3846,55.3539,56.2728,55.4993,56.2051,55.6962,56.0403
25.7319,83.1587,25.056,82.5209,25.7613,82.2487,28.4708,80.7449,30.3263,79.0289,31.9365,77.8315,32.1976,77.1348,32.1946,77.3236,33.2345,76.3436,35.0677,73.7805,38.542,70.1469,42.2481,66.1874,46.063,63.293,48.9056,60.9204,50.8141,59.605,52.0441,58.5398,52.857,58.0319,53.4992,57.4412,53.9696,57.1634,54.4258,56.8419,54.8534,56.7304,55.1691,56.536,55.4509,56.4161,55.6025,56.3442,55.8141,56.0403
25.7319,83.2831,25.7512,82.0998,26.5218,81.9393,29.1123,80.5743,30.8071,78.9725,32.343,77.8738,32.5438,77.1894,32.5221,77.3557,33.6073,76.3343,35.4492,73.7632,38.9058,70.1918,42.5226,66.3077,46.2357,63.5083,48.9954,61.1837,50.8521,59.895,52.0673,58.8149,52.8775,58.2883,53.5335,57.6662,54.0141,57.366,54.4855,57.0203,54.9259,56.8964,55.2543,56.6877,55.5466,56.5596,55.7046,56.4832,55.9492,56.0403
29.1712,80.7548,27.8558,81.0487,27.5343,81.5112,29.7922,80.3857,31.2717,78.9257,32.7199,77.9321,32.8606,77.2578,32.8239,77.3969,33.9604,76.3291,35.8156,73.7459,39.2581,70.2354,42.7872,66.4265,46.3987,63.723,49.0759,61.4468,50.8811,60.1853,52.0828,59.0905,52.8911,58.5452,53.5623,57.8916,54.0543,57.5691,54.5421,57.1991,54.9962,57.0629,55.3379,56.8398,55.6412,56.703,55.8054,56.6203,56.0879,57.047
29.1712,80.908,28.468,80.6832,28.2254,81.2307,30.3786,80.2492,31.6835,78.9103,33.0554,78.0151,33.1431,77.3447,33.0978,77.45,34.293,76.3298,36.1669,73.7296,39.5991,70.2786,43.0425,66.5444,46.5526,63.9375,49.1477,61.7103,50.9017,60.4764,52.091,59.3669,52.8984,58.8029,53.5861,58.1177,54.0904,57.7729,54.5958,57.3785,55.0643,57.2299,55.4201,56.9921,55.7347,56.8466,55.9048,56.7548,56.1903,57.047
29.1712,81.3113,28.5665,80.8108,28.541,81.1879,30.8028,80.2107,32.0156,78.9433,33.3402,78.1297,33.3878,77.4535,33.3429,77.5165,34.6051,76.3371,36.5038,73.7148,39.9297,70.3218,43.2891,66.6618,46.6981,64.1524,49.2114,61.9745,50.9145,60.7686,52.0924,59.6444,52.8997,59.0616,53.6052,58.3447,54.1227,57.9774,54.6467,57.5585,55.1303,57.3975,55.5009,57.1448,55.827,56.9902,56.0031,56.8878,56.2821,57.047
29.1712,81.6895,28.5931,81.1048,28.6427,81.3268,31.0759,80.2751,32.2617,79.0313,33.5708,78.279,33.594,77.5852,33.5598,77.5965,34.8981,76.3508,36.8275,73.7015,40.2508,70.3651,43.5279,66.7791,46.8359,64.368,49.2676,62.2398,50.9199,61.0623,52.0874,59.9235,52.8955,59.3216,53.6199,58.5728,54.1515,58.1828,54.695,57.7393,55.1944,57.5657,55.5804,57.2979,55.9183,57.1338,56.1003,57.0203,56.369,57.047
29.1712,82.0534,28.6225,81.4262,28.6625,81.5586,31.2482,80.4188,32.433,79.1703,33.7499,78.4617,33.7642,77.7382,33.7512,77.6884,35.1743,76.3699,37.1399,73.6891,40.5637,70.4084,43.7598,66.8965,46.9665,64.5844,49.3169,62.5065,50.9184,61.3578,52.0766,60.2042,52.8861,59.5831,53.6305,58.8022,54.177,58.3894,54.741,57.9209,55.2566,57.7346,55.6585,57.4514,56.0085,57.2775,56.1965,57.153,56.4568,57.047
29.1712,82.4095,28.6545,81.739,28.6668,81.8166,31.3716,80.6091,32.5498,79.3493,33.8856,78.6727,33.9035,77.9088,33.9213,77.7894,35.4372,76.3924,37.4435,73.6766,40.8701,70.4512,43.9857,67.0138,47.0908,64.802,49.3596,62.7749,50.9105,61.6552,52.0601,60.4869,52.8718,59.8463,53.6373,59.033,54.1994,58.597,54.7847,58.1034,55.3171,57.9041,55.7355,57.6052,56.0977,57.4213,56.2919,57.2868,56.5512,57.047
29.1712,82.7589,28.6927,82.0281,28.6869,82.0636,31.4815,80.8188,32.6326,79.554,33.9894,78.9037,34.0197,78.0912,34.0761,77.8954,35.6908,76.4156,37.741,73.6624,41.1717,70.4929,44.2068,67.131,47.2092,65.0208,49.3965,63.0451,50.8965,61.9548,52.0385,60.7716,52.853,60.1113,53.6406,59.2653,54.2189,58.8059,54.8263,58.2868,55.376,58.0743,55.8113,57.7594,56.186,57.5653,56.3864,57.4215,56.6579,57.047
29.1712,83.0828,28.7685,82.2715,28.7372,82.2867,31.5938,81.032,32.6976,79.7708,34.0742,79.1441,34.1225,78.2779,34.2223,78.0013,35.9399,76.4365,38.0356,73.645,41.4703,70.5328,44.4241,67.2479,47.3227,65.2408,49.4278,63.3173,50.8769,62.2566,52.0119,61.0586,52.8299,60.3782,53.6405,59.4992,54.2357,59.0161,54.8659,58.4711,55.4332,58.2453,55.886,57.914,56.2734,57.7093,56.48,57.5564,56.7826,57.047
29.3674,83.2488,28.9297,82.4689,28.8057,82.4953,31.708,81.2422,32.757,79.9867,34.1532,79.3828,34.2222,78.4609,34.3674,78.1018,36.1894,76.4518,38.3303,73.6225,41.7679,70.5701,44.6388,67.3642,47.4317,65.4621,49.4542,63.5915,50.8519,62.5608,51.9808,61.3479,52.8027,60.6471,53.6373,59.7348,54.2499,59.2275,54.9036,58.6565,55.489,58.4169,55.9597,58.0691,56.3599,57.8535,56.5728,57.6901,56.9118,58.0537
29.3674,83.5624,29.0032,82.7048,28.8515,82.7101,31.8185,81.4451,32.8218,80.1888,34.24,79.6082,34.329,78.6324,34.5183,78.1917,36.4441,76.4581,38.6283,73.5931,42.0662,70.6039,44.8519,67.4796,47.5369,65.6844,49.4759,63.8678,50.822,62.8674,51.9453,61.6395,52.7717,60.918,53.6311,59.9721,54.2616,59.4403,54.9396,58.8428,55.5434,58.5893,56.0324,58.2246,56.4457,57.998,56.6647,57.8217,57.0066,58.0537
29.3674,83.8848,29.0463,82.9707,28.8687,82.9351,31.9293,81.6304,32.9062,80.3635,34.3473,79.8101,34.4522,78.7851,34.6816,78.2663,36.7084,76.4525,38.9324,73.5552,42.3669,70.6333,45.0643,67.5939,47.6389,65.9079,49.4934,64.1462,50.7875,63.1765,51.9057,61.9336,52.7372,61.1909,53.6221,60.2112,54.271,59.6545,54.9739,59.0301,55.5964,58.7624,56.1043,58.3805,56.5308,58.1427,56.756,57.9524,57.0921,58.0537
29.3674,84.1997,29.0869,83.2456,28.8743,83.1517,32.0627,81.7774,33.0284,80.4966,34.4867,79.9798,34.599,78.9135,34.8623,78.3216,36.9859,76.4324,39.2451,73.5072,42.6716,70.6578,45.2768,67.7068,47.7382,66.1325,49.5071,64.4268,50.7485,63.4881,51.8623,62.2301,52.6992,61.4659,53.6105,60.452,54.2784,59.87,55.0067,59.2185,55.6482,58.9362,56.1753,58.5369,56.6153,58.2877,56.8469,58.0832,57.1737,58.0537
29.3674,84.5079,29.1264,83.5141,28.9041,83.3153,32.2593,81.8562,33.2084,80.5764,34.6662,80.1121,34.774,79.0141,35.064,78.3549,37.2794,76.3959,39.5683,73.4481,42.9814,70.6766,45.4903,67.818,47.8353,66.358,49.5172,64.7095,50.7055,63.8022,51.8153,62.5291,52.658,61.743,53.5965,60.6946,54.2836,60.0869,55.0381,59.4078,55.6988,59.1108,56.2456,58.6939,56.6993,58.4331,56.9375,58.2148,57.257,58.0537
29.3674,84.8178,29.1668,83.729,29.0354,83.354,32.5693,81.8389,33.4601,80.597,34.8887,80.2056,34.979,79.0853,35.2888,78.3645,37.5908,76.3415,39.9035,73.3768,43.2973,70.6893,45.7054,67.9274,47.9306,66.5844,49.5242,64.9943,50.6585,64.1188,51.7648,62.8305,52.6139,62.0221,53.5801,60.9389,54.287,60.3051,55.068,59.5982,55.7484,59.286,56.3152,58.8513,56.7828,58.5789,57.0279,58.3477,57.3473,58.0537
29.3674,85.1341,29.3089,83.7281,29.4041,83.1887,33.0279,81.7151,33.7834,80.5623,35.1507,80.2629,35.2128,79.1278,35.537,78.3501,37.9211,76.2686,40.2517,73.2929,43.6201,70.6957,45.9224,68.0349,48.0243,66.8117,49.5281,65.2812,50.6079,64.4378,51.7111,63.1343,52.5669,62.3033,53.5616,61.185,54.2886,60.5246,55.0967,59.7896,55.7968,59.462,56.3841,59.0092,56.8659,58.7251,57.1183,58.4822,57.4501,58.0537
29.3674,85.1142,30.0242,83.2089,30.1274,82.8017,33.618,81.5082,34.1592,80.4862,35.4432,80.2899,35.472,79.1436,35.8079,78.312,38.2705,76.1771,40.6134,73.1963,43.9501,70.6956,46.1417,68.1405,48.1168,67.0399,49.5293,65.5702,50.5539,64.7592,51.6544,63.4406,52.5172,62.5865,53.541,61.4329,54.2884,60.7454,55.1243,59.982,55.8444,59.6387,56.4525,59.1676,56.9487,58.8718,57.2085,58.6173,57.571,58.0537
32.6797,82.6158,32.0098,82.153,31.0643,82.3222,34.2512,81.2738,34.554,80.3889,35.7545,80.2942,35.7522,79.1356,36.1,78.2513,38.6386,76.0673,40.9885,73.0869,44.2874,70.6891,46.3634,68.2441,48.2081,67.2688,49.5279,65.8613,50.4966,65.0831,51.5947,63.7492,52.465,62.8717,53.5185,61.6825,54.2867,60.9676,55.1507,60.1753,55.891,59.816,56.5205,59.3266,57.0312,59.019,57.2986,58.7517,57.6964,59.0604
32.6797,82.648,32.6426,81.7085,31.7232,81.9781,34.8123,81.0735,34.9348,80.289,36.0741,80.2822,36.0494,79.107,36.4111,78.1696,39.0245,75.94,41.3768,72.9654,44.632,70.6764,46.5876,68.3458,48.2984,67.4986,49.5241,66.1543,50.4362,65.4092,51.5324,64.0601,52.4104,63.1588,53.4943,61.9337,54.2836,61.1909,55.1762,60.3696,55.9368,59.994,56.5879,59.486,57.1135,59.1667,57.3888,58.8849,57.7891,59.0604
32.6797,82.9527,32.77,81.7366,32.0412,81.8482,35.2475,80.9379,35.285,80.1958,36.3961,80.2584,36.3601,79.0603,36.7394,78.0687,39.4269,75.7964,41.7774,72.8322,44.9835,70.6578,46.8141,68.4459,48.3878,67.7291,49.518,66.4493,50.3728,65.7377,51.4675,64.3732,52.3536,63.4477,53.4683,62.1867,54.2791,61.4156,55.2007,60.5649,55.9819,60.1727,56.655,59.646,57.1957,59.3149,57.4791,59.0178,57.8736,59.0604
32.6797,83.2421,32.8165,81.9433,32.1604,81.8727,35.5837,80.8539,35.6114,80.1072,36.7206,80.2242,36.6827,78.9979,37.0829,77.9505,39.8443,75.6376,42.1895,72.6883,45.3413,70.6337,47.0428,68.5444,48.4762,67.9606,49.5097,66.7463,50.3066,66.0683,51.4001,64.6885,52.2947,63.7384,53.4408,62.4412,54.2733,61.6414,55.2244,60.7611,56.0263,60.352,56.7218,59.8064,57.2778,59.4637,57.5699,59.1515,57.9552,59.0604
32.6797,83.5222,32.86,82.184,32.2301,81.9348,35.8986,80.7762,35.9377,80.0121,37.0517,80.179,37.0161,78.9213,37.4397,77.8167,40.2751,75.4653,42.612,72.5346,45.7048,70.6048,47.2732,68.6418,48.5635,68.1929,49.4992,67.0452,50.2377,66.401,51.3304,65.006,52.2339,64.0309,53.4119,62.6973,54.2663,61.8683,55.2474,60.9582,56.0701,60.5318,56.7884,59.9673,57.3598,59.6131,57.6611,59.2865,58.0393,59.0604
32.6797,83.8091,32.907,82.3684,32.3902,81.9059,36.2813,80.6526,36.2909,79.8982,37.3946,80.1214,37.3601,78.8318,37.8085,77.6691,40.7178,75.281,43.0435,72.3723,46.0732,70.5717,47.5051,68.7381,48.6496,68.4262,49.4867,67.346,50.1662,66.7358,51.2585,65.3254,52.1712,64.325,53.3816,62.955,54.2583,62.0964,55.2697,61.1562,56.1134,60.7122,56.8547,60.1286,57.4419,59.7629,57.7528,59.4236,58.1314,59.0604
32.6797,84.1041,33.0728,82.3117,32.805,81.6766,36.7942,80.4515,36.6863,79.7587,37.7521,80.0508,37.7141,78.7307,38.1874,77.5096,41.1705,75.0861,43.4827,72.2025,46.4455,70.5349,47.738,68.8338,48.7345,68.6605,49.4721,67.6485,50.0922,67.0724,51.1845,65.6468,52.1068,64.6207,53.3501,63.2142,54.2494,62.3255,55.2915,61.355,56.1562,60.8932,56.9209,60.2903,57.524,59.9132,57.8451,59.5627,58.2369,59.0604
32.6797,84.017,33.8738,81.6943,33.597,81.221,37.4336,80.1803,37.119,79.596,38.1228,79.9683,38.0768,78.6194,38.575,77.3398,41.6316,74.8825,43.9283,72.0263,46.8209,70.4953,47.9713,68.9292,48.8179,68.8959,49.4555,67.9529,50.0158,67.411,51.1085,65.97,52.0407,64.918,53.3175,63.4748,54.2396,62.5557,55.3128,61.5546,56.1986,61.0746,56.987,60.4524,57.6061,60.0639,57.9378,59.703,58.3614,59.0604
36.3339,81.2326,36.0304,80.5158,34.6095,80.6714,38.1172,79.8831,37.5676,79.42,38.5023,79.8763,38.4467,78.4997,38.9694,77.1615,42.0994,74.6717,44.3787,71.8451,47.1983,70.4536,48.2045,69.0244,48.8996,69.1323,49.4368,68.259,49.937,67.7513,51.0306,66.295,51.9732,65.2166,53.2838,63.7367,54.229,62.7868,55.3337,61.755,56.2408,61.2564,57.0532,60.6149,57.6884,60.2149,58.0308,59.8431,58.4917,60.0671
36.3339,81.2071,36.7395,79.9836,35.3319,80.2584,38.7359,79.6118,38.008,79.2417,38.8853,79.7778,38.8214,78.3733,39.3689,76.9765,42.572,74.4552,44.8325,71.6599,47.5768,70.4103,48.4372,69.12,48.9794,69.3699,49.416,68.5667,49.8558,68.0931,50.951,66.6216,51.9043,65.5165,53.2492,64,54.2177,63.0189,55.3543,61.9562,56.2827,61.4387,57.1193,60.7775,57.7707,60.3661,58.1241,59.9823,58.592,60.0671
36.3339,81.4944,36.8856,79.9672,35.6967,80.0547,39.2448,79.3898,38.4285,79.0674,39.268,79.6755,39.1987,78.2423,39.7716,76.7865,43.0478,74.2345,45.2884,71.4718,47.9553,70.3662,48.6688,69.216,49.0571,69.6087,49.3932,68.876,49.7725,68.4365,50.8696,66.9498,51.8342,65.8176,53.2138,64.2646,54.2059,63.2518,55.3747,62.1581,56.3245,61.6213,57.1856,60.9405,57.8533,60.5176,58.2178,60.1214,58.6867,60.0671
36.3339,81.7657,36.9319,80.1446,35.8728,79.9789,39.6825,79.2001,38.8348,78.8967,39.6486,79.5716,39.5765,78.1085,40.1756,76.5931,43.5252,74.011,45.745,71.282,48.333,70.3218,48.8986,69.3129,49.1324,69.8486,49.3681,69.1868,49.6869,68.7813,50.7866,67.2793,51.7628,66.1199,53.1776,64.5303,54.1937,63.4855,55.395,62.3606,56.3662,61.8042,57.2521,61.1036,57.936,60.6692,58.3118,60.2608,58.7811,60.0671
36.3339,82.0372,36.9792,80.3095,36.0669,79.8846,40.1318,79.0036,39.242,78.7254,40.0266,79.4678,39.9527,77.9737,40.5791,76.3977,44.0027,73.7859,46.2012,71.0911,48.7089,70.2778,49.1264,69.4107,49.2052,70.0897,49.3409,69.4991,49.5991,69.1273,50.7021,67.6101,51.6904,66.4231,53.1408,64.7972,54.1811,63.7199,55.4152,62.5638,56.408,61.9873,57.3188,61.2669,58.019,60.8208,58.4061,60.4008,58.8808,60.0671
36.3339,82.3164,37.1502,80.2436,36.4805,79.6383,40.6639,78.7685,39.6613,78.5515,40.401,79.3659,40.3252,77.8397,40.9807,76.2016,44.479,73.5603,46.6558,70.9002,49.0823,70.2345,49.3515,69.5097,49.2752,70.3319,49.3115,69.8126,49.5092,69.4743,50.6161,67.9419,51.617,66.7271,53.1034,65.0651,54.1683,63.955,55.4356,62.7675,56.4499,62.1707,57.3859,61.4303,58.1023,60.9724,58.5007,60.5413,58.9912,60.0671
36.3339,82.2149,37.9402,79.6412,37.2428,79.1974,41.2888,78.4954,40.0894,78.3782,40.7689,79.2681,40.6925,77.7076,41.3789,76.0058,44.9529,73.3351,47.1079,70.7099,49.4523,70.1924,49.5735,69.61,49.3422,70.5752,49.2797,70.1273,49.4171,69.8223,50.5286,68.2747,51.5427,67.0319,53.0656,65.3339,54.1553,64.1906,55.4562,62.9717,56.4921,62.3542,57.4534,61.5938,58.186,61.1239,58.5955,60.6815,59.1177,60.0671
39.8818,79.5248,40.0082,78.5169,38.2069,78.6776,41.9382,78.2198,40.5088,78.2137,41.1262,79.1763,41.053,77.5783,41.7729,75.8111,45.4234,73.1109,47.5566,70.5206,49.8183,70.1518,49.792,69.7118,49.4059,70.8194,49.2456,70.443,49.3229,70.1709,50.4397,68.6083,51.4676,67.3372,53.0274,65.6035,54.1424,64.4267,55.4771,63.1764,56.5346,62.5377,57.5214,61.7572,58.2702,61.2753,58.6906,60.8201,59.2474,61.0738
39.8818,79.4833,40.7076,77.9951,38.9007,78.2912,42.5117,77.9886,40.8988,78.0663,41.4697,79.0917,41.4062,77.4524,42.162,75.6178,45.8899,72.8882,48.0013,70.3328,50.1796,70.1128,50.0065,69.8149,49.4662,71.0644,49.209,70.7596,49.2266,70.5199,50.3496,68.9424,51.3918,67.6428,52.9889,65.8738,54.1295,64.6631,55.4984,63.3814,56.5775,62.7212,57.5901,61.9206,58.3549,61.4267,58.7859,60.9565,59.3453,61.0738
39.8818,79.7565,40.8571,77.9669,39.2489,78.1177,42.96,77.8258,41.2496,77.939,41.7988,79.0138,41.752,77.3296,42.546,75.4261,46.3519,72.6674,48.4414,70.1468,50.5358,70.0756,50.2168,69.9195,49.5229,71.31,49.1699,71.0768,49.1281,70.8692,50.2581,69.2769,51.3153,67.9487,52.9501,66.1447,54.1169,64.8998,55.5202,63.5867,56.6211,62.9046,57.6594,62.084,58.4403,61.5778,58.8818,61.0917,59.4352,61.0738
39.8818,80.0155,40.9079,78.138,39.3858,78.1035,43.3062,77.7188,41.5688,77.827,42.1163,78.9411,42.0913,77.2094,42.9248,75.2359,46.8089,72.4485,48.8763,69.9628,50.8864,70.0403,50.4225,70.0255,49.5757,71.5562,49.1282,71.3945,49.0274,71.2185,50.1654,69.6114,51.2383,68.2545,52.9113,66.4159,54.1046,65.1367,55.5428,63.7921,56.6653,63.0878,57.7296,62.2472,58.5263,61.7288,58.9783,61.2265,59.5222,61.0738
39.8818,80.2637,40.9528,78.3505,39.4634,78.1361,43.6212,77.6276,41.8774,77.7195,42.4272,78.8707,42.4252,77.0909,43.2987,75.0468,47.2609,72.2314,49.3059,69.7807,51.2309,70.0068,50.6232,70.1327,49.6244,71.8025,49.0837,71.7124,48.9246,71.5675,50.0715,69.9458,51.1608,68.5601,52.8724,66.6874,54.0929,65.3735,55.5662,63.9977,56.7104,63.2708,57.8008,62.4102,58.6133,61.8796,59.0758,61.3615,59.6115,61.0738
39.8818,80.5203,41.0033,78.5056,39.6228,78.0928,43.9864,77.5062,42.1984,77.6057,42.7364,78.8001,42.755,76.9733,43.668,74.8585,47.7076,72.0161,49.7297,69.6005,51.5689,69.9751,50.8187,70.241,49.6688,72.0488,49.0365,72.0303,48.8197,71.9159,49.9764,70.2798,51.0829,68.8652,52.8336,66.959,54.0817,65.6101,55.5905,64.2033,56.7565,63.4534,57.8729,62.5729,58.7012,62.0302,59.1742,61.4974,59.708,61.0738
39.8818,80.7814,41.1773,78.4268,40.0149,77.8748,44.4565,77.3271,42.5443,77.4798,43.0463,78.7278,43.0813,76.8558,44.033,74.6702,48.1492,71.8021,50.1477,69.4221,51.9001,69.945,51.0087,70.3503,49.7088,72.2948,48.9863,72.3478,48.7125,72.2632,49.8801,70.613,51.0046,69.1694,52.7949,67.2303,54.0714,65.8464,55.6159,64.4087,56.8037,63.6355,57.9463,62.7353,58.7902,62.1805,59.2737,61.634,59.817,61.0738
39.8818,80.6611,41.9519,77.8379,40.7382,77.4633,45.0277,77.0969,42.9105,77.3441,43.356,78.6535,43.4045,76.7376,44.3941,74.4814,48.5857,71.5893,50.5596,69.2453,52.2241,69.9163,51.1928,70.4603,49.744,72.5402,48.933,72.6646,48.603,72.6093,49.7828,70.9451,50.926,69.4726,52.7565,67.5013,54.062,66.0822,55.6427,64.6138,56.8523,63.817,58.021,62.8972,58.8804,62.3307,59.3745,61.7708,59.9435,61.0738
43.3186,78.0674,43.9234,76.7685,41.6451,76.9753,45.6283,76.8537,43.2784,77.2067,43.6623,78.5782,43.7244,76.6183,44.7515,74.2915,49.017,71.3771,50.9652,69.0699,52.5405,69.8888,51.3707,70.5707,49.7742,72.7844,48.8765,72.9803,48.4913,72.9536,49.6843,71.2757,50.8473,69.7743,52.7183,67.7715,54.0536,66.3172,55.6708,64.8184,56.9023,63.9977,58.0971,63.0587,58.9719,62.4805,59.4766,61.9067,60.0746,62.0805
43.3186,78.0051,44.6097,76.2566,42.3024,76.608,46.1625,76.6441,43.6262,77.0767,43.9614,78.5023,44.041,76.4973,45.1056,74.0998,49.4432,71.1652,51.3644,68.8957,52.8491,69.8622,51.5422,70.6812,49.7993,73.0273,48.8167,73.2946,48.3773,73.2957,49.5848,71.6044,50.7684,70.0741,52.6805,68.0406,54.0465,66.5511,55.7006,65.0225,56.954,64.1776,58.1749,63.2195,59.0649,62.63,59.5801,62.0411,60.1764,62.0805
43.3186,78.2582,44.7603,76.2152,42.6339,76.4374,46.5826,76.4928,43.9427,76.9585,44.2519,78.426,44.3546,76.3738,45.4567,73.9057,49.8643,70.9532,51.7569,68.7224,53.1495,69.8363,51.7069,70.7916,49.8189,73.2682,48.7533,73.607,48.2609,73.635,49.4842,71.9307,50.6895,70.3717,52.6432,68.3083,54.0408,66.7838,55.7322,65.2258,57.0075,64.3564,58.2543,63.3796,59.1594,62.7792,59.6854,62.175,60.2723,62.0805
43.3186,78.4981,44.8094,76.3699,42.762,76.4155,46.9084,76.39,44.2329,76.8491,44.5354,78.3477,44.6658,76.2471,45.805,73.7086,50.2802,70.7409,52.1425,68.5498,53.4411,69.8107,51.8645,70.9014,49.8328,73.5067,48.6862,73.9171,48.1422,73.9712,49.3826,72.2542,50.6105,70.6665,52.6065,68.5743,54.0366,67.0149,55.7658,65.428,57.063,64.5341,58.3356,63.5388,59.2557,62.928,59.7925,62.3093,60.3671,62.0805
43.3186,78.7265,44.851,76.5664,42.8318,76.4371,47.2044,76.3004,44.5145,76.74,44.8158,78.2654,44.9756,76.1163,46.1509,73.508,50.6906,70.5278,52.5207,68.3778,53.7235,69.7851,52.0145,71.0103,49.8406,73.7423,48.6153,74.2242,48.0211,74.3036,49.28,72.5743,50.5318,70.9581,52.5705,68.8379,54.0343,67.2441,55.8016,65.6291,57.1208,64.7103,58.4189,63.6971,59.3538,63.0763,59.9018,62.4446,60.466,62.0805
43.3186,78.9635,44.8995,76.7048,42.9801,76.3867,47.5455,76.1825,44.8081,76.6215,45.0975,78.1767,45.285,75.9807,46.4944,73.3035,51.0951,70.3139,52.8911,68.2062,53.9962,69.7593,52.1566,71.1178,49.8422,73.9743,48.5404,74.5277,47.8976,74.6316,49.1766,72.8904,50.4532,71.2459,52.5352,69.0988,54.0338,67.4709,55.8398,65.8286,57.1811,64.885,58.5045,63.8542,59.4537,63.224,60.0132,62.5812,60.5738,62.0805
43.3186,79.2028,45.0737,76.6139,43.3497,76.173,47.982,76.0109,45.126,76.4877,45.3832,78.0798,45.5945,75.8397,46.8354,73.095,51.4933,70.099,53.2531,68.035,54.2586,69.7328,52.2904,71.2235,49.8373,74.2022,48.4612,74.8272,47.7718,74.9545,49.0723,73.2019,50.375,71.5293,52.5008,69.3564,54.0354,67.695,55.8806,66.0264,57.2441,65.058,58.5923,64.0101,59.5557,63.3711,60.1269,62.7191,60.6957,62.0805
43.3186,79.0613,45.8302,76.0385,44.0276,75.7803,48.5108,75.7894,45.4664,76.3386,45.6732,77.9744,45.9042,75.6934,47.1737,72.8824,51.8845,69.8833,53.6062,67.864,54.5102,69.7054,52.4154,71.327,49.8255,74.4253,48.3776,75.1217,47.6435,75.2715,48.9674,73.5082,50.2974,71.8076,52.4675,69.6101,54.0393,67.9159,55.9242,66.2221,57.31,65.2289,58.6827,64.1645,59.6598,63.5174,60.2428,62.8577,60.8367,62.0805
46.6469,76.5582,47.7072,75.0214,44.8713,75.3162,49.0702,75.5484,45.8161,76.1795,45.9656,77.8609,46.2136,75.5419,47.5085,72.6661,52.2678,69.6669,53.9494,67.6934,54.7503,69.6768,52.5313,71.4278,49.8067,74.6429,48.2895,75.4108,47.5129,75.5821,48.8618,73.8085,50.2204,72.0801,52.4354,69.8591,54.0457,68.133,55.9708,66.4154,57.379,65.3976,58.7757,64.3173,59.7661,63.6628,60.361,62.9956,60.984,63.0872
46.6469,76.4731,48.3782,74.5215,45.486,74.955,49.58,75.3238,46.1596,76.0169,46.2575,77.7406,46.5215,75.3859,47.8391,72.4463,52.6423,69.45,54.2821,67.523,54.9782,69.6465,52.6376,71.5252,49.7805,74.8541,48.1967,75.6934,47.38,75.8851,48.7559,74.102,50.1443,72.3461,52.4046,70.1028,54.0547,68.3458,56.0206,66.6059,57.4515,65.5638,58.8716,64.4683,59.8747,63.8071,60.4813,63.1323,61.1053,63.0872
46.6469,76.7018,48.5276,74.4703,45.8035,74.7567,50.0067,75.1321,46.4892,75.8546,46.5466,77.615,46.8267,75.2263,48.1645,72.2238,53.0068,69.233,54.6032,67.3531,55.1933,69.6142,52.7339,71.6187,49.7468,75.0583,48.099,75.9687,47.245,76.1799,48.6497,74.3881,50.0695,72.6048,52.3754,70.3404,54.0666,68.5537,56.0739,66.7933,57.5276,65.7273,58.9704,64.6173,59.9857,63.9502,60.604,63.2684,61.2234,63.0872
46.6469,76.9185,48.5691,74.6015,45.9563,74.6593,50.378,74.962,46.8081,75.6929,46.8316,77.4853,47.1277,75.0642,48.4833,71.9991,53.3601,69.0162,54.912,67.1835,55.3949,69.5794,52.8199,71.7076,49.7054,75.2545,47.9964,76.2358,47.1079,76.4654,48.5436,74.6656,49.9961,72.8553,52.348,70.571,54.0815,68.756,56.1308,66.977,57.6076,65.8879,59.0724,64.7641,60.0991,64.0919,60.7291,63.4043,61.3434,63.0872
46.6469,77.1339,48.6119,74.7204,46.123,74.5456,50.7553,74.7866,47.1258,75.53,47.1116,77.3531,47.4229,74.901,48.7945,71.7733,53.7011,68.8001,55.2075,67.0144,55.5824,69.5417,52.8953,71.7914,49.6562,75.4419,47.8888,76.4938,46.9689,76.7407,48.4378,74.9339,49.9246,73.0966,52.3227,70.7937,54.0997,68.952,56.1914,67.1565,57.6916,66.0451,59.1778,64.9085,60.215,64.2321,60.8565,63.5401,61.4703,63.0872
46.6469,77.3488,48.7841,74.6252,46.4749,74.3099,51.1911,74.5847,47.4488,75.3656,47.3853,77.2198,47.7107,74.7378,49.0967,71.547,54.0284,68.5851,55.4887,66.8457,55.7553,69.5006,52.9597,71.8693,49.5992,75.6194,47.7762,76.7414,46.8283,77.0046,48.3327,75.1918,49.8554,73.328,52.2998,71.0076,54.1212,69.1408,56.2559,67.3315,57.7799,66.1987,59.2866,65.0504,60.3334,64.3707,60.9863,63.6756,61.6089,63.0872
46.6469,77.1868,49.5185,74.0714,47.1076,73.923,51.691,74.3574,47.774,75.2026,47.6505,77.0872,47.9897,74.5758,49.3889,71.3213,54.3409,68.3715,55.7548,66.6774,55.9131,69.4553,53.0131,71.9404,49.5343,75.7861,47.6587,76.9777,46.6865,77.2559,48.2288,75.4384,49.7891,73.5483,52.2797,71.2117,54.1464,69.3216,56.3245,67.5012,57.8728,66.3484,59.3991,65.1894,60.4544,64.5073,61.1184,63.8101,61.7643,63.0872
49.8567,74.7738,51.3014,73.1089,47.8914,73.4765,52.2041,74.1305,48.0896,75.0467,47.9044,76.9568,48.2587,74.416,49.6702,71.0967,54.6376,68.1597,56.0052,66.5093,56.0554,69.4053,53.0554,72.004,49.4617,75.941,47.5364,77.2013,46.5436,77.4935,48.1266,75.6726,49.7262,73.7566,52.2628,71.4049,54.1754,69.4935,56.3973,67.665,57.9703,66.4938,59.5154,65.3254,60.5781,64.6419,61.2529,63.9423,61.9237,64.094
49.8567,74.6612,51.9533,72.6236,48.4644,73.1298,52.6569,73.9367,48.3814,74.9036,48.1451,76.8295,48.517,74.2593,49.9396,70.8742,54.9174,67.9499,56.2391,66.341,56.182,69.3497,53.0865,72.0592,49.3815,76.083,47.4096,77.411,46.4003,77.7161,48.0266,75.8932,49.6674,73.9519,52.2496,71.5862,54.2084,69.6557,56.4742,67.8224,58.0725,66.6346,59.6355,65.4581,60.7045,64.7744,61.3897,64.0719,62.0555,64.094
49.8567,74.8567,52.1026,72.5621,48.7526,72.9481,53.0112,73.7939,48.6428,74.7755,48.3721,76.7057,48.7641,74.1062,50.1967,70.6543,55.1796,67.7421,56.4563,66.1722,56.2929,69.2877,53.1066,72.1052,49.2942,76.211,47.2786,77.6055,46.2571,77.9222,47.9295,76.0991,49.6134,74.1329,52.2406,71.7544,54.2457,69.807,56.5554,67.9725,58.1797,66.7702,59.7597,65.5874,60.8335,64.9045,61.529,64.1996,62.182,64.094
49.8567,75.0368,52.1477,72.6857,48.8567,72.8941,53.2821,73.6941,48.8787,74.6594,48.5873,76.5845,49,73.9571,50.4409,70.4375,55.4237,67.5362,56.6565,66.0022,56.3881,69.2181,53.116,72.1408,49.2003,76.3239,47.144,77.7834,46.1146,78.1104,47.8361,76.289,49.5652,74.2988,52.2366,71.9084,54.2874,69.9465,56.6407,68.1147,58.2917,66.9003,59.8878,65.713,60.9651,65.0321,61.671,64.3259,62.3079,64.094
49.8567,75.1978,52.1845,72.8495,48.9036,72.8805,53.5203,73.6099,49.1031,74.5486,48.7939,76.4648,49.2251,73.8124,50.6721,70.2243,55.6494,67.332,56.8398,65.8303,56.4681,69.14,53.1151,72.1651,49.1002,76.4207,47.0064,77.9433,45.9738,78.2791,47.7473,76.4617,49.5238,74.4483,52.2382,72.0472,54.3339,70.0731,56.7303,68.248,58.4086,67.0245,60.02,65.8346,61.0994,65.1569,61.8156,64.4515,62.4376,64.094
49.8567,75.357,52.2308,72.9608,49.011,72.8122,53.785,73.5089,49.3317,74.4361,48.9948,76.3459,49.4394,73.6725,50.89,70.0148,55.8568,67.129,57.0066,65.6555,56.5333,69.052,53.1043,72.1771,48.9948,76.5001,46.8666,78.0836,45.8355,78.4269,47.664,76.6158,49.4901,74.5804,52.2462,72.1696,54.3854,70.1858,56.8239,68.3716,58.5304,67.1421,60.1562,65.952,61.2362,65.2788,61.963,64.5767,62.5759,64.094
49.8567,75.5033,52.3856,72.8828,49.2905,72.6166,54.1163,73.3708,49.5741,74.3182,49.1914,76.2276,49.6425,73.5376,51.095,69.809,56.0462,66.9263,57.1577,65.4767,56.5845,68.9528,53.0845,72.1755,48.885,76.561,46.7256,78.203,45.7009,78.5519,47.5873,76.7499,49.4654,74.694,52.2615,72.2747,54.4421,70.2834,56.9215,68.4845,58.6568,67.2527,60.2963,66.0649,61.3754,65.3976,62.113,64.7013,62.7272,64.094
49.8567,75.3228,52.9962,72.4316,49.8026,72.281,54.5136,73.1975,49.8284,74.1965,49.3825,76.111,49.834,73.4081,51.2873,69.6066,56.2188,66.7228,57.2943,65.2924,56.6229,68.8411,53.0564,72.1595,48.7719,76.6024,46.5848,78.2998,45.5712,78.6525,47.5183,76.8625,49.4508,74.7881,52.2851,72.3613,54.5043,70.3649,57.0228,68.5859,58.7876,67.3556,60.4401,66.1731,61.5169,65.513,62.2656,64.8248,62.8961,64.094
52.4577,73.33,54.4294,71.6549,50.4401,71.8813,54.9322,73.0122,50.0824,74.0775,49.5649,75.998,50.0132,73.2838,51.4678,69.4068,56.3758,66.5172,57.4179,65.1013,56.6497,68.7155,53.0211,72.1278,48.6568,76.6232,46.4456,78.3725,45.4481,78.7269,47.4584,76.9522,49.4478,74.8615,52.3179,72.4285,54.5725,70.4292,57.1276,68.6747,58.9225,67.4502,60.5874,66.2762,61.6604,65.6247,62.4207,64.946,63.0697,65.1007
52.4577,73.1571,54.9768,71.2344,50.9258,71.5421,55.3098,72.8467,50.3198,73.9696,49.7344,75.8902,50.1798,73.1644,51.638,69.2083,56.5193,66.3076,57.5305,64.9016,56.6664,68.5745,52.9794,72.0794,48.5412,76.6222,46.3098,78.4196,45.3332,78.7734,47.4089,77.0174,49.4576,74.9133,52.3612,72.4755,54.6468,70.4753,57.2356,68.7499,59.0611,67.5358,60.7377,66.3737,61.8058,65.7325,62.5781,65.0647,63.2173,65.1007
52.4577,73.2213,55.1183,71.1343,51.1988,71.3198,55.607,72.7244,50.5271,73.8799,49.8882,75.7887,50.3346,73.0482,51.8001,69.0091,56.6519,66.092,57.6345,64.6918,56.6748,68.4167,52.9328,72.0132,48.4267,76.5985,46.1795,78.4395,45.2285,78.7901,47.3713,77.0565,49.4818,74.9425,52.4159,72.5015,54.7278,70.5022,57.3465,68.8103,59.2029,67.6116,60.8907,66.4655,61.9526,65.8358,62.7378,65.1815,63.3605,65.1007
52.4577,73.253,55.1744,71.167,51.3288,71.1996,55.8186,72.6528,50.6991,73.8111,50.0258,75.6923,50.4795,72.9327,51.9571,68.8068,56.7769,65.868,57.7327,64.4701,56.6769,68.2408,52.8826,71.9281,48.3152,76.5509,46.057,78.431,45.1363,78.7752,47.3472,77.0681,49.5217,74.948,52.4833,72.5057,54.8158,70.5089,57.4599,68.855,59.3473,67.6768,61.0458,66.5509,62.1004,65.9343,62.8997,65.2972,63.5038,65.1007
52.4577,73.2438,55.2292,71.222,51.3935,71.14,55.9615,72.6245,50.839,73.7605,50.1503,75.5979,50.6181,72.8143,52.1131,68.5981,56.898,65.6332,57.8281,64.235,56.6749,68.0459,52.8302,71.8232,48.2087,76.4786,45.9449,78.3924,45.0589,78.7272,47.3383,77.0503,49.5788,74.9291,52.5645,72.4876,54.9111,70.4947,57.5754,68.8829,59.4936,67.7306,61.2023,66.6294,62.2488,66.0276,63.0633,65.412,63.6513,65.1007
52.4577,73.1966,55.2884,71.2653,51.4348,71.1054,56.0589,72.6239,50.9574,73.7206,50.2683,75.4997,50.7559,72.6877,52.2725,68.3792,57.0193,65.3847,57.9242,63.9852,56.6709,67.8308,52.7772,71.6977,48.1096,76.3805,45.8462,78.3227,44.9992,78.6442,47.3463,77.0018,49.6546,74.8848,52.6608,72.4468,55.0144,70.4587,57.6925,68.8928,59.6409,67.7721,61.3594,66.7005,62.397,66.1149,63.2282,65.5264,63.8075,65.1007
52.4577,73.1102,55.3332,71.3039,51.4635,71.073,56.1323,72.6322,51.0689,73.6798,50.3893,75.3898,50.8996,72.547,52.4408,68.146,57.1452,65.12,58.0242,63.7195,56.6674,67.5953,52.7252,71.5507,48.0202,76.2558,45.7643,78.2205,44.9602,78.5249,47.3731,76.9208,49.7505,74.8143,52.7733,72.3828,55.1259,70.4004,57.8108,68.8837,59.7885,67.8004,61.5161,66.7636,62.5445,66.1957,63.3939,65.6399,63.9766,65.1007
52.4577,73.0327,55.3076,71.3609,51.4818,71.0265,56.2009,72.6296,51.1904,73.624,50.525,75.2591,51.057,72.3856,52.6235,67.8941,57.2802,64.8366,58.1315,63.4375,56.6667,67.3392,52.6761,71.3816,47.9433,76.1035,45.7026,78.0849,44.9451,78.3678,47.4206,76.8058,49.8677,74.7169,52.9032,72.2954,55.2462,70.3191,57.9298,68.8546,59.9352,67.8145,61.6714,66.8178,62.6904,66.269,63.5597,65.752,64.1629,65.1007
52.0177,73.2027,55.1555,71.4245,51.5096,70.9453,56.2837,72.5962,51.34,73.538,50.688,75.0976,51.236,72.1967,52.826,67.6192,57.4286,64.5323,58.2493,63.1391,56.6714,67.0628,52.6319,71.1899,47.8818,75.923,45.665,77.9149,44.9575,78.1718,47.4909,76.6554,50.0076,74.5917,53.0513,72.1847,55.3758,70.2145,58.0489,68.8046,60.0801,67.8134,61.8241,66.8625,62.8338,66.3341,63.7245,65.8611,64.3537,66.1074
52.0177,73.0181,55.1495,71.3867,51.5899,70.8048,56.3996,72.5121,51.535,73.4069,50.8904,74.8957,51.4445,71.9739,53.0534,67.3173,57.5942,64.2057,58.3805,62.8251,56.6836,66.7671,52.5947,70.9755,47.8388,75.7133,45.6555,77.7098,45.0012,77.9361,47.5861,76.4681,50.1711,74.4381,53.2187,72.0505,55.5151,70.0864,58.1676,68.7327,60.2221,67.7963,61.9729,66.8968,62.9736,66.3898,63.8874,65.9666,64.519,66.1074
52.0177,72.735,55.2146,71.2497,51.7351,70.5881,56.566,72.3584,51.7917,73.2171,51.143,74.6455,51.6888,71.7116,53.3098,66.9851,57.78,63.8558,58.5272,62.497,56.7058,66.4536,52.5668,70.7381,47.8177,75.4738,45.6785,77.4691,45.0801,77.6599,47.7084,76.2427,50.3591,74.2554,53.4061,71.8931,55.6647,69.9346,58.2855,68.6382,60.3599,67.762,62.1165,66.9197,63.1088,66.435,64.0472,66.0687,64.68,66.1074
52.0177,72.397,55.2981,71.0389,51.9445,70.2808,56.8,72.1171,52.1235,72.9577,51.4535,74.3408,51.9739,71.4058,53.5984,66.6202,57.9884,63.4826,58.6913,62.1572,56.7399,66.1247,52.5506,70.478,47.8219,75.2038,45.7384,77.1923,45.1983,77.343,47.8599,75.9781,50.5725,74.0428,53.614,71.7126,55.8251,69.7592,58.4021,68.5202,60.4923,67.7098,62.2535,66.9304,63.2383,66.4684,64.2024,66.1671,64.8408,66.1074
52.0177,72.0071,55.3824,70.7591,52.2318,69.8609,57.1203,71.7727,52.5395,72.622,51.8262,73.9787,52.3023,71.0542,53.9209,66.2213,58.2205,63.0872,58.8734,61.809,56.7879,65.7834,52.5491,70.1958,47.8554,74.9027,45.8396,76.8793,45.3601,76.9853,48.0429,75.6733,50.8119,73.7998,53.8428,71.5092,55.9966,69.5607,58.5169,68.3783,60.6183,67.6388,62.3823,66.9279,63.3608,66.4886,64.3513,66.2611,65.0052,66.1074
52.0177,71.5761,55.4773,70.3707,52.6418,69.2965,57.543,71.3161,53.0418,72.2083,52.2607,73.559,52.6744,70.656,54.2777,65.7885,58.476,62.6719,59.0733,61.4567,56.8517,65.4333,52.5652,69.8923,47.9221,74.5702,45.9868,76.5302,45.5695,76.5873,48.2596,75.3277,51.0775,73.5258,54.0924,71.2834,56.1798,69.3394,58.6298,68.212,60.7366,67.5481,62.5015,66.9111,63.4752,66.4941,64.492,66.3498,65.177,66.1074
52.0177,71.0938,55.6828,69.7616,53.2434,68.5611,58.0718,70.7488,53.6243,71.7205,52.7524,73.0847,53.0879,70.2129,54.6677,65.3235,58.7534,62.2401,59.29,61.1057,56.9328,65.0788,52.6026,69.5686,48.0262,74.2059,46.1843,76.145,45.8308,76.1495,48.5123,74.9408,51.3695,73.22,54.3629,71.0355,56.3751,69.0961,58.7406,68.0213,60.8461,67.4372,62.6097,66.8793,63.5804,66.4834,64.6221,66.4313,65.3599,66.1074
52.0177,70.2665,56.3121,68.7824,54.0709,67.6671,58.6855,70.0864,54.2723,71.1674,53.2922,72.5613,53.5388,69.7279,55.0883,64.8294,59.0499,61.7968,59.5212,60.762,57.0328,64.725,52.6649,69.2262,48.1723,73.8098,46.4367,75.7242,46.1478,75.6731,48.803,74.5125,51.688,72.8818,54.6535,70.7656,56.5828,68.8319,58.8494,67.8062,60.946,67.3054,62.7055,66.8313,63.6754,66.4552,64.7394,66.5029,65.5572,66.1074
54.4442,67.7824,57.658,67.4974,55.0215,66.6907,59.337,69.3552,54.9653,70.5607,53.8684,71.996,54.0213,69.2058,55.5356,64.3113,59.3611,61.348,59.7638,60.4325,57.153,64.3777,52.7567,68.8672,48.3651,73.382,46.7482,75.2684,46.5243,75.1592,49.1337,74.0429,52.0328,72.5108,54.9635,70.474,56.8032,68.5479,58.9565,67.5673,61.0357,67.1525,62.7878,66.7665,63.7595,66.408,64.8411,66.5612,65.7552,67.1141
54.4442,66.9437,58.2275,66.4944,55.8611,65.7385,59.9748,68.5819,55.6819,69.9133,54.4671,71.3971,54.5281,68.653,56.0048,63.7758,59.6815,60.9013,60.0137,60.1246,57.2947,64.0431,52.8826,68.4939,48.6095,72.9229,47.1226,74.7784,46.9635,74.6096,49.5061,73.5322,52.4035,72.1064,55.2918,70.1608,57.0365,68.2456,59.0626,67.3055,61.1147,66.9784,62.8556,66.6839,63.8319,66.3407,64.9246,66.6029,65.9234,67.1141
54.4442,66.3485,58.4154,65.7671,56.5377,64.8531,60.574,67.7829,56.4035,69.2371,55.0739,70.773,55.0515,68.0766,56.4901,63.2316,60.0045,60.4655,60.2661,59.8463,57.4593,63.728,53.0481,68.109,48.9105,72.4334,47.5638,74.2553,47.4684,74.0261,49.9216,72.9811,52.7998,71.6683,55.637,69.8259,57.2827,67.9267,59.1687,67.0222,61.1832,66.7834,62.9083,66.583,63.8926,66.2527,64.9874,66.6252,66.0805,67.1141
54.4442,65.7508,58.5092,65.1538,57.1313,64.0057,61.1436,66.9616,57.1156,68.5428,55.6738,70.1315,55.5831,67.4848,56.985,62.6889,60.3228,60.0502,60.5157,59.6053,57.6481,63.4393,53.2591,67.7158,49.273,71.9146,48.0751,73.7004,48.0414,73.4109,50.3812,72.3902,53.2211,71.1963,55.9975,69.4691,57.5415,67.593,59.2761,66.7195,61.2421,66.5679,62.9454,66.4633,63.9413,66.1435,65.027,66.6248,66.2281,67.1141
54.4442,65.1661,58.6064,64.5129,57.7644,63.1337,61.7093,66.117,57.8047,67.8406,56.2525,69.48,56.1145,66.8865,57.4823,62.1594,60.6286,59.666,60.757,59.4095,57.8623,63.1843,53.5224,67.3179,49.7022,71.3681,48.6591,73.1155,48.6845,72.7664,50.8855,71.7601,53.6666,70.6906,56.3717,69.0899,57.8125,67.2464,59.3866,66.4001,61.2927,66.3334,62.9672,66.3245,63.9786,66.0136,65.0413,66.5978,66.3667,67.1141
54.4442,64.5964,58.8322,63.6914,58.5536,62.1878,62.2866,65.2557,58.4541,67.1413,56.7961,68.8246,56.6377,66.2909,57.9749,61.6564,60.9142,59.3241,60.9843,59.2658,58.1031,62.9702,53.8451,66.9195,50.2028,70.7957,49.3181,72.5025,49.3988,72.0955,51.4347,71.0914,54.1352,70.1518,56.7581,68.6881,58.095,66.8888,59.5021,66.0673,61.3375,66.0814,62.9746,66.1664,64.005,65.864,65.0287,66.5401,66.4962,67.1141
54.4442,63.7112,59.5316,62.5318,59.5466,61.1786,62.8585,64.4006,59.042,66.4564,57.2923,68.1705,57.1452,65.7074,58.4552,61.1939,61.1722,59.0359,61.1929,59.1808,58.3712,62.8037,54.2352,66.5256,50.7794,70.1997,50.0534,71.8638,50.1855,71.4018,52.0286,70.3845,54.6257,69.5805,57.1552,68.2632,58.388,66.522,59.6251,65.7253,61.3803,65.8148,62.9691,65.9893,64.0215,65.6964,64.9885,66.4471,66.6152,67.1141
57.1889,61.0603,61.0087,61.1252,60.6239,60.2018,63.3717,63.5902,59.5437,65.797,57.731,67.5216,57.6304,65.1458,58.916,60.7865,61.3964,58.8125,61.3783,59.1595,58.6667,62.6903,54.7013,66.142,51.4362,69.5825,50.8654,71.2022,51.0446,70.6894,52.6672,69.6396,55.136,68.9782,57.5622,67.8153,58.6902,66.1477,59.7579,65.3785,61.4257,65.537,62.9532,65.7938,64.0291,65.5138,64.9208,66.3142,66.705,68.1208
57.1889,60.3348,61.615,60.1271,61.5163,59.3974,63.7621,62.8671,59.9381,65.171,58.1062,66.881,58.0887,64.616,59.3505,60.4485,61.5816,58.6646,61.5379,59.2061,58.9888,62.6341,55.2517,65.7757,52.1772,68.9471,51.7531,70.5203,51.9759,69.9637,53.3508,68.8569,55.6635,68.3464,57.9788,67.3448,59.0003,65.7672,59.9029,65.032,61.4801,65.253,62.9306,65.5812,64.0289,65.3196,64.8272,66.138,66.7297,68.1208
57.1889,59.9816,61.7638,59.5582,62.1375,58.8483,63.9922,62.2643,60.2145,64.5814,58.4157,66.251,58.5176,64.1282,59.7529,60.1928,61.7244,58.6017,61.6702,59.3237,59.3356,62.6364,55.8946,65.4348,53.0061,68.2965,52.7141,69.821,52.9782,69.231,54.0807,68.0366,56.2044,67.6867,58.4054,66.8532,59.3171,65.3814,60.062,64.6906,61.551,64.9689,62.9061,65.3533,64.0221,65.1183,64.7106,65.9175,66.7013,68.1208
57.1889,59.7169,61.7596,59.2743,62.5311,58.5648,64.0674,61.7996,60.3781,64.0259,58.6615,65.6329,58.9178,63.694,60.1197,60.0306,61.8228,58.6317,61.7758,59.5149,59.7041,62.6946,56.636,65.1287,53.9267,67.6346,53.7438,69.1067,54.0493,68.4992,54.8602,67.1803,56.7537,67.0008,58.8435,66.3435,59.6396,64.991,60.2365,64.359,61.6472,64.6925,62.8863,65.1132,64.0094,64.9149,64.5755,65.6529,66.6138,68.1208
57.1889,59.5499,61.6684,59.1757,62.7723,58.5136,64.0274,61.4817,60.4523,63.5001,58.8479,65.0267,59.2927,63.3267,60.4516,59.9709,61.8758,58.7596,61.8571,59.7825,60.0907,62.8013,57.4783,64.8676,54.9429,66.9661,54.8361,68.3791,55.1852,67.777,55.695,66.2912,57.3053,66.2897,59.2951,65.8203,59.9681,64.5963,60.4272,64.0404,61.7782,64.4333,62.8793,64.8652,63.9914,64.7148,64.4282,65.3467,66.4603,68.1208
57.1889,59.5289,61.4808,59.1851,62.9292,58.6444,63.925,61.3222,60.4792,63.0042,58.981,64.4282,59.6477,63.0424,60.7558,60.0209,61.8838,58.9861,61.917,60.1304,60.4934,62.9438,58.4174,64.6615,56.059,66.2975,55.9823,67.6387,56.3798,67.0737,56.5945,65.3764,57.8525,65.5532,59.7625,65.2905,60.304,64.1981,60.6336,63.7364,61.9538,64.2024,62.895,64.6157,63.9679,64.5232,64.2763,65.004,66.2331,68.1208
57.1889,59.687,61.2636,59.1823,63.0425,58.9088,63.7965,61.3452,60.5214,62.5541,59.0706,63.8269,59.9857,62.8584,61.0497,60.1892,61.849,59.3065,61.9579,60.5638,60.9135,63.1043,59.4401,64.5181,57.2796,65.638,57.1728,66.8847,57.6235,66.3978,57.5718,64.4485,58.3883,64.7895,60.2478,64.7638,60.6515,63.7976,60.8543,63.4456,62.1827,64.0124,62.9452,64.3732,63.9388,64.3446,64.1285,64.6331,65.9239,68.1208
57.1889,59.8045,61.3058,59.037,63.0793,59.2736,63.6313,61.5805,60.6632,62.1951,59.1393,63.2036,60.3002,62.7899,61.3641,60.4897,61.7779,59.7092,61.9776,61.0887,61.3599,63.263,60.5206,64.4389,58.6083,65.0007,58.3971,66.1149,58.9028,65.7557,58.6437,63.5284,58.9077,63.9952,60.7516,64.2521,61.0173,63.3976,61.0875,63.1631,62.4716,63.8769,63.0432,64.1496,63.9035,64.1824,63.9945,64.2461,65.5245,68.1208
59.8157,58.7033,61.9086,58.8726,62.8904,59.7224,63.3501,62.0275,61.0019,62.0147,59.2423,62.5347,60.5647,62.8392,61.7435,60.9498,61.6878,60.1767,61.9657,61.7077,61.8531,63.4034,61.6188,64.4147,60.0455,64.4033,59.6458,65.3262,60.1994,65.1482,59.8293,62.6473,59.4102,63.1647,61.2716,63.7694,61.4124,63.0035,61.3313,62.8798,62.823,63.8097,63.2037,63.96,63.8622,64.0382,63.8833,63.8596,65.0106,69.1275
59.8157,59.863,61.7603,59.3294,62.3469,60.2431,62.8178,62.5875,61.6131,62.1418,59.4967,61.8111,60.7244,62.9779,62.2397,61.6176,61.6176,60.6906,61.8984,62.4131,62.4272,63.5221,62.6814,64.4192,61.5834,63.8687,60.913,64.5163,61.4902,64.5685,61.1465,61.8495,59.9032,62.2919,61.8011,63.3306,61.8518,62.6244,61.5852,62.5817,63.2335,63.8237,63.442,63.8241,63.8158,63.9111,63.8029,63.4958,64.3444,69.1275
60.4869,60.9207,62.382,60.1528,62.8369,61.0878,63.3115,63.4453,62.4879,62.8553,60.2527,62.2411,61.4488,63.6952,63.0763,62.5113,62.2653,61.533,62.5471,63.3194,63.2897,64.2329,63.7068,65.0919,62.7672,64.3616,62.0066,64.9174,62.5916,65.0464,62.2567,62.2547,60.7387,62.6721,62.6487,63.8555,62.6694,63.1692,62.3409,63.1535,64.0414,64.4995,64.1925,64.1925,64.4715,64.5399,64.4473,64.0457,64.7935,69.7987
