SPACE_POINTS_X
50,51.0067,52.0134,53.0201,54.0268,55.0336,56.0403,57.047,58.0537,59.0604,60.0671,61.0738,62.0805,63.0872,64.094,65.1007,66.1074,67.1141,68.1208,69.1275,70.1342,71.1409,72.1477,73.1544,74.1611,75.1678,76.1745,77.1812,78.1879,79.1946,80.2013,81.2081,82.2148,83.2215,84.2282,85.2349,86.2416,87.2483,88.255,89.2617,90.2685,91.2752,92.2819,93.2886,94.2953,95.302,96.3087,97.3154,98.3221,99.3289,100.336,101.342,102.349,103.356,104.362,105.369,106.376,107.383,108.389,109.396,110.403,111.409,112.416,113.423,114.43,115.436,116.443,117.45,118.456,119.463,120.47,121.477,122.483,123.49,124.497,125.503,126.51,127.517,128.523,129.53,130.537,131.544,132.55,133.557,134.564,135.57,136.577,137.584,138.591,139.597,140.604,141.611,142.617,143.624,144.631,145.638,146.644,147.651,148.658,149.664,150.671,151.678,152.685,153.691,154.698,155.705,156.711,157.718,158.725,159.732,160.738,161.745,162.752,163.758,164.765,165.772,166.779,167.785,168.792,169.799,170.805,171.812,172.819,173.826,174.832,175.839,176.846,177.852,178.859,179.866,180.872,181.879,182.886,183.893,184.899,185.906,186.913,187.919,188.926,189.933,190.94,191.946,192.953,193.96,194.966,195.973,196.98,197.987,198.993,200
SPACE_POINTS_Y
0,0.0244898,0.0489796,0.0734694,0.0979592,0.122449,0.146939,0.171429,0.195918,0.220408,0.244898,0.269388,0.293878,0.318367,0.342857,0.367347,0.391837,0.416327,0.440816,0.465306,0.489796,0.514286,0.538776,0.563265,0.587755,0.612245,0.636735,0.661224,0.685714,0.710204,0.734694,0.759184,0.783673,0.808163,0.832653,0.857143,0.881633,0.906122,0.930612,0.955102,0.979592,1.00408,1.02857,1.05306,1.07755,1.10204,1.12653,1.15102,1.17551,1.2
VALUES
0,0,0,0,0,0,0,0,0,0,0,0,0,0,0,0,0,0,0,0,0,0,0,0,0,0,0,0,0,0,0,0,0,0,0,0,0,0,0,0,0,0,0,0,0,0,0,0,0,0
0.603282,0.570108,0.468426,0.602816,0.488827,0.584776,0.512785,0.575292,0.529786,0.57209,0.542614,0.572305,0.553082,0.574429,0.562067,0.577697,0.570044,0.581672,0.577311,0.586088,0.584062,0.590777,0.590399,0.595614,0.596376,0.600522,0.602058,0.605483,0.607518,0.61045,0.612741,0.615339,0.617792,0.620408,0.624145,0.630086,0.599473,0.68477,0.534619,0.791076,0.409429,0.967783,0.185586,1.271,-0.218615,1.84105,-1.06032,3.29501,-4.94039,51.0067
0.603282,1.32602,0.90945,1.19165,0.981241,1.16052,1.02564,1.14558,1.05843,1.14091,1.0838,1.1422,1.10473,1.14695,1.12277,1.1538,1.13883,1.16197,1.15346,1.17096,1.16705,1.18046,1.1798,1.19024,1.19183,1.20013,1.20326,1.21012,1.21423,1.22011,1.22473,1.22994,1.23487,1.24009,1.24752,1.26006,1.19744,1.37009,1.06695,1.5836,0.815623,1.93838,0.366384,2.54698,-0.444901,3.69143,-2.1361,6.61859,-9.65854,51.0067
1.71438,1.65061,1.44462,1.74989,1.48397,1.72562,1.54149,1.71051,1.58756,1.70663,1.6246,1.71004,1.6557,1.71796,1.68273,1.72874,1.70686,1.74131,1.7289,1.75503,1.74938,1.76945,1.76861,1.78424,1.78673,1.79919,1.80394,1.81426,1.82047,1.82932,1.83628,1.84412,1.85153,1.85936,1.87042,1.89018,1.79427,2.05609,1.59749,2.37752,1.21936,2.91129,0.543836,3.82633,-0.675498,5.54581,-3.21507,9.92484,-13.7572,53.0201
1.71438,2.37436,1.91833,2.29809,1.99703,2.2803,2.06197,2.27017,2.11838,2.26947,2.16588,2.27615,2.20666,2.28785,2.24248,2.30289,2.27463,2.32009,2.30406,2.33866,2.33145,2.35809,2.35717,2.37797,2.38141,2.39802,2.40444,2.41821,2.42655,2.43837,2.44769,2.45817,2.46807,2.47849,2.49313,2.52069,2.39032,2.74291,2.12672,3.17275,1.62135,3.88603,0.719295,5.10752,-0.907238,7.39916,-4.2855,13.1757,-17.2917,53.0201
2.3059,2.85429,2.45487,2.82448,2.5207,2.82599,2.58769,2.82503,2.65168,2.82977,2.70834,2.84087,2.75818,2.85698,2.8025,2.87663,2.84253,2.89865,2.87932,2.9222,2.9136,2.94673,2.94581,2.97174,2.97619,2.99694,3.00506,3.02227,3.03275,3.04754,3.05924,3.07235,3.08476,3.09775,3.1159,3.15181,2.98593,3.43067,2.65508,3.96923,2.02227,4.86215,0.894024,6.38913,-1.13716,9.24673,-5.33653,16.3435,-20.3285,54.0268
3.24062,3.19791,3.02478,3.33999,3.05156,3.36509,3.11849,3.37589,3.18794,3.38796,3.25249,3.40456,3.31074,3.42568,3.36321,3.45028,3.41097,3.47731,3.45501,3.50596,3.49615,3.53565,3.53485,3.56584,3.57136,3.59621,3.60605,3.6267,3.63934,3.6571,3.67118,3.68693,3.70183,3.71737,3.73896,3.78374,3.58139,4.11947,3.18297,4.76691,2.42276,5.83924,1.0692,7.66982,-1.36251,11.0842,-6.35855,19.409,-22.943,56.0403
3.24062,3.86522,3.53102,3.86363,3.58548,3.90015,3.6538,3.92376,3.72735,3.94454,3.79873,3.96759,3.86472,3.99428,3.92499,4.02416,3.98026,4.05638,4.03146,4.09023,4.0794,4.12513,4.12455,4.16054,4.16718,4.19609,4.20768,4.23174,4.24656,4.26727,4.28374,4.30212,4.31952,4.33758,4.36255,4.41666,4.17698,4.80942,3.71076,5.56571,2.82338,6.81689,1.24591,8.94836,-1.58075,12.9075,-7.34328,22.3596,-25.1654,56.0403
4.288,4.24786,4.06608,4.38778,4.12204,4.43312,4.19295,4.4697,4.26998,4.50005,4.34735,4.53031,4.42047,4.56309,4.48815,4.59855,4.55071,4.63613,4.60895,4.67527,4.66361,4.71544,4.71517,4.75608,4.76388,4.79682,4.81018,4.83764,4.85463,4.87829,4.89713,4.91813,4.93802,4.95859,4.98685,5.05075,4.77297,5.5006,4.23882,6.36559,3.22469,7.79474,1.42518,10.2236,-1.78959,14.7132,-8.2838,25.1876,-27.0533,58.0537
4.288,4.96067,4.55473,4.91506,4.66145,4.96554,4.73534,5.01473,4.81577,5.05505,4.89855,5.09312,4.97825,5.13242,5.05297,5.17372,5.1226,5.21682,5.18774,5.26133,5.24903,5.30679,5.30693,5.35269,5.36169,5.39861,5.41375,5.44458,5.46375,5.49033,5.51156,5.53517,5.55753,5.58058,5.61205,5.68615,5.3696,6.19309,4.76746,7.16647,3.62718,8.77244,1.60792,11.4945,-1.98692,16.4982,-9.17454,27.8896,-28.6367,58.0537
4.86531,5.44929,5.10539,5.43087,5.2047,5.4987,5.28044,5.55976,5.36465,5.61009,5.45246,5.65638,5.53828,5.70255,5.6197,5.74993,5.69617,5.79868,5.76805,5.84862,5.83588,5.89942,5.90006,5.95057,5.96081,6.00167,6.0186,6.05277,6.07411,6.10361,6.1272,6.1534,6.17822,6.20373,6.23832,6.32302,5.96709,6.88697,5.29699,7.96832,4.03132,9.74968,1.79499,12.7602,-2.17089,18.2599,-10.0111,30.465,-29.9546,59.0604
5.77084,5.77376,5.70253,5.94206,5.7496,6.03402,5.82786,6.10558,5.91652,6.16568,6.00918,6.22043,6.10075,6.27376,6.18854,6.32741,6.27163,6.38192,6.3501,6.43735,6.42436,6.4935,6.49474,6.5499,6.56143,6.60617,6.6249,6.66238,6.68588,6.71827,6.74423,6.773,6.80026,6.82819,6.86583,6.96147,6.56565,7.5823,5.82768,8.77108,4.43753,10.7262,1.98717,14.0197,-2.33984,19.996,-10.7905,32.916,-31.0563,61.0738
6.24245,6.26877,6.25455,6.46874,6.29266,6.57259,6.37747,6.65279,6.47134,6.7223,6.56877,6.78563,6.66581,6.84631,6.7597,6.90638,6.84918,6.96675,6.93408,7.02772,7.01466,7.08923,7.09116,7.15087,7.16371,7.21228,7.23282,7.27356,7.29923,7.33447,7.36278,7.3941,7.4238,7.45412,7.49471,7.60162,7.16547,8.27915,6.35981,9.57469,4.84621,11.7016,2.18517,15.2724,-2.49234,21.7047,-11.5103,35.2464,-31.9605,62.0805
6.84187,6.84799,6.75465,7.01503,6.83362,7.11468,6.92936,7.20185,7.02908,7.28039,7.13129,7.35229,7.23357,7.42044,7.33331,7.48705,7.42899,7.55334,7.52016,7.61988,7.60693,7.68676,7.68946,7.75363,7.76782,7.82015,7.8425,7.88648,7.91429,7.95237,7.98301,8.01686,8.04896,8.08164,8.1251,8.24358,7.76672,8.97756,6.8936,10.3791,5.25773,12.6758,2.38962,16.5176,-2.62712,23.3847,-12.1694,37.4609,-32.6842,63.0872
6.84187,7.60827,7.22665,7.56968,7.37568,7.65978,7.48383,7.75309,7.58974,7.84031,7.69676,7.92072,7.80414,7.99638,7.90952,8.06961,8.0112,8.14188,8.10849,8.21401,8.20134,8.28624,8.2898,8.35832,8.37389,8.42992,8.45408,8.50125,8.53119,8.57208,8.60503,8.64139,8.67587,8.71088,8.75712,8.88745,8.36957,9.67758,7.42927,11.1843,5.67241,13.6486,2.60111,17.7546,-2.74314,25.0347,-12.7672,39.5652,-33.2421,63.0872
7.47224,8.10534,7.76912,8.11444,7.92271,8.2072,8.04124,8.30678,8.15334,8.40242,8.26522,8.49118,8.3776,8.57436,8.48846,8.65423,8.59596,8.73251,8.69921,8.81024,8.79801,8.88782,8.89231,8.96508,8.98205,9.04172,9.06768,9.11801,9.15007,9.19373,9.22898,9.26781,9.30465,9.34195,9.39089,9.53332,8.97416,10.3793,7.96704,11.9902,6.09055,14.6196,2.82014,18.9831,-2.83952,26.6542,-13.3039,41.5653,-33.663,64.094
8.44153,8.45022,8.35807,8.65171,8.47563,8.75663,8.60187,8.86315,8.7199,8.96701,8.8367,9.06393,8.95403,9.15455,9.07022,9.24108,9.18338,9.32538,9.29245,9.40871,9.39708,9.49162,9.49711,9.57402,9.59242,9.65567,9.68343,9.73686,9.77102,9.81743,9.85494,9.89622,9.9354,9.97496,10.0265,10.1813,9.58064,11.0826,8.50709,12.7969,6.51245,15.5888,3.04717,20.2026,-2.91555,28.2426,-13.7802,43.4682,-33.9798,66.1074
8.97042,8.99228,8.91248,9.19417,9.03347,9.30814,9.16587,9.42242,9.28945,9.53434,9.41123,9.63918,9.5335,9.73715,9.65491,9.8303,9.77357,9.92062,9.88832,10.0095,9.99866,10.0977,10.1043,10.1853,10.2051,10.2719,10.3014,10.3579,10.3941,10.4433,10.483,10.5267,10.5682,10.61,10.664,10.8313,10.1891,11.7878,9.04959,13.6042,6.93835,16.5561,3.28261,21.4128,-2.97066,29.7998,-14.1972,45.2804,-34.1989,67.1141
8.97042,9.69694,9.4399,9.7423,9.59598,9.86204,9.73328,9.98482,9.86202,10.1046,9.98885,10.2171,10.1161,10.3223,10.2426,10.422,10.3666,10.5184,10.4869,10.6128,10.6028,10.7063,10.714,10.7989,10.8202,10.8904,10.9217,10.9813,11.0195,11.0713,11.1133,11.1594,11.2032,11.2471,11.3036,11.4836,10.7997,12.4946,9.5947,14.4121,7.36848,17.5211,3.52679,22.6134,-3.00446,31.3259,-14.5564,47.0086,-34.3182,67.1141
10.1177,10.1273,10.0076,10.2887,10.1635,10.4187,10.304,10.5506,10.4376,10.6781,10.5696,10.798,10.7018,10.9102,10.8334,11.0164,10.9626,11.1187,11.0883,11.2187,11.2097,11.3174,11.3263,11.415,11.4378,11.5114,11.5445,11.607,11.6473,11.7017,11.7459,11.7944,11.8404,11.8865,11.9453,12.1382,11.4126,13.2033,10.1426,15.2206,7.80305,18.484,3.78004,23.8042,-3.01664,32.821,-14.8596,48.6591,-34.365,69.1275
10.1177,10.7744,10.5706,10.8358,10.7354,10.9789,10.8779,11.12,11.0163,11.2549,11.1535,11.3818,11.2907,11.5009,11.4272,11.6135,11.5617,11.7217,11.6926,11.8272,11.8194,11.9311,11.9413,12.0337,12.058,12.1348,12.1697,12.2351,12.2775,12.3345,12.3809,12.4316,12.4799,12.5281,12.5891,12.7951,12.0278,13.9138,10.6933,16.0297,8.24224,19.4444,4.04259,24.985,-3.00704,34.2857,-15.1088,50.2382,-34.3416,69.1275
11.1421,11.1876,11.1704,11.3831,11.3107,11.5431,11.4547,11.6932,11.5981,11.8351,11.7406,11.9688,11.8828,12.0946,12.0243,12.2135,12.1638,12.3275,12.2999,12.4384,12.4318,12.5475,12.559,12.655,12.6808,12.7609,12.7975,12.8658,12.9101,12.9697,13.0182,13.0713,13.1217,13.172,13.2352,13.4543,12.6454,14.6261,11.2471,16.8393,8.68623,20.4025,4.31468,26.1557,-2.9756,35.7205,-15.306,51.7519,-34.2642,71.1409
11.6419,11.7132,11.7574,11.9386,11.8877,12.1122,12.0344,12.2704,12.1829,12.4189,12.3309,12.5591,12.4783,12.6913,12.6247,12.8164,12.7691,12.9362,12.9102,13.0525,13.0472,13.1667,13.1795,13.279,13.3063,13.3896,13.428,13.4991,13.5454,13.6075,13.6581,13.7134,13.766,13.8184,13.8836,14.1159,13.2655,15.3402,11.804,17.6495,9.13516,21.358,4.59647,27.3164,-2.92236,37.1262,-15.4536,53.2058,-34.1402,72.1477
12.2089,12.2815,12.3251,12.5057,12.4653,12.6866,12.6168,12.8517,12.771,13.0063,12.9246,13.1527,13.077,13.2912,13.2283,13.4223,13.3775,13.5478,13.5236,13.6694,13.6656,13.7886,13.8028,13.9058,13.9346,14.021,14.0611,14.135,14.1832,14.2478,14.3005,14.358,14.4128,14.4671,14.5344,14.78,13.8881,16.0562,12.3642,18.4601,9.58917,22.311,4.88811,28.467,-2.84742,38.5036,-15.5538,54.6053,-33.9692,73.1544
12.8365,12.8954,12.8779,13.083,13.0438,13.2664,13.2019,13.4371,13.3624,13.5974,13.5216,13.7498,13.6791,13.8943,13.8352,14.0314,13.9892,14.1624,14.1401,14.2893,14.287,14.4135,14.4291,14.5354,14.5657,14.6551,14.6969,14.7735,14.8237,14.8907,14.9455,15.0052,15.062,15.1183,15.1875,15.4466,14.5134,16.7741,12.9276,19.2713,10.0484,23.2614,5.1897,29.6075,-2.75098,39.8534,-15.609,55.9551,-33.7571,74.1611
12.8365,13.6067,13.432,13.6661,13.6239,13.8515,13.79,14.0267,13.957,14.1923,14.122,14.3503,14.2846,14.5007,14.4455,14.6435,14.6042,14.7801,14.7598,14.9122,14.9114,15.0412,15.0583,15.1678,15.1997,15.2921,15.3355,15.4148,15.4669,15.5363,15.5931,15.655,15.7139,15.7721,15.8431,16.1156,15.1415,17.4939,13.4945,20.083,10.5129,24.2092,5.50133,30.7381,-2.63329,41.1768,-15.6214,57.26,-33.5019,74.1611
13.9803,14.0389,14.0312,14.2508,14.2062,14.4417,14.3812,14.6204,14.5552,14.7909,14.7259,14.9544,14.8936,15.1105,15.0592,15.2589,15.2225,15.4009,15.3827,15.5381,15.539,15.672,15.6906,15.8032,15.8366,15.9318,15.977,16.0589,16.1128,16.1846,16.2434,16.3074,16.3683,16.4284,16.5011,16.7872,15.7722,18.2155,14.0648,20.8951,10.9827,25.1543,5.82304,31.8588,-2.49466,42.4747,-15.5933,58.524,-33.2217,76.1745
14.4948,14.5778,14.625,14.8423,14.7911,15.0365,14.9759,15.2181,15.1568,15.3933,15.3332,15.5621,15.506,15.7237,15.6762,15.8776,15.8441,16.0248,16.0088,16.167,16.1697,16.3057,16.3258,16.4414,16.4764,16.5745,16.6213,16.7058,16.7615,16.8356,16.8964,16.9624,17.0253,17.0873,17.1617,17.4613,16.4058,18.9391,14.6387,21.7076,11.4581,26.0967,6.15486,32.9698,-2.33546,43.7482,-15.527,59.7514,-32.9201,77.1812
15.0867,15.166,15.1999,15.4434,15.3789,15.6355,15.5742,15.8197,15.7621,15.9994,15.9441,16.1734,16.1218,16.3403,16.2967,16.4995,16.469,16.6519,16.6382,16.7991,16.8035,16.9425,16.9641,17.0827,17.1191,17.22,17.2684,17.3554,17.413,17.4893,17.5521,17.6202,17.6851,17.7489,17.8248,18.1379,17.0422,19.6646,15.2162,22.5206,11.9389,27.0366,6.49679,34.0712,-2.15607,44.9983,-15.4246,60.9456,-32.594,78.1879
15.762,15.8166,15.7554,16.0523,15.9709,16.2382,16.1766,16.4252,16.3711,16.6094,16.5585,16.7883,16.7412,16.9604,16.9207,17.1248,17.0974,17.2823,17.2708,17.4343,17.4405,17.5823,17.6055,17.7269,17.7649,17.8685,17.9185,18.008,18.0673,18.1459,18.2105,18.2806,18.3474,18.413,18.4904,18.8171,17.6815,20.3919,15.7973,23.3341,12.4254,27.9737,6.84881,35.1633,-1.95692,46.226,-15.2883,62.11,-32.2461,79.1946
15.762,16.6012,16.3076,16.6625,16.5686,16.844,16.7832,17.0343,16.9839,17.2231,17.1766,17.4069,17.3641,17.584,17.5481,17.7534,17.7291,17.9159,17.9068,18.0727,18.0807,18.2252,18.25,18.3742,18.4136,18.5198,18.5715,18.6634,18.7244,18.8052,18.8717,18.9438,19.0125,19.0799,19.1587,19.4989,18.3238,21.1212,16.3821,24.1479,12.9174,28.9083,7.21088,36.2462,-1.73848,47.4325,-15.12,63.2475,-31.8725,79.1946
16.397,17.184,16.9091,17.2669,17.1735,17.4526,17.3943,17.6472,17.6005,17.8406,17.7982,18.0292,17.9905,18.2111,18.179,18.3855,18.3642,18.5528,18.546,18.7143,18.7241,18.8713,18.8976,19.0245,19.0654,19.1742,19.2274,19.3217,19.3844,19.4674,19.5357,19.6098,19.6803,19.7494,19.8295,20.1833,18.9689,21.8524,16.9707,24.9622,13.4151,29.8403,7.58295,37.3202,-1.50122,48.6189,-14.9217,64.361,-31.4812,80.2013
17.5512,17.6055,17.5514,17.8666,17.7853,18.064,18.0097,18.2638,18.2209,18.4618,18.4236,18.6551,18.6205,18.8417,18.8134,19.0209,19.0027,19.193,19.1886,19.359,19.3707,19.5204,19.5483,19.6778,19.7202,19.8315,19.8863,19.9829,20.0473,20.1324,20.2025,20.2785,20.3509,20.4216,20.503,20.8703,19.6171,22.5855,17.5631,25.7769,13.9185,30.7696,7.96494,38.3855,-1.24564,49.7861,-14.6952,65.4531,-31.0864,82.2148
18.0857,18.169,18.1846,18.4685,18.4031,18.6784,18.6296,18.884,18.8452,19.0869,19.0525,19.2847,19.2541,19.4759,19.4512,19.6598,19.6446,19.8364,19.8345,20.007,20.0205,20.1727,20.2021,20.3342,20.3781,20.4918,20.5481,20.647,20.7131,20.8002,20.8721,20.95,21.0242,21.0966,21.1791,21.5598,20.2682,23.3204,18.1593,26.592,14.4275,31.6965,8.35678,39.4423,-0.972237,50.9352,-14.4423,66.5261,-30.684,83.2215
18.7303,18.8116,18.8016,19.0758,19.0259,19.296,19.2538,19.5079,19.4734,19.7157,19.6852,19.918,19.8912,20.1137,20.0926,20.302,20.29,20.4832,20.4837,20.6582,20.6736,20.8281,20.8591,20.9936,21.039,21.1551,21.2129,21.314,21.3817,21.4709,21.5446,21.6243,21.7002,21.7742,21.8579,22.252,20.9224,24.0573,18.7593,27.4076,14.9423,32.6209,8.75836,40.491,-0.681529,52.0673,-14.1646,67.5822,-30.2692,84.2282
18.7303,19.5444,19.4147,19.6883,19.653,19.9173,19.8822,20.1356,20.1054,20.3482,20.3215,20.5549,20.5319,20.755,20.7374,20.9477,20.9387,21.1334,21.1362,21.3126,21.3299,21.4867,21.5192,21.6561,21.7029,21.8214,21.8807,21.984,22.0533,22.1445,22.2198,22.3013,22.379,22.4546,22.5393,22.9467,21.5796,24.7961,19.3631,28.2235,15.4627,33.5429,9.16958,41.5317,-0.374033,53.1832,-13.8637,68.6231,-29.8372,84.2282
19.9594,20.0421,20.056,20.3044,20.2839,20.5426,20.5147,20.7671,20.7413,20.9846,20.9615,21.1956,21.1761,21.3998,21.3857,21.5969,21.5909,21.7868,21.7921,21.9703,21.9895,22.1484,22.1825,22.3217,22.37,22.4907,22.5514,22.6569,22.7277,22.8209,22.8979,22.9812,23.0605,23.1377,23.2233,23.644,22.2398,25.5367,19.9709,29.0399,15.9889,34.4624,9.59032,42.5647,-0.0502675,54.284,-13.5411,69.6506,-29.4,86.2416
20.5214,20.6283,20.6948,20.9266,20.918,21.172,21.151,21.4024,21.3809,21.6246,21.6052,21.8399,21.824,22.0482,22.0375,22.2495,22.2464,22.4436,22.4512,22.6312,22.6522,22.8132,22.8489,22.9904,23.04,23.163,23.2251,23.3327,23.4051,23.5001,23.5788,23.6638,23.7449,23.8235,23.91,24.3439,22.9031,26.2793,20.5825,29.8567,16.5207,35.3797,10.0205,43.5903,0.289251,55.3705,-13.198,70.6662,-28.9594,87.2483
21.1512,21.2583,21.3242,21.5562,21.5551,21.8057,21.7912,22.0417,22.0243,22.2685,22.2525,22.4878,22.4753,22.7001,22.6927,22.9055,22.9053,23.1037,23.1137,23.2953,23.3182,23.4812,23.5185,23.6621,23.7132,23.8383,23.9018,24.0114,24.0853,24.1822,24.2626,24.3492,24.4319,24.512,24.5994,25.0464,23.5694,27.0237,21.198,30.6739,17.0582,36.2946,10.4599,44.6088,0.644009,56.4436,-12.8359,71.6714,-28.5101,88.255
21.8366,21.9333,21.9462,22.1925,22.1954,22.4438,22.435,22.6849,22.6714,22.9161,22.9035,23.1393,23.1303,23.3556,23.3515,23.5649,23.5676,23.7671,23.7794,23.9627,23.9874,24.1524,24.1911,24.3369,24.3893,24.5166,24.5815,24.6931,24.7685,24.8672,24.9492,25.0375,25.1218,25.2033,25.2915,25.7514,24.2388,27.7699,21.8174,31.4915,17.6013,37.2074,10.9084,45.6204,1.0135,57.5043,-12.456,72.6674,-28.0529,89.2617
21.8366,22.6811,22.5721,22.833,22.8389,23.0864,23.0824,23.332,23.3223,23.5674,23.5582,23.7945,23.7888,24.0146,24.0136,24.2278,24.2333,24.4339,24.4485,24.6332,24.6598,24.8267,24.8669,25.0147,25.0686,25.1979,25.2641,25.3777,25.4545,25.555,25.6385,25.7285,25.8144,25.8973,25.9862,26.459,24.9113,28.518,22.4408,32.3096,18.1501,38.1179,11.3659,46.6255,1.39723,58.5532,-12.0593,73.6552,-27.5826,89.2617
23.1138,23.2055,23.2267,23.4758,23.486,23.7333,23.7334,23.9831,23.9768,24.2225,24.2164,24.4533,24.4508,24.6771,24.6792,24.894,24.9023,25.1039,25.1208,25.307,25.3354,25.5041,25.5458,25.6956,25.7508,25.8821,25.9497,26.0652,26.1434,26.2457,26.3307,26.4223,26.5097,26.594,26.6835,27.1691,25.5868,29.268,23.068,33.128,18.7045,39.0264,11.8323,47.6242,1.7947,59.5913,-11.6469,74.6359,-27.1099,91.2752
23.6969,23.812,23.8825,24.1229,24.1366,24.3845,24.388,24.6381,24.635,24.8812,24.8783,25.1156,25.1163,25.343,25.3482,25.5637,25.5746,25.7773,25.7964,25.984,26.0142,26.1846,26.2279,26.3796,26.4361,26.5694,26.6383,26.7556,26.8352,26.9392,27.0257,27.1188,27.2078,27.2934,27.3835,27.8818,26.2654,30.0198,23.6991,33.9469,19.2644,39.9329,12.3074,48.6168,2.20543,60.6191,-11.2199,75.6103,-26.6362,92.2819
24.347,24.4621,24.5319,24.7753,24.7907,25.04,25.0461,25.2971,25.2968,25.5436,25.5438,25.7815,25.7853,26.0125,26.0207,26.2367,26.2502,26.4539,26.4752,26.6642,26.6961,26.8682,26.913,27.0665,27.1244,27.2596,27.3297,27.4488,27.5299,27.6355,27.7236,27.8182,27.9086,27.9956,28.0862,28.597,26.9471,30.7734,24.3341,34.7663,19.8298,40.8374,12.791,49.6037,2.62896,61.6375,-10.779,76.5794,-26.1562,93.2886
25.0504,25.1564,25.1761,25.4327,25.4483,25.6997,25.7077,25.9599,25.9623,26.2097,26.2129,26.451,26.4579,26.6854,26.6965,26.9131,26.9292,27.1338,27.1572,27.3476,27.3812,27.555,27.6011,27.7565,27.8156,27.9527,28.0241,28.145,28.2274,28.3347,28.4241,28.5202,28.6121,28.7004,28.7915,29.3147,27.6318,31.5289,24.973,35.586,20.4007,41.74,13.283,50.5851,3.06484,62.647,-10.3253,77.5438,-25.6704,94.2953
25.0504,25.9173,25.8244,26.0938,26.1096,26.3635,26.3729,26.6266,26.6314,26.8794,26.8856,27.1239,27.1338,27.3617,27.3756,27.5928,27.6114,27.8169,27.8424,28.0341,28.0695,28.2448,28.2923,28.4495,28.5099,28.6488,28.7214,28.8441,28.9277,29.0366,29.1275,29.2251,29.3184,29.4079,29.4994,30.0349,28.3195,32.2861,25.6157,36.4063,20.9771,42.6408,13.7832,51.5611,3.51261,63.6484,-9.85935,78.5042,-25.1735,94.2953
26.3701,26.4696,26.4975,26.7573,26.7745,27.0314,27.0417,27.297,27.3041,27.5527,27.5618,27.8003,27.8133,28.0414,28.0581,28.2759,28.2969,28.5033,28.5308,28.7237,28.7608,28.9377,28.9866,29.1455,29.2071,29.3477,29.4216,29.5459,29.6309,29.7413,29.8336,29.9326,30.0273,30.1181,30.21,30.7576,29.0103,33.0451,26.2624,37.2269,21.5588,43.5399,14.2915,52.5322,3.97186,64.6421,-9.38204,79.461,-24.6752,96.3087
26.9753,27.0977,27.1721,27.4248,27.443,27.7033,27.714,27.9711,27.9804,28.2295,28.2415,28.4802,28.4961,28.7245,28.7439,28.9622,28.9856,29.1929,29.2224,29.4165,29.4552,29.6336,29.6839,29.8445,29.9073,30.0496,30.1247,30.2507,30.3369,30.4489,30.5425,30.6429,30.739,30.831,30.9231,31.4828,29.7041,33.8059,26.9128,38.0481,22.1459,44.4372,14.8078,53.4984,4.44216,65.6289,-8.894,80.4149,-24.177,97.3154
27.6457,27.7677,27.8415,28.0975,28.115,28.3791,28.3899,28.6489,28.6603,28.9098,28.9248,29.1635,29.1823,29.411,29.433,29.6519,29.6776,29.8857,29.9171,30.1124,30.1527,30.3325,30.3842,30.5464,30.6104,30.7544,30.8306,30.9582,31.0457,31.1591,31.2541,31.3559,31.4533,31.5465,31.6389,32.2104,30.401,34.5685,27.5671,38.8697,22.7383,45.3329,15.3318,54.4601,4.9231,66.6092,-8.39587,81.3664,-23.6736,98.3221
28.3662,28.4803,28.5065,28.7753,28.7903,29.0587,29.0695,29.3302,29.3438,29.5936,29.6115,29.8503,29.8719,30.1008,30.1254,30.3448,30.3727,30.5817,30.615,30.8114,30.8533,31.0345,31.0875,31.2512,31.3164,31.4621,31.5394,31.6686,31.7572,31.8722,31.9685,32.0716,32.1703,32.2646,32.3572,32.9404,31.1008,35.3328,28.2253,39.6917,23.336,46.2271,15.8634,55.4175,5.41432,67.5835,-7.88822,82.3158,-23.1653,99.3289
28.3662,29.2535,29.1749,29.4571,29.4691,29.7419,29.7528,30.0151,30.031,30.2808,30.3017,30.5404,30.5649,30.7939,30.821,31.0409,31.071,31.2808,31.3159,31.5134,31.5569,31.7394,31.7937,31.959,32.0253,32.1726,32.251,32.3818,32.4716,32.5879,32.6855,32.7899,32.8899,32.9853,33.0782,33.6728,31.8036,36.0989,28.8872,40.5143,23.9389,47.1197,16.4025,56.3708,5.91542,68.5523,-7.3716,83.2635,-22.647,99.3289
29.7258,29.8313,29.8639,30.1421,30.1516,30.4287,30.4398,30.7033,30.7216,30.9714,30.9953,31.2339,31.2611,31.4904,31.5199,31.7403,31.7724,31.983,32.02,32.2185,32.2635,32.4473,32.5029,32.6697,32.7371,32.8859,32.9655,33.0977,33.1886,33.3064,33.4052,33.5109,33.6121,33.7087,33.8016,34.4077,32.5094,36.8667,29.5529,41.3373,24.5469,48.011,16.949,57.3202,6.42605,69.5161,-6.84651,84.2098,-22.1277,101.342
30.353,30.4797,30.5529,30.8315,30.8377,31.1189,31.1306,31.3949,31.4159,31.6654,31.6923,31.9307,31.9606,32.19,32.2219,32.4428,32.477,32.6884,32.727,32.9267,32.973,33.1582,33.215,33.3832,33.4518,33.6021,33.6827,33.8164,33.9085,34.0276,34.1276,34.2345,34.337,34.4346,34.5276,35.1449,33.2182,37.6362,30.2223,42.1608,25.16,48.9008,17.5025,58.266,6.94586,70.4753,-6.3134,85.1549,-21.6087,102.349
31.0471,31.1707,31.2356,31.5257,31.5276,31.8123,31.8252,32.0897,32.1137,32.3627,32.3926,32.6308,32.6634,32.893,32.9271,33.1485,33.1846,33.3968,33.4371,33.6378,33.6856,33.872,33.93,34.0996,34.1693,34.321,34.4027,34.5378,34.631,34.7514,34.8527,34.9608,35.0645,35.1632,35.2562,35.8845,33.9299,38.4075,30.8955,42.9848,25.7782,49.7894,18.0632,59.2083,7.47452,71.4302,-5.77271,86.0993,-21.0851,103.356
31.7964,31.9083,31.9126,32.2241,32.2216,32.5088,32.5236,32.7879,32.815,33.0633,33.0963,33.3341,33.3694,33.5991,33.6354,33.8574,33.8953,34.1083,34.1502,34.3519,34.4011,34.5887,34.6479,34.8189,34.8896,35.0428,35.1254,35.2619,35.3562,35.4779,35.5803,35.6897,35.7945,35.8942,35.9873,36.6265,34.6445,39.1804,31.5724,43.8093,26.4013,50.6767,18.6306,60.1473,8.01171,72.3812,-5.22483,87.0431,-20.557,104.362
31.7964,32.7141,32.5919,32.9251,32.9199,33.2082,33.2259,33.4892,33.5198,33.7672,33.8033,34.0408,34.0786,34.3085,34.3468,34.5694,34.609,34.8228,34.8663,35.0689,35.1195,35.3082,35.3686,35.5409,35.6127,35.7672,35.8509,35.9887,36.0841,36.207,36.3106,36.4211,36.5271,36.6278,36.7208,37.3707,35.3621,39.955,32.2529,44.6343,27.0294,51.5629,19.2048,61.0832,8.55712,73.3288,-4.67013,87.9864,-20.0196,104.362
33.2678,33.352,33.2912,33.6267,33.6229,33.9104,33.9319,34.1936,34.228,34.4743,34.5136,34.7506,34.7909,35.021,35.0613,35.2844,35.3258,35.5404,35.5853,35.7889,35.8408,36.0307,36.0922,36.2658,36.3385,36.4945,36.5791,36.7182,36.8146,36.9388,37.0435,37.1551,37.2622,37.364,37.4569,38.1173,36.0825,40.7312,32.9372,45.4598,27.6624,52.4479,19.7856,62.0162,9.11045,74.2731,-4.10895,88.9294,-19.4811,106.376
33.2678,34.0949,33.9994,34.3289,34.3305,34.6154,34.6417,34.9012,34.9396,35.1847,35.227,35.4637,35.5063,35.7366,35.7788,36.0025,36.0455,36.2609,36.3073,36.5118,36.5649,36.7559,36.8186,36.9934,37.0672,37.2244,37.31,37.4504,37.5478,37.6732,37.779,37.8917,37.9999,38.1026,38.1954,38.8662,36.8058,41.5091,33.625,46.2859,28.3002,53.3319,20.3729,62.9465,9.67144,75.2146,-3.54159,89.8723,-18.9383,106.376
34.5914,34.6998,34.7233,35.0323,35.0428,35.3231,35.3552,35.612,35.6546,35.8983,35.9437,36.18,36.2248,36.4554,36.4994,36.7237,36.7682,36.9843,37.0321,37.2376,37.2919,37.484,37.5477,37.7237,37.7985,37.957,38.0435,38.1852,38.2836,38.4101,38.517,38.6308,38.7401,38.8437,38.9363,39.6173,37.532,42.2887,34.3165,47.1124,28.9427,54.2149,20.9665,63.8743,10.2398,76.1535,-2.96834,90.8153,-18.3943,108.389
35.2423,35.3742,35.4465,35.7382,35.7593,36.0337,36.0724,36.3258,36.3728,36.6151,36.6635,36.8994,36.9464,37.1772,37.2229,37.4478,37.4938,37.7107,37.7598,37.9662,38.0217,38.2148,38.2796,38.4568,38.5325,38.6923,38.7797,38.9226,39.022,39.1496,39.2575,39.3724,39.4828,39.5873,39.6797,40.3707,38.261,43.0698,35.0115,47.9395,29.59,55.0969,21.5662,64.7997,10.8153,77.09,-2.38948,91.7585,-17.8508,109.396
35.9575,36.0899,36.1651,36.4476,36.4799,36.747,36.793,37.0429,37.0943,37.3351,37.3863,37.6219,37.671,37.9021,37.9494,38.1749,38.2223,38.44,38.4904,38.6977,38.7544,38.9485,39.0143,39.1926,39.2692,39.4302,39.5186,39.6626,39.7629,39.8916,40.0006,40.1165,40.2279,40.3333,40.4255,41.1263,38.9928,43.8526,35.7101,48.7671,30.2419,55.978,22.172,65.7228,11.3976,78.0244,-1.80526,92.702,-17.3031,110.403
36.7173,36.8453,36.8808,37.1601,37.2044,37.4633,37.5171,37.763,37.819,38.0582,38.1123,38.3475,38.3986,38.63,38.6788,38.905,38.9537,39.1722,39.2238,39.4319,39.4897,39.6848,39.7517,39.9311,40.0086,40.1707,40.26,40.4052,40.5064,40.6362,40.7462,40.8631,40.9755,41.0818,41.1737,41.8841,39.7274,44.637,36.4122,49.5953,30.8984,56.8583,22.7837,66.6438,11.9866,78.957,-1.21589,93.6458,-16.7512,111.409
36.7173,37.6502,37.601,37.8752,37.9326,38.1827,38.2444,38.4863,38.5467,38.7844,38.8412,39.0762,39.1291,39.361,39.4111,39.638,39.6879,39.9071,39.9599,40.1689,40.2278,40.4239,40.4917,40.6722,40.7506,40.9139,41.004,41.1503,41.2524,41.3832,41.4942,41.6121,41.7255,41.8326,41.9243,42.6441,40.4648,45.4229,37.1179,50.424,31.5595,57.7378,23.4013,67.5629,12.582,79.888,-0.621589,94.5901,-16.1906,111.409
38.1646,38.2848,38.3388,38.5922,38.6643,38.9051,38.9749,39.2128,39.2775,39.5138,39.5731,39.808,39.8625,40.0948,40.1463,40.3738,40.4249,40.645,40.6989,40.9087,40.9687,41.1656,41.2344,41.416,41.4952,41.6596,41.7505,41.8979,42.0009,42.1328,42.2447,42.3636,42.4779,42.5859,42.6772,43.4063,41.2049,46.2105,37.8269,51.2532,32.2251,58.6166,24.0245,68.4802,13.1836,80.8175,-0.0225587,95.5349,-15.6288,113.423
38.8262,38.9734,39.0814,39.312,39.3992,39.6309,39.7085,39.9425,40.0112,40.2463,40.3079,40.5428,40.5988,40.8316,40.8843,41.1126,41.1648,41.3856,41.4405,41.6512,41.7122,41.9101,41.9798,42.1623,42.2424,42.4078,42.4996,42.648,42.7519,42.8847,42.9976,43.1174,43.2327,43.3415,43.4325,44.1707,41.9478,46.9995,38.5395,52.083,32.895,59.4947,24.6533,69.3958,13.7912,81.7458,0.581023,96.4803,-15.0674,114.43
39.5304,39.6872,39.8246,40.0354,40.137,40.36,40.4449,40.6754,40.7479,40.9819,41.0456,41.2805,41.3379,41.5714,41.6251,41.8541,41.9073,42.1289,42.1849,42.3964,42.4584,42.6571,42.7277,42.9112,42.9922,43.1586,43.2512,43.4006,43.5054,43.6392,43.753,43.8737,43.9898,44.0994,44.1901,44.9371,42.6934,47.7902,39.2554,52.9134,33.5694,60.3721,25.2875,70.3098,14.4046,82.673,1.18899,97.4263,-14.502,115.436
40.2524,40.4147,40.5677,40.7629,40.8773,41.0926,41.1842,41.4115,41.4874,41.7205,41.7862,42.0213,42.0799,42.314,42.3687,42.5985,42.6527,42.875,42.932,43.1442,43.2072,43.4068,43.4782,43.6627,43.7445,43.9119,44.0053,44.1557,44.2613,44.396,44.5107,44.6323,44.7493,44.8597,44.95,45.7057,43.4416,48.5823,39.9747,53.7443,34.2481,61.2489,25.9271,71.2224,15.0236,83.5993,1.80118,98.3729,-13.9325,116.443
40.9844,41.1497,41.3108,41.4949,41.62,41.8288,41.9261,42.1509,42.2298,42.4622,42.5296,42.7649,42.8247,43.0594,43.115,43.3456,43.4007,43.6238,43.6817,43.8947,43.9586,44.159,44.2313,44.4168,44.4993,44.6677,44.7618,44.9132,45.0196,45.1552,45.2708,45.3932,45.5111,45.6223,45.7121,46.4764,44.1926,49.376,40.6973,54.5758,34.931,62.1252,26.5719,72.1337,15.648,84.5249,2.41745,99.3203,-13.3591,117.45
41.7224,41.8895,42.0547,42.2313,42.3649,42.5686,42.6706,42.8934,42.9749,43.207,43.2757,43.5115,43.5722,43.8077,43.8641,44.0955,44.1514,44.3753,44.4341,44.6478,44.7126,44.9138,44.987,45.1733,45.2566,45.426,45.5208,45.6731,45.7803,45.9168,46.0332,46.1565,46.2753,46.3872,46.4766,47.2491,44.9461,50.1711,41.4233,55.4079,35.6182,63.001,27.2218,73.0437,16.2777,85.4498,3.03767,100.268,-12.7818,118.456
42.4646,42.6328,42.8001,42.9723,43.1117,43.3121,43.4177,43.6392,43.7227,43.9547,44.0246,44.261,44.3224,44.5587,44.6158,44.848,44.9047,45.1294,45.1891,45.4035,45.4691,45.6712,45.7451,45.9323,46.0163,46.1866,46.2822,46.4354,46.5434,46.6807,46.798,46.9221,47.0417,47.1543,47.2432,48.0239,45.7023,50.9678,42.1526,56.2405,36.3095,63.8763,27.8767,73.9526,16.9124,86.3742,3.66171,101.217,-12.2005,119.463
43.2099,43.3789,43.5474,43.7176,43.8605,44.0592,44.1672,44.3881,44.4731,44.7054,44.7762,45.0133,45.0753,45.3125,45.3702,45.6033,45.6607,45.8861,45.9466,46.1618,46.2282,46.431,46.5057,46.6938,46.7785,46.9497,47.046,47.2001,47.3088,47.4469,47.565,47.6899,47.8104,47.9237,48.0122,48.8008,46.4611,51.7659,42.8851,57.0737,37.005,64.7511,28.5366,74.8605,17.5522,87.2982,4.28945,102.167,-11.6154,120.47
43.9581,44.1277,44.2968,44.4672,44.6112,44.81,44.9192,45.1403,45.2262,45.459,45.5304,45.7684,45.8309,46.0691,46.1273,46.3612,46.4193,46.6454,46.7067,46.9226,46.9898,47.1933,47.2688,47.4577,47.5431,47.7152,47.8121,47.9671,48.0765,48.2155,48.3344,48.4601,48.5813,48.6953,48.7833,49.5796,47.2225,52.5655,43.6208,57.9075,37.7045,65.6256,29.2013,75.7675,18.1967,88.222,4.92079,103.117,-11.0264,121.477
44.709,44.879,45.0484,45.221,45.3638,45.5643,45.6735,45.8955,45.9819,46.2156,46.2873,46.5263,46.5891,46.8283,46.8869,47.1217,47.1804,47.4073,47.4693,47.6859,47.7539,47.9581,48.0344,48.224,48.3101,48.483,48.5807,48.7364,48.8466,48.9863,49.106,49.2324,49.3544,49.4692,49.5566,50.3605,47.9864,53.3666,44.3597,58.7419,38.408,66.4997,29.8707,76.6736,18.8459,89.1456,5.55562,104.068,-10.4337,122.483
45.4627,45.633,45.802,45.979,46.1182,46.3222,46.4303,46.6538,46.7401,46.975,47.0468,47.287,47.3499,47.5902,47.6492,47.8848,47.9441,48.1717,48.2344,48.4517,48.5204,48.7253,48.8023,48.9927,49.0795,49.2532,49.3515,49.5081,49.6189,49.7594,49.8799,50.007,50.1298,50.2452,50.332,51.1433,48.7528,54.1691,45.1018,59.5768,39.1154,67.3735,30.5447,77.5789,19.4996,90.0692,6.19385,105.02,-9.83717,123.49
46.2199,46.3898,46.5572,46.7411,46.8747,47.0834,47.1894,47.4151,47.5009,47.7372,47.8088,48.0504,48.1132,48.3547,48.4139,48.6505,48.7103,48.9386,49.002,49.2199,49.2894,49.495,49.5726,49.7637,49.8512,50.0257,50.1246,50.282,50.3935,50.5347,50.6559,50.7838,50.9073,51.0234,51.1097,51.9281,49.5218,54.973,45.8471,60.4124,39.8268,68.247,31.2233,78.4835,20.1577,90.9928,6.83539,105.972,-9.23693,124.497
46.9816,47.1503,47.3134,47.5072,47.6333,47.8479,47.951,48.1794,48.2642,48.5023,48.5734,48.8164,48.8792,49.1218,49.1813,49.4187,49.479,49.708,49.7721,49.9906,50.0607,50.267,50.3453,50.5371,50.6252,50.8005,50.9,51.0581,51.1704,51.3122,51.4342,51.5628,51.687,51.8037,51.8894,52.7148,50.2932,55.7783,46.5954,61.2485,40.542,69.1202,31.9063,79.3876,20.8201,91.9164,7.48016,106.926,-8.63299,125.503
47.7502,47.916,48.07,48.2771,48.394,48.6155,48.715,48.9466,49.03,49.2701,49.3405,49.5852,49.6476,49.8914,49.9511,50.1894,50.2501,50.4798,50.5445,50.7636,50.8345,51.0414,51.1203,51.3128,51.4015,51.5775,51.6777,51.8365,51.9494,52.092,52.2146,52.3439,52.4688,52.5861,52.6713,53.5034,51.0671,56.585,47.3469,62.0852,41.261,69.9932,32.5938,80.2911,21.4867,92.8403,8.12808,107.88,-8.0254,126.51
48.53,48.69,48.8268,49.0506,49.1571,49.3861,49.4814,49.7166,49.7983,50.0407,50.1102,50.3565,50.4186,50.6636,50.7233,50.9626,51.0237,51.2541,51.3194,51.5391,51.6106,51.8181,51.8976,52.0908,52.1801,52.3568,52.4576,52.6171,52.7307,52.8739,52.9972,53.1271,53.2527,53.3707,53.4552,54.2939,51.8435,57.3931,48.1013,62.9226,41.9838,70.866,33.2855,81.1941,22.1573,93.7644,8.77906,108.835,-7.41419,127.517
49.3281,49.4777,49.584,49.8272,49.9228,50.1596,50.2503,50.4895,50.569,50.8139,50.8823,51.1304,51.192,51.4383,51.4981,51.7382,51.7997,52.0308,52.0966,52.3169,52.389,52.5971,52.6772,52.8711,52.961,53.1384,53.2398,53.3999,53.5141,53.6579,53.782,53.9125,54.0388,54.1573,54.2413,55.0864,52.6222,58.2026,48.8588,63.7605,42.7103,71.7386,33.9814,82.0967,22.8319,94.6888,9.43306,109.791,-6.7994,128.523
50.1458,50.2888,50.343,50.6061,50.6911,50.9357,51.0217,51.2651,51.3422,51.5898,51.6568,51.9069,51.9678,52.2155,52.2752,52.5162,52.5781,52.8098,52.8762,53.097,53.1697,53.3784,53.4591,53.6536,53.744,53.9221,54.0241,54.1849,54.2997,54.4441,54.5688,54.7,54.8269,54.9461,55.0294,55.8806,53.4034,59.0134,49.6193,64.599,43.4404,72.6111,34.6815,82.9989,23.5104,95.6135,10.09,110.748,-6.18107,129.53
50.1458,51.1333,51.1077,51.3868,51.4624,51.7145,51.7956,52.0433,52.1178,52.3683,52.4338,52.6858,52.7461,52.9951,53.0547,53.2967,53.3588,53.5912,53.658,53.8794,53.9527,54.1619,54.2432,54.4383,54.5293,54.708,54.8105,54.972,55.0874,55.2324,55.3578,55.4895,55.6171,55.7368,55.8195,56.6768,54.1869,59.8256,50.3827,65.4381,44.1742,73.4835,35.3856,83.9008,24.1925,96.5387,10.7498,111.706,-5.5553,129.53
51.717,51.8383,51.8848,52.169,52.2365,52.4958,52.572,52.8242,52.8958,53.1493,53.2132,53.4673,53.5268,53.7772,53.8367,54.0794,54.1419,54.3749,54.4422,54.6642,54.738,54.9477,55.0296,55.2253,55.3168,55.4961,55.5992,55.7612,55.8772,56.0228,56.1488,56.2811,56.4093,56.5296,56.6116,57.4747,54.9728,60.6391,51.1491,66.2779,44.9116,74.3557,36.0938,84.8025,24.8784,97.4643,11.4124,112.664,-4.92824,131.544
52.4484,52.59,52.6653,52.9528,53.0137,53.2795,53.3509,53.6077,53.6762,53.9329,53.9949,54.2512,54.3099,54.5616,54.6209,54.8646,54.9273,55.1608,55.2287,55.4511,55.5255,55.7357,55.8181,56.0144,56.1064,56.2863,56.3899,56.5525,56.6691,56.8152,56.9418,57.0748,57.2035,57.3244,57.4058,58.2745,55.761,61.454,51.9183,67.1182,45.6525,75.2279,36.8058,85.704,25.5679,98.3905,12.0778,113.623,-4.30161,132.55
53.2334,53.3732,53.4459,53.7385,53.7938,54.0656,54.1324,54.3936,54.459,54.7189,54.7791,55.0375,55.0953,55.3483,55.4075,55.652,55.7149,55.9491,56.0174,56.2403,56.3152,56.5259,56.6088,56.8056,56.8981,57.0787,57.1828,57.3459,57.4631,57.6097,57.7369,57.8704,57.9998,58.1212,58.2019,59.076,56.5515,62.2701,52.6904,67.9591,46.3968,76.1,37.5217,86.6053,26.2608,99.3171,12.7459,114.584,-3.67158,133.557
54.049,54.1883,54.2267,54.5262,54.5769,54.8539,54.9163,55.1821,55.2441,55.5074,55.5656,55.8261,55.883,56.1374,56.1964,56.4417,56.5049,56.7396,56.8083,57.0317,57.107,57.3183,57.4017,57.599,57.692,57.8731,57.9777,58.1414,58.2591,58.4063,58.5341,58.6681,58.798,58.9199,59,59.8793,57.3443,63.0876,53.4654,68.8007,47.1446,76.9722,38.2414,87.5065,26.9572,100.244,13.4166,115.545,-3.0382,134.564
54.049,55.0389,55.0109,55.3157,55.3628,55.6445,55.7027,55.9729,56.0316,56.2983,56.3544,56.6171,56.6731,56.9288,56.9875,57.2336,57.297,57.5323,57.6014,57.8252,57.9011,58.1128,58.1967,58.3945,58.488,58.6696,58.7747,58.9389,59.0571,59.2048,59.3332,59.4677,59.5982,59.7206,59.8,60.6844,58.1393,63.9063,54.2432,69.6428,47.8959,77.8443,38.9649,88.4076,27.6569,101.172,14.09,116.507,-2.39772,134.564
55.6401,55.7607,55.8044,56.1069,56.1516,56.4373,56.4916,56.7662,56.8215,57.0916,57.1455,57.4105,57.4654,57.7224,57.7809,58.0278,58.0914,58.3271,58.3967,58.621,58.6973,58.9094,58.9938,59.1921,59.286,59.4681,59.5737,59.7384,59.8572,60.0053,60.1342,60.2693,60.4003,60.5233,60.6019,61.4912,58.9366,64.7263,55.0237,70.4855,48.6504,78.7164,39.692,89.3086,28.36,102.101,14.7659,117.469,-1.75598,136.577
56.3857,56.527,56.5997,56.9002,56.943,57.2323,57.2828,57.5618,57.6136,57.8871,57.9389,58.206,58.26,58.5182,58.5765,58.8241,58.8879,59.1242,59.1941,59.4188,59.4955,59.7082,59.7929,59.9917,60.0861,60.2687,60.3748,60.54,60.6592,60.8078,60.9373,61.0728,61.2044,61.3278,61.4058,62.2998,59.7362,65.5476,55.807,71.3289,49.4083,79.5885,40.4227,90.2097,29.0662,103.03,15.4443,118.433,-1.11472,137.584
57.1839,57.3235,57.3943,57.6959,57.7371,58.0296,58.0765,58.3597,58.4081,58.685,58.7345,59.0039,59.0568,59.3163,59.3744,59.6226,59.6867,59.9234,59.9936,60.2188,60.2959,60.5089,60.5941,60.7934,60.8882,61.0713,61.1778,61.3435,61.4632,61.6122,61.7422,61.8782,62.0103,62.1343,62.2115,63.11,60.5379,66.3702,56.5931,72.1728,50.1695,80.4607,41.1569,91.1108,29.7756,103.96,16.1252,119.398,-0.470264,138.591
58.0101,58.1504,58.1887,58.4938,58.5337,58.8291,58.8725,59.1599,59.2048,59.4851,59.5325,59.8039,59.8558,60.1165,60.1744,60.4233,60.4875,60.7247,60.7953,61.0208,61.0984,61.3118,61.3974,61.5971,61.6923,61.8759,61.9829,62.1489,62.2692,62.4186,62.5491,62.6856,62.8182,62.9426,63.0192,63.9219,61.3418,67.1939,57.3818,73.0174,50.9339,81.3329,41.8947,92.0119,30.4881,104.89,16.8086,120.364,0.177352,139.597
58.0101,59.0102,58.9858,59.2939,59.3327,59.6308,59.6709,59.9623,60.0038,60.2874,60.3326,60.6061,60.6571,60.9188,60.9765,61.2261,61.2905,61.5281,61.599,61.8249,61.9029,62.1167,62.2027,62.4028,62.4984,62.6824,62.7898,62.9563,63.077,63.2269,63.3579,63.4948,63.6279,63.7528,63.8286,64.7355,62.1478,68.0189,58.1732,73.8625,51.7015,82.2052,42.6359,92.9131,31.2036,105.822,17.4943,121.33,0.831732,139.597
59.6277,59.7477,59.791,60.0961,60.1341,60.4348,60.4715,60.7669,60.8051,61.0919,61.135,61.4104,61.4605,61.7233,61.7808,62.031,62.0955,62.3335,62.4048,62.6311,62.7094,62.9236,63.01,63.2105,63.3065,63.4909,63.5987,63.7656,63.8868,64.037,64.1685,64.3059,64.4394,64.5648,64.64,65.5508,62.956,68.8452,58.9673,74.7083,52.4723,83.0776,43.3805,93.8144,31.9221,106.754,18.1824,122.298,1.48731,141.611
60.3865,60.5273,60.5978,60.9005,60.9377,61.241,61.2743,61.5737,61.6086,61.8985,61.9396,62.2169,62.266,62.5299,62.5872,62.8379,62.9027,63.141,63.2126,63.4392,63.5179,63.7324,63.8192,64.0201,64.1165,64.3013,64.4096,64.5768,64.6985,64.8491,64.9811,65.1188,65.2528,65.3787,65.4531,66.3677,63.7663,69.6726,59.764,75.5546,53.2462,83.9501,44.1284,94.7158,32.6435,107.687,18.8728,123.266,2.14234,142.617
61.1965,61.3356,61.4041,61.7074,61.7435,62.0495,62.0793,62.3827,62.4142,62.7072,62.7463,63.0254,63.0737,63.3385,63.3957,63.6469,63.7118,63.9506,64.0225,64.2494,64.3284,64.5433,64.6304,64.8316,64.9285,65.1136,65.2223,65.3899,65.512,65.6629,65.7954,65.9336,66.068,66.1943,66.268,67.1862,64.5787,70.5012,60.5632,76.4016,54.0232,84.8227,44.8797,95.6174,33.3678,108.62,19.5655,124.235,2.80036,143.624
62.0321,62.1727,62.2103,62.5167,62.5513,62.8602,62.8865,63.1938,63.2221,63.518,63.5552,63.8359,63.8835,64.1492,64.2062,64.4579,64.523,64.7621,64.8343,65.0615,65.1409,65.3561,65.4435,65.6451,65.7423,65.9278,66.0369,66.2049,66.3274,66.4787,66.6116,66.7501,66.885,67.0118,67.0848,68.0063,65.3931,71.331,61.365,77.2491,54.8033,85.6954,45.6342,96.5191,34.095,109.555,20.2605,125.206,3.46133,144.631
62.0321,63.0406,63.0191,63.3283,63.361,63.6732,63.6958,64.0069,64.0322,64.3308,64.3662,64.6485,64.6954,64.9618,65.0188,65.2709,65.3362,65.5756,65.6481,65.8756,65.9553,66.1708,66.2585,66.4605,66.558,66.7439,66.8534,67.0216,67.1446,67.2962,67.4296,67.5685,67.7038,67.831,67.9033,68.828,66.2096,72.162,62.1694,78.0973,55.5863,86.5683,46.3918,97.421,34.8249,110.49,20.9576,126.177,4.12872,144.631
63.6733,63.7925,63.8351,64.1422,64.1727,64.4885,64.5073,64.8221,64.8444,65.1456,65.1794,65.4631,65.5094,65.7765,65.8334,66.0859,66.1514,66.391,66.4638,66.6916,66.7716,66.9874,67.0755,67.2778,67.3756,67.5618,67.6717,67.8402,67.9637,68.1155,68.2493,68.3886,68.5243,68.6519,68.7235,69.6513,67.0282,72.9942,62.9763,78.946,56.3724,87.4413,47.1527,98.3232,35.5576,111.426,21.657,127.149,4.79724,146.644
64.444,64.584,64.6526,64.9585,64.9862,65.3059,65.3208,65.6394,65.6588,65.9623,65.9947,66.2796,66.3254,66.5931,66.65,66.9028,66.9685,67.2084,67.2815,67.5095,67.5898,67.8059,67.8943,68.0969,68.1951,68.3816,68.4918,68.6607,68.7845,68.9366,69.0708,69.2105,69.3466,69.4746,69.5455,70.4761,67.8487,73.8275,63.7857,79.7953,57.1614,88.3144,47.9166,99.2255,36.293,112.362,22.3585,128.123,5.46511,147.651
65.2645,65.4028,65.4695,65.7775,65.8015,66.1256,66.1364,66.4585,66.4753,66.781,66.812,67.0981,67.1434,67.4117,67.4686,67.7217,67.7876,68.0277,68.101,68.3293,68.4099,68.6262,68.7149,68.9178,69.0163,69.2031,69.3137,69.4828,69.6071,69.7595,69.8941,70.0341,70.1706,70.2991,70.3692,71.3025,68.6713,74.6619,64.5975,80.6453,57.9533,89.1877,48.6836,100.128,37.0311,113.3,23.0621,129.097,6.13576,148.658
66.1082,66.249,66.286,66.5993,66.6184,66.9475,66.9541,67.2796,67.2939,67.6016,67.6314,67.9185,67.9635,68.2321,68.2891,68.5424,68.6086,68.8489,68.9225,69.151,69.2318,69.4484,69.5374,69.7405,69.8394,70.0265,70.1375,70.3068,70.4314,70.5841,70.7191,70.8594,70.9963,71.1252,71.1946,72.1304,69.4958,75.4975,65.4117,81.4958,58.7481,90.0612,49.4537,101.031,37.7718,114.238,23.7679,130.072,6.80915,149.664
66.1082,67.1238,67.1044,67.4236,67.4371,67.7715,67.7738,68.1026,68.1146,68.424,68.4529,68.7408,68.7855,69.0545,69.1116,69.3651,69.4314,69.6719,69.7458,69.9745,70.0556,70.2725,70.3617,70.5651,70.6642,70.8516,70.9629,71.1325,71.2575,71.4105,71.5459,71.6865,71.8237,71.953,72.0217,72.9599,70.3223,76.3342,66.2284,82.3469,59.5457,90.9349,50.2267,101.934,38.515,115.177,24.4757,131.048,7.48862,149.664
67.7711,67.8886,67.9285,68.2506,68.2575,68.5975,68.5956,68.9275,68.9374,69.2483,69.2764,69.5649,69.6094,69.8787,69.9359,70.1896,70.2562,70.4968,70.5709,70.7998,70.8811,71.0983,71.1878,71.3914,71.4909,71.6784,71.7901,71.96,72.0854,72.2385,72.3743,72.5152,72.6528,72.7825,72.8505,73.7908,71.1507,77.1721,67.0475,83.1986,60.3462,91.8087,51.0027,102.837,39.2609,116.117,25.1855,132.025,8.16912,151.678
68.5537,68.6911,68.7529,69.0803,69.0795,69.4255,69.4195,69.7541,69.7623,70.0744,70.1018,70.3908,70.4353,70.7048,70.7622,71.016,71.0828,71.3236,71.3979,71.627,71.7085,71.9259,72.0156,72.2195,72.3192,72.507,72.6191,72.7891,72.9149,73.0682,73.2044,73.3456,73.4836,73.6136,73.6809,74.6232,71.981,78.011,67.8689,84.0509,61.1494,92.6827,51.7817,103.741,40.0093,117.058,25.8974,133.004,8.84886,152.685
69.3867,69.5207,69.5756,69.9128,69.9033,70.2554,70.2454,70.5826,70.5892,70.9023,70.9293,71.2186,71.2632,71.5327,71.5903,71.8441,71.9112,72.1521,72.2266,72.4559,72.5377,72.7553,72.8452,73.0494,73.1494,73.3374,73.4498,73.62,73.7461,73.8997,74.0362,74.1776,74.3159,74.4463,74.513,75.4571,72.8132,78.851,68.6926,84.9037,61.9554,93.557,52.5635,104.645,40.7601,118,26.6113,133.983,9.53115,153.691
70.2437,70.3784,70.3965,70.7481,70.729,71.0872,71.0734,71.4127,71.4182,71.732,71.7587,72.0482,72.0929,72.3624,72.4203,72.6741,72.7414,72.9824,73.0572,73.2866,73.3686,73.5864,73.6766,73.8809,73.9812,74.1694,74.2821,74.4525,74.579,74.7327,74.8696,75.0113,75.1499,75.2807,75.3467,76.2924,73.6473,79.6921,69.5187,85.7572,62.7641,94.4314,53.3482,105.549,41.5135,118.942,27.3271,134.963,10.216,154.698
70.2437,71.2667,71.2175,71.5857,71.5565,71.9207,71.9035,72.2446,72.2492,72.5633,72.5901,72.8795,72.9245,73.1939,73.252,73.5059,73.5734,73.8145,73.8895,74.1191,74.2013,74.4192,74.5096,74.7142,74.8147,75.0031,75.1161,75.2867,75.4135,75.5674,75.7046,75.8466,75.9856,76.1167,76.182,77.1292,74.4833,80.5343,70.3471,86.6112,63.5756,95.306,54.1356,106.453,42.2693,119.885,28.0449,135.944,10.9065,154.698
71.9578,72.0555,72.0425,72.4254,72.3862,72.7558,72.7357,73.0781,73.0823,73.3964,73.4234,73.7126,73.7579,74.0271,74.0856,74.3394,74.4072,74.6483,74.7235,74.9533,75.0356,75.2538,75.3444,75.5491,75.6499,75.8385,75.9518,76.1225,76.2497,76.4038,76.5413,76.6835,76.8228,76.9543,77.0189,77.9674,75.3211,81.3776,71.1777,87.4658,64.3897,96.1808,54.9259,107.358,43.0275,120.829,28.7647,136.927,11.598,156.711
72.784,72.8912,72.8672,73.2668,73.218,73.5924,73.57,73.9132,73.9173,74.2312,74.2586,74.5474,74.5932,74.8621,74.921,75.1746,75.2427,75.4839,75.5593,75.7892,75.8717,76.09,76.1808,76.3857,76.4868,76.6755,76.7892,76.96,77.0875,77.2417,77.3796,77.522,77.6616,77.7935,77.8574,78.8071,76.1607,82.2219,72.0105,88.321,65.2064,97.0559,55.7189,108.263,43.7881,121.774,29.4863,137.91,12.2886,157.718
73.668,73.7701,73.6914,74.1096,74.0521,74.4305,74.4065,74.7499,74.7543,75.0676,75.0957,75.3839,75.4303,75.6988,75.7581,76.0116,76.08,76.3212,76.3968,76.6268,76.7095,76.9279,77.0189,77.224,77.3253,77.5141,77.6281,77.7991,77.9269,78.0813,78.2194,78.3621,78.5019,78.6342,78.6975,79.6481,77.0021,83.0672,72.8456,89.1767,66.0257,97.9311,56.5147,109.168,44.5511,122.719,30.2098,138.894,12.9815,158.725
73.668,74.6977,74.5181,74.9532,74.8888,75.27,75.245,75.5882,75.5932,75.9057,75.9346,76.2221,76.2691,76.5372,76.597,76.8503,76.9189,77.1601,77.2359,77.466,77.5489,77.7675,77.8587,78.0639,78.1654,78.3544,78.4687,78.6397,78.7679,78.9224,79.0608,79.2038,79.3438,79.4764,79.5391,80.4905,77.8453,83.9136,73.6829,90.033,66.8477,98.8066,57.3132,110.073,45.3165,123.666,30.9352,139.88,13.6799,158.725
74.376,75.5457,75.3535,75.7972,75.7279,76.1108,76.0856,76.428,76.4341,76.7454,76.7754,77.0619,77.1098,77.3773,77.4376,77.6907,77.7596,78.0008,78.0768,78.307,78.39,78.6087,78.7001,78.9054,79.0072,79.1963,79.3108,79.482,79.6105,79.7651,79.9038,80.0469,80.1873,80.3202,80.3822,81.3343,78.6903,84.761,74.5224,90.8899,67.6722,99.6823,58.1143,110.979,46.0841,124.613,31.6624,140.866,14.3822,159.732
76.2386,76.3027,76.1971,76.6414,76.5697,76.9528,76.9284,77.2694,77.2769,77.5867,77.6179,77.9035,77.9521,78.2191,78.2799,78.5327,78.6019,78.8431,78.9192,79.1495,79.2327,79.4516,79.5431,79.7485,79.8505,80.0397,80.1546,80.3258,80.4546,80.6093,80.7483,80.8916,81.0322,81.1655,81.2269,82.1795,79.537,85.6095,75.364,91.7473,68.4992,100.558,58.9181,111.885,46.8541,125.56,32.3914,141.853,15.0822,161.745
77.0349,77.1234,77.0423,77.4859,77.4141,77.796,77.7732,78.1122,78.1215,78.4296,78.4623,78.7466,78.7962,79.0625,79.1238,79.3764,79.4459,79.687,79.7633,79.9937,80.077,80.296,80.3877,80.5932,80.6955,80.8847,80.9999,81.1712,81.3002,81.4551,81.5943,81.7379,81.8787,82.0123,82.073,83.026,80.3855,86.4589,76.2078,92.6053,69.3287,101.434,59.7244,112.792,47.6264,126.509,33.1223,142.842,15.7811,162.752
77.903,77.9957,77.8877,78.3308,78.2611,78.6404,78.6201,78.9565,78.968,79.2741,79.3084,79.5914,79.642,79.9076,79.9695,80.2217,80.2915,80.5326,80.6091,80.8395,80.9229,81.142,81.2339,81.4395,81.542,81.7313,81.8467,82.018,82.1474,82.3023,82.4419,82.5856,82.7267,82.8606,82.9207,83.8738,81.2357,87.3094,77.0536,93.4639,70.1607,102.311,60.5334,113.698,48.4009,127.458,33.8549,143.832,16.4821,163.758
77.903,78.919,78.7356,79.1759,79.1108,79.486,79.469,79.8022,79.8164,80.1202,80.1562,80.4378,80.4895,80.7543,80.8168,81.0686,81.1388,81.3797,81.4564,81.6869,81.7704,81.9896,82.0816,82.2873,82.39,82.5794,82.6951,82.8665,82.9961,83.1511,83.2909,83.4348,83.5761,83.7104,83.7698,84.723,82.0875,88.1608,77.9016,94.323,70.9952,103.187,61.345,114.605,49.1777,128.408,34.5893,144.822,17.1883,163.758
78.6016,79.7695,79.5913,80.0211,79.9629,80.3328,80.3199,80.6495,80.6665,80.9678,81.0058,81.2857,81.3386,81.6026,81.6656,81.9172,81.9876,82.2285,82.3053,82.5358,82.6195,82.8388,82.9309,83.1367,83.2396,83.429,83.545,83.7164,83.8463,84.0014,84.1414,84.2855,84.427,84.5616,84.6204,85.5735,82.9411,89.0132,78.7516,95.1826,71.8321,104.064,62.1591,115.512,49.9567,129.359,35.3255,145.814,17.8982,164.765
80.4601,80.5326,80.4544,80.8667,80.8175,81.1807,81.1728,81.4981,81.5185,81.8169,81.857,82.1353,82.1894,82.4524,82.5161,82.7673,82.838,83.0788,83.1557,83.3864,83.4701,83.6895,83.7817,83.9876,84.0907,84.2801,84.3964,84.5678,84.698,84.8531,84.9934,85.1376,85.2793,85.4143,85.4725,86.4252,83.7963,89.8666,79.6037,96.0428,72.6714,104.941,62.9757,116.42,50.738,130.31,36.0634,146.807,18.6056,166.779
81.2448,81.3502,81.3192,81.713,81.6744,82.0298,82.0275,82.3482,82.3721,82.6676,82.7099,82.9864,83.0418,83.3039,83.3682,83.619,83.69,83.9307,84.0078,84.2384,84.3222,84.5417,84.634,84.84,84.9433,85.1327,85.2493,85.4207,85.5512,85.7063,85.8468,85.9912,86.1331,86.2684,86.326,87.2783,84.6532,90.721,80.4578,96.9036,73.5131,105.818,63.7948,117.328,51.5214,131.262,36.803,147.801,19.3119,167.785
82.0852,82.2066,82.1838,82.5603,82.5335,82.8802,82.8842,83.1998,83.2275,83.5197,83.5645,83.839,83.8957,84.1569,84.2219,84.4722,84.5435,84.7841,84.8613,85.092,85.1759,85.3954,85.4879,85.6938,85.7973,85.9868,86.1036,86.275,86.4058,86.5609,86.7017,86.8462,86.9883,87.1239,87.1809,88.1326,85.5117,91.5764,81.3139,97.7649,74.3571,106.696,64.6164,118.236,52.3071,132.215,37.5443,148.796,20.02,168.792
82.0852,83.0953,83.0492,83.4088,83.3947,83.7319,83.7426,84.0528,84.0846,84.3734,84.4206,84.6932,84.7513,85.0114,85.0771,85.327,85.3986,85.639,85.7163,85.947,86.031,86.2506,86.3432,86.5492,86.6529,86.8423,86.9594,87.1308,87.2618,87.417,87.5579,87.7026,87.8449,87.9808,88.0373,88.9882,86.3719,92.4326,82.172,98.6267,75.2035,107.573,65.4404,119.144,53.0949,133.168,38.2873,149.792,20.733,168.792
83.7953,83.9007,83.9177,84.2587,84.2577,84.5849,84.6028,84.9072,84.9433,85.2286,85.2784,85.5489,85.6084,85.8674,85.9338,86.1833,86.2551,86.4955,86.5729,86.8036,86.8877,87.1073,87.2,87.406,87.5099,87.6993,87.8167,87.988,88.1193,88.2745,88.4156,88.5604,88.7029,88.8391,88.895,89.8451,87.2336,93.2899,83.032,99.489,76.0522,108.451,66.2669,120.052,53.8849,134.122,39.032,150.789,21.4464,170.805
84.6102,84.7399,84.7863,85.1101,85.1226,85.4392,85.4648,85.7631,85.8036,86.0853,86.1377,86.4061,86.467,86.725,86.792,87.041,87.1132,87.3534,87.4309,87.6617,87.7458,87.9654,88.0582,88.2643,88.3683,88.5577,88.6753,88.8466,88.9782,89.1334,89.2747,89.4196,89.5622,89.6988,89.7541,90.7032,88.097,94.148,83.894,100.352,76.9032,109.329,67.0958,120.961,54.6771,135.077,39.7784,151.788,22.1585,171.812
85.472,85.6024,85.6543,85.9632,85.9891,86.295,86.3283,86.6204,86.6656,86.9435,86.9986,87.2648,87.3272,87.5841,87.6518,87.9003,87.9727,88.2128,88.2904,88.5212,88.6053,88.825,88.9179,89.124,89.2282,89.4176,89.5354,89.7066,89.8385,89.9937,90.1352,90.2802,90.423,90.5598,90.6146,91.5625,88.9619,95.0071,84.758,101.215,77.7565,110.208,67.927,121.87,55.4714,136.032,40.5264,152.787,22.8722,172.819
86.347,86.487,86.5224,86.8179,86.8572,87.1522,87.1935,87.4792,87.529,87.8031,87.861,88.125,88.1888,88.4446,88.513,88.7611,88.8337,89.0737,89.1514,89.3821,89.4663,89.6861,89.7791,89.9851,90.0895,90.2788,90.3969,90.5681,90.7001,90.8553,90.997,91.1421,91.2851,91.4222,91.4765,92.4231,89.8283,95.8671,85.6238,102.079,78.612,111.086,68.7607,122.779,56.2679,136.988,41.2761,153.788,23.5876,173.826
86.347,87.3913,87.3926,87.6743,87.7267,88.0108,88.0602,88.3394,88.3941,88.6642,88.7248,88.9867,89.0519,89.3066,89.3756,89.6233,89.6962,89.936,90.0138,90.2445,90.3288,90.5485,90.6416,90.8476,90.9522,91.1414,91.2598,91.4309,91.5632,91.7183,91.8602,92.0054,92.1485,92.2859,92.3397,93.2848,90.6963,96.7281,86.4916,102.944,79.4697,111.965,69.5967,123.688,57.0664,137.945,42.0273,154.789,24.3074,173.826
88.0876,88.2062,88.2675,88.5322,88.5976,88.8711,88.9284,89.2011,89.2606,89.5268,89.5902,89.8498,89.9165,90.1701,90.2397,90.4869,90.56,90.7997,90.8776,91.1083,91.1926,91.4123,91.5055,91.7115,91.8163,92.0054,92.124,92.295,92.4276,92.5827,92.7248,92.87,93.0133,93.151,93.2042,94.1478,91.5659,97.5899,87.3612,103.809,80.3297,112.844,70.4351,124.598,57.8671,138.902,42.7803,155.792,25.0275,175.839
88.8987,89.0456,89.1443,89.392,89.4698,89.7328,89.7981,90.0643,90.1285,90.3908,90.457,90.7144,90.7825,91.035,91.1053,91.352,91.4253,91.6649,91.7428,91.9735,92.0578,92.2776,92.3708,92.5768,92.6817,92.8708,92.9896,93.1605,93.2933,93.4484,93.5906,93.736,93.8793,94.0174,94.0701,95.0119,92.4369,98.4526,88.2327,104.674,81.1918,113.723,71.2758,125.508,58.6699,139.859,43.5348,156.796,25.7462,176.846
89.7435,89.8979,90.0217,90.2536,90.3432,90.5962,90.6692,90.9289,90.9979,91.2563,91.3252,91.5804,91.6499,91.9013,91.9722,92.2185,92.292,92.5314,92.6094,92.8401,92.9244,93.1442,93.2375,93.4434,93.5485,93.7375,93.8566,94.0274,94.1604,94.3154,94.4578,94.6032,94.7467,94.885,94.9373,95.8772,93.3094,99.3163,89.106,105.54,82.0561,114.602,72.1187,126.418,59.4748,140.817,44.2909,157.801,26.4662,177.852
90.5995,90.7589,90.8993,91.1172,91.2177,91.4611,91.5416,91.795,91.8688,92.1232,92.1948,92.4479,92.5188,92.7691,92.8405,93.0863,93.1601,93.3994,93.4774,93.708,93.7924,94.0121,94.1056,94.3114,94.4167,94.6055,94.7249,94.8955,95.0288,95.1838,95.3263,95.4718,95.6154,95.754,95.8058,96.7437,94.1835,100.181,89.9811,106.407,82.9225,115.482,72.964,127.328,60.2818,141.776,45.0486,158.807,27.1876,178.859
91.4631,91.6257,91.7768,91.9829,92.0932,92.3277,92.4154,92.6626,92.7409,92.9915,93.0658,93.3167,93.389,93.6382,93.7103,93.9556,94.0296,94.2687,94.3467,94.5774,94.6617,94.8814,94.975,95.1807,95.2862,95.4749,95.5945,95.765,95.8985,96.0534,96.1961,96.3416,96.4854,96.6242,96.6756,97.6114,95.059,101.046,90.858,107.274,83.7911,116.362,73.8116,128.238,61.0909,142.735,45.808,159.814,27.9103,179.866
92.332,92.4965,92.6543,92.8506,92.9698,93.1959,93.2904,93.5316,93.6145,93.8613,93.9382,94.187,94.2605,94.5088,94.5813,94.8263,94.9004,95.1394,95.2174,95.448,95.5324,95.7521,95.8457,96.0513,96.157,96.3456,96.4654,96.6358,96.7695,96.9243,97.0672,97.2127,97.3566,97.4958,97.5466,98.4801,95.9359,101.912,91.7367,108.141,84.6618,117.242,74.6614,129.149,61.9021,143.695,46.5688,160.822,28.6342,180.872
93.2046,93.3701,93.532,93.7205,93.8474,94.0657,94.1667,94.4021,94.4894,94.7325,94.8119,95.0587,95.1334,95.3807,95.4538,95.6983,95.7725,96.0114,96.0894,96.32,96.4044,96.6241,96.7177,96.9233,97.0291,97.2176,97.3376,97.5079,97.6417,97.7965,97.9395,98.0851,98.2291,98.3685,98.419,99.3501,96.8143,102.78,92.6172,109.009,85.5346,118.122,75.5134,130.059,62.7153,144.655,47.3313,161.831,29.3593,181.879
94.0798,94.2459,94.4101,94.5923,94.726,94.9371,95.0442,95.274,95.3655,95.605,95.687,95.9317,96.0077,96.254,96.3275,96.5716,96.646,96.8847,96.9628,97.1933,97.2777,97.4973,97.5911,97.7965,97.9025,98.0908,98.2111,98.3812,98.5153,98.67,98.8131,98.9588,99.1028,99.2425,99.2925,100.221,97.6941,103.648,93.4995,109.878,86.4094,119.002,76.3677,130.97,63.5306,145.616,48.0953,162.842,30.0855,182.886
94.9571,95.1234,95.2888,95.4661,95.6055,95.8102,95.923,96.1475,96.243,96.479,96.5633,96.8061,96.8832,97.1286,97.2026,97.4463,97.5208,97.7594,97.8374,98.068,98.1524,98.3719,98.4657,98.671,98.7772,98.9653,99.0858,99.2558,99.3901,99.5447,99.6879,99.8336,99.9777,100.118,100.167,101.093,98.5754,104.516,94.3834,110.747,87.2863,119.883,77.2242,131.881,64.3479,146.577,48.8609,163.853,30.8128,183.893
95.8361,96.0023,96.1682,96.3417,96.486,96.6848,96.8029,97.0223,97.1217,97.3544,97.4409,97.6819,97.7601,98.0045,98.079,98.3223,98.3969,98.6354,98.7134,98.9439,99.0283,99.2478,99.3416,99.5468,99.6531,99.8411,99.9619,100.132,100.266,100.421,100.564,100.71,100.854,100.994,101.043,101.967,99.458,105.386,95.2691,111.616,88.1653,120.763,78.0829,132.792,65.1674,147.538,49.628,164.866,31.5411,184.899
96.7165,96.8826,97.0486,97.2192,97.3675,97.561,97.6839,97.8986,98.0016,98.2312,98.3198,98.559,98.6382,98.8818,98.9566,99.1996,99.2743,99.5126,99.5906,99.8211,99.9055,100.125,100.219,100.424,100.53,100.718,100.839,101.009,101.143,101.298,101.441,101.587,101.731,101.872,101.921,102.841,100.342,106.256,96.1565,112.486,89.0462,121.644,78.9437,133.703,65.9888,148.5,50.3967,165.879,32.2704,185.906
97.5983,97.7641,97.9299,98.0984,98.2499,98.4388,98.5661,98.7764,98.8827,99.1094,99.1999,99.4375,99.5176,99.7604,99.8356,100.078,100.153,100.391,100.469,100.7,100.784,101.003,101.097,101.302,101.409,101.596,101.718,101.887,102.022,102.176,102.32,102.466,102.61,102.751,102.799,103.716,101.227,107.128,97.0456,113.357,89.9292,122.525,79.8068,134.615,66.8123,149.462,51.167,166.894,33.0006,186.913
98.4814,98.6468,98.8123,98.9792,99.1334,99.3181,99.4494,99.6556,99.7651,99.9889,100.081,100.317,100.398,100.64,100.716,100.958,101.033,101.271,101.349,101.579,101.664,101.883,101.977,102.182,102.289,102.476,102.597,102.767,102.902,103.056,103.2,103.345,103.49,103.631,103.679,104.593,102.114,108,97.9363,114.228,90.8141,123.407,80.672,135.526,67.6379,150.425,51.9387,167.91,33.7316,187.919
99.3656,99.5307,99.6959,99.8615,100.018,100.199,100.334,100.536,100.649,100.87,100.964,101.198,101.28,101.521,101.597,101.839,101.914,102.152,102.23,102.46,102.545,102.764,102.858,103.062,103.169,103.357,103.478,103.647,103.783,103.937,104.08,104.226,104.371,104.512,104.56,105.47,103.002,108.873,98.8287,115.099,91.7011,124.288,81.5393,136.437,68.4655,151.388,52.712,168.926,34.4635,188.926
100.251,100.416,100.581,100.745,100.903,101.081,101.219,101.418,101.533,101.752,101.848,102.081,102.163,102.404,102.48,102.722,102.796,103.034,103.112,103.342,103.427,103.646,103.74,103.944,104.052,104.239,104.36,104.529,104.665,104.819,104.963,105.108,105.253,105.394,105.442,106.349,103.892,109.747,99.7227,115.971,92.5899,125.17,82.4088,137.349,69.2951,152.351,53.4869,169.944,35.1961,189.933
101.138,101.302,101.467,101.631,101.79,101.965,102.106,102.302,102.419,102.636,102.733,102.965,103.048,103.288,103.364,103.605,103.68,103.918,103.996,104.226,104.31,104.529,104.623,104.828,104.935,105.122,105.244,105.412,105.548,105.702,105.846,105.992,106.136,106.278,106.325,107.229,104.783,110.621,100.618,116.843,93.4807,126.051,83.2804,138.261,70.1267,153.315,54.2633,170.963,35.9294,190.94
102.026,102.19,102.354,102.517,102.677,102.85,102.993,103.186,103.306,103.52,103.619,103.849,103.933,104.173,104.249,104.49,104.565,104.803,104.88,105.11,105.195,105.414,105.508,105.712,105.819,106.006,106.128,106.297,106.432,106.586,106.73,106.876,107.02,107.163,107.21,108.109,105.675,111.497,101.516,117.716,94.3735,126.933,84.1542,139.172,70.9604,154.279,55.0412,171.983,36.6633,191.946
102.915,103.079,103.242,103.405,103.566,103.737,103.882,104.073,104.194,104.407,104.506,104.736,104.82,105.059,105.135,105.376,105.451,105.689,105.766,105.996,106.08,106.299,106.394,106.598,106.705,106.891,107.014,107.182,107.318,107.472,107.616,107.762,107.906,108.049,108.095,108.991,106.568,112.373,102.414,118.589,95.2681,127.815,85.03,140.084,71.7961,155.243,55.8206,173.003,37.3979,192.953
103.805,103.969,104.132,104.295,104.456,104.625,104.772,104.96,105.083,105.294,105.394,105.623,105.708,105.946,106.023,106.264,106.338,106.576,106.653,106.883,106.967,107.186,107.281,107.484,107.592,107.778,107.901,108.069,108.205,108.358,108.502,108.648,108.793,108.936,108.982,109.874,107.463,113.25,103.315,119.463,96.1646,128.698,85.9079,140.996,72.6339,156.208,56.6016,174.025,38.133,193.96
104.697,104.86,105.023,105.185,105.347,105.514,105.663,105.849,105.973,106.183,106.284,106.512,106.597,106.835,106.911,107.152,107.227,107.464,107.542,107.771,107.856,108.074,108.169,108.372,108.48,108.666,108.789,108.956,109.093,109.246,109.39,109.536,109.681,109.824,109.87,110.758,108.359,114.127,104.217,120.337,97.063,129.58,86.7879,141.907,73.4736,157.172,57.3841,175.048,38.8685,194.966
105.589,105.752,105.915,106.077,106.239,106.405,106.554,106.739,106.864,107.073,107.174,107.402,107.487,107.725,107.801,108.042,108.116,108.354,108.431,108.661,108.745,108.963,109.058,109.261,109.369,109.555,109.678,109.845,109.982,110.135,110.279,110.425,110.569,110.713,110.759,111.643,109.256,115.006,105.12,121.212,97.9633,130.462,87.6699,142.819,74.3154,158.137,58.1681,176.072,39.6045,195.973
106.483,106.645,106.808,106.97,107.132,107.297,107.447,107.631,107.757,107.965,108.066,108.293,108.378,108.616,108.692,108.933,109.007,109.244,109.321,109.551,109.635,109.854,109.948,110.151,110.26,110.445,110.568,110.735,110.872,111.025,111.169,111.315,111.459,111.603,111.649,112.528,110.154,115.885,106.025,122.087,98.8654,131.345,88.554,143.731,75.1592,159.103,58.9537,177.097,40.3409,196.98
107.378,107.54,107.702,107.864,108.026,108.19,108.341,108.524,108.65,108.857,108.959,109.186,109.271,109.508,109.584,109.825,109.899,110.136,110.213,110.443,110.527,110.745,110.84,111.043,111.151,111.336,111.46,111.626,111.763,111.916,112.06,112.206,112.351,112.494,112.54,113.415,111.054,116.765,106.932,122.962,99.7693,132.228,89.4402,144.642,76.005,160.068,59.7408,178.123,41.0776,197.987
108.275,108.436,108.598,108.759,108.921,109.085,109.236,109.418,109.544,109.751,109.853,110.079,110.164,110.401,110.477,110.718,110.792,111.029,111.106,111.336,111.42,111.638,111.732,111.935,112.044,112.228,112.352,112.519,112.656,112.808,112.953,113.098,113.243,113.387,113.432,114.303,111.955,117.646,107.84,123.838,100.675,133.111,90.3284,145.554,76.8528,161.033,60.5294,179.149,41.8146,198.993
109.246,109.405,109.568,109.729,109.89,110.054,110.205,110.387,110.513,110.72,110.822,111.048,111.133,111.37,111.446,111.687,111.761,111.998,112.075,112.304,112.388,112.606,112.701,112.903,113.012,113.197,113.321,113.487,113.624,113.777,113.921,114.067,114.211,114.356,114.401,115.27,112.926,118.611,108.814,124.801,101.648,134.076,91.2956,146.529,77.8066,162.026,61.4634,180.163,42.7314,200
