SPACE_POINTS_X
0,0.20202,0.40404,0.606061,0.808081,1.0101,1.21212,1.41414,1.61616,1.81818,2.0202,2.22222,2.42424,2.62626,2.82828,3.0303,3.23232,3.43434,3.63636,3.83838,4.0404,4.24242,4.44444,4.64646,4.84848,5.05051,5.25253,5.45455,5.65657,5.85859,6.06061,6.26263,6.46465,6.66667,6.86869,7.07071,7.27273,7.47475,7.67677,7.87879,8.08081,8.28283,8.48485,8.68687,8.88889,9.09091,9.29293,9.49495,9.69697,9.89899,10.101,10.303,10.5051,10.7071,10.9091,11.1111,11.3131,11.5152,11.7172,11.9192,12.1212,12.3232,12.5253,12.7273,12.9293,13.1313,13.3333,13.5354,13.7374,13.9394,14.1414,14.3434,14.5455,14.7475,14.9495,15.1515,15.3535,15.5556,15.7576,15.9596,16.1616,16.3636,16.5657,16.7677,16.9697,17.1717,17.3737,17.5758,17.7778,17.9798,18.1818,18.3838,18.5859,18.7879,18.9899,19.1919,19.3939,19.596,19.798,20
SPACE_POINTS_Y
0,0.0204082,0.0408163,0.0612245,0.0816327,0.102041,0.122449,0.142857,0.163265,0.183673,0.204082,0.22449,0.244898,0.265306,0.285714,0.306122,0.326531,0.346939,0.367347,0.387755,0.408163,0.428571,0.44898,0.469388,0.489796,0.510204,0.530612,0.55102,0.571429,0.591837,0.612245,0.632653,0.653061,0.673469,0.693878,0.714286,0.734694,0.755102,0.77551,0.795918,0.816327,0.836735,0.857143,0.877551,0.897959,0.918367,0.938776,0.959184,0.979592,1
VALUES
0,0,0,0,0,0,0,0,0,0,0,0,0,0,0,0,0,0,0,0,0,0,0,0,0,0,0,0,0,0,0,0,0,0,0,0,0,0,0,0,0,0,0,0,0,0,0,0,0,0
5.15294e-13,1.26399e-12,2.52887e-12,4.88214e-12,8.9817e-12,1.58749e-11,2.70995e-11,4.48766e-11,7.23619e-11,1.13979e-10,1.75873e-10,2.66527e-10,3.97639e-10,5.85369e-10,8.522e-10,1.22977e-09,1.76328e-09,2.51862e-09,3.594e-09,5.13944e-09,7.38995e-09,1.07228e-08,1.57581e-08,2.35365e-08,3.58389e-08,5.57648e-08,8.87911e-08,1.44727e-07,2.41356e-07,4.11279e-07,7.14863e-07,1.26496e-06,2.27437e-06,4.14778e-06,7.66065e-06,1.43102e-05,2.70074e-05,5.14499e-05,9.88619e-05,0.00019149,0.000373684,0.00073436,0.00145274,0.00289192,0.00579118,0.0116629,0.0236152,0.0480635,0.098306,0.20202
1.914e-11,4.76556e-11,9.56574e-11,1.83789e-10,3.34758e-10,5.83536e-10,9.79394e-10,1.59037e-09,2.50836e-09,3.85508e-09,5.78906e-09,8.51359e-09,1.2286e-08,1.74284e-08,2.43403e-08,3.35137e-08,4.5552e-08,6.11951e-08,8.13532e-08,1.07158e-07,1.40039e-07,1.81852e-07,2.35091e-07,3.03254e-07,3.91495e-07,5.07794e-07,6.65077e-07,8.85142e-07,1.20595e-06,1.6953e-06,2.47674e-06,3.77898e-06,6.03085e-06,1.0045e-05,1.73757e-05,3.10207e-05,5.68048e-05,0.000106126,0.000201432,0.000387216,0.000752172,0.00147412,0.00291147,0.00579038,0.0115894,0.023333,0.0472374,0.096133,0.196616,0.40404
3.63483e-10,8.59796e-10,1.67484e-09,3.1232e-09,5.52789e-09,9.37203e-09,1.53102e-08,2.42128e-08,3.72124e-08,5.57536e-08,8.16485e-08,1.17134e-07,1.64933e-07,2.28318e-07,3.11181e-07,4.18096e-07,5.54401e-07,7.26273e-07,9.4082e-07,1.2062e-06,1.53175e-06,1.92824e-06,2.40818e-06,2.98641e-06,3.68108e-06,4.51539e-06,5.52083e-06,6.74296e-06,8.25242e-06,1.01653e-05,1.26821e-05,1.61615e-05,2.12628e-05,2.92211e-05,4.23837e-05,6.52618e-05,0.000106605,0.000183517,0.000329673,0.000611793,0.00116288,0.00224959,0.0044094,0.00873127,0.0174325,0.0350494,0.0709045,0.144242,0.294952,0.606061
3.8965e-09,8.70838e-09,1.63879e-08,2.95371e-08,5.06147e-08,8.31927e-08,1.31908e-07,2.02683e-07,3.02927e-07,4.41735e-07,6.30093e-07,8.8107e-07,1.21001e-06,1.6347e-06,2.17554e-06,2.85569e-06,3.70121e-06,4.74117e-06,6.00779e-06,7.53654e-06,9.36632e-06,1.15397e-05,1.41033e-05,1.71083e-05,2.06121e-05,2.46799e-05,2.93893e-05,3.48378e-05,4.11571e-05,4.85403e-05,5.72932e-05,6.79327e-05,8.13759e-05,9.93062e-05,0.000124887,0.000164163,0.00022882,0.000341669,0.000547588,0.000935478,0.00168254,0.00314405,0.00603615,0.01181,0.0234204,0.0469133,0.0947145,0.192475,0.39337,0.808081
2.7722e-08,5.859e-08,1.06416e-07,1.85235e-07,3.07129e-07,4.89211e-07,7.52739e-07,1.12379e-06,1.63373e-06,2.31963e-06,3.22463e-06,4.39828e-06,5.89669e-06,7.78277e-06,1.01263e-05,1.30039e-05,1.6499e-05,2.0702e-05,2.57096e-05,3.16251e-05,3.85583e-05,4.66251e-05,5.59477e-05,6.66554e-05,7.88854e-05,9.27854e-05,0.000108518,0.00012627,0.000146272,0.000168827,0.000194379,0.000223632,0.000257788,0.000299001,0.000351267,0.00042217,0.000526329,0.000692233,0.000975904,0.00148829,0.00245056,0.00430618,0.00794923,0.0151916,0.0297236,0.0590964,0.118832,0.240976,0.491966,1.0101
1.45325e-07,2.91321e-07,5.10984e-07,8.59623e-07,1.38031e-06,2.13285e-06,3.18839e-06,4.63082e-06,6.55732e-06,9.07867e-06,1.23193e-05,1.64173e-05,2.15241e-05,2.78039e-05,3.54334e-05,4.46007e-05,5.55049e-05,6.83548e-05,8.33684e-05,0.000100771,0.000120797,0.000143685,0.000169681,0.000199035,0.000232007,0.000268862,0.000309884,0.000355377,0.000405695,0.000461274,0.000522711,0.000590913,0.000667371,0.00075471,0.00085775,0.000985597,0.00115576,0.00140234,0.00179236,0.00245863,0.00366588,0.00594512,0.0103671,0.0191026,0.0365733,0.0718291,0.143476,0.289934,0.590866,1.21212
6.02406e-07,1.14969e-06,1.95008e-06,3.17533e-06,4.94559e-06,7.42567e-06,1.08034e-05,1.52922e-05,2.11306e-05,2.85812e-05,3.79295e-05,4.94822e-05,6.35652e-05,8.05217e-05,0.00010071,0.000124501,0.000152276,0.000184425,0.000221343,0.00026343,0.000311088,0.000364718,0.000424721,0.000491498,0.000565447,0.000646969,0.000736472,0.000834386,0.000941181,0.00105742,0.00118384,0.00132153,0.00147224,0.00163905,0.00182754,0.0020483,0.00232164,0.00268716,0.00322271,0.00408261,0.00557468,0.0083165,0.013554,0.0238136,0.0442434,0.0853826,0.168905,0.339571,0.690217,1.41414
2.07552e-06,3.78588e-06,6.22017e-06,9.82129e-06,1.48651e-05,2.17289e-05,3.08252e-05,4.26063e-05,5.75608e-05,7.62092e-05,9.91e-05,0.000126804,0.000159911,0.000199024,0.000244755,0.00029772,0.000358535,0.000427816,0.000506167,0.000594187,0.00069246,0.000801555,0.000922028,0.00105442,0.00119924,0.00135702,0.00152824,0.00171344,0.00191315,0.00212803,0.00235889,0.00260695,0.00287419,0.00316402,0.00348277,0.00384238,0.00426587,0.00479816,0.0055277,0.00662994,0.0084551,0.0117062,0.0178023,0.0296219,0.0530325,0.10005,0.195394,0.390126,0.790177,1.61616
6.16346e-06,1.07849e-05,1.71949e-05,2.63768e-05,3.88705e-05,5.54206e-05,7.68075e-05,0.000103859,0.000137439,0.000178441,0.000227778,0.000286372,0.000355147,0.000435023,0.000526907,0.000631687,0.000750229,0.00088337,0.00103192,0.00119664,0.00137827,0.00157752,0.00179502,0.00203141,0.00228726,0.00256314,0.00285956,0.00317705,0.00351617,0.00387755,0.00426203,0.00467087,0.00510616,0.00557161,0.00607414,0.00662696,0.00725565,0.00801027,0.00898959,0.0103897,0.0126026,0.0164152,0.0234174,0.0368351,0.0632474,0.116132,0.223225,0.44184,0.890906,1.81818
1.62085e-05,2.72999e-05,4.23121e-05,6.3177e-05,9.08154e-05,0.000126526,0.000171612,0.000227413,0.000295282,0.000376577,0.000472638,0.000584786,0.000714302,0.000862425,0.00103034,0.00121918,0.00143,0.00166381,0.00192155,0.00220407,0.00251216,0.00284657,0.00320794,0.00359687,0.0040139,0.00445951,0.00493415,0.00543825,0.00597225,0.00653669,0.00713231,0.0077603,0.00842277,0.00912362,0.00987026,0.010677,0.0115719,0.01261,0.0138999,0.0156581,0.0183171,0.0227467,0.0307044,0.0457589,0.075191,0.133923,0.252675,0.49495,0.992563,2.0202
3.85332e-05,6.26629e-05,9.45754e-05,0.000137695,0.000193407,0.000263749,0.000350679,0.000456138,0.000582031,0.000730203,0.000902426,0.00110038,0.00132566,0.00157974,0.00186399,0.00217968,0.00252795,0.00290984,0.00332627,0.00377806,0.00426592,0.00479047,0.00535222,0.00595161,0.00658898,0.00726462,0.00797876,0.0087316,0.00952337,0.0103544,0.0112251,0.0121367,0.013091,0.0140921,0.0151478,0.0162735,0.0174993,0.0188851,0.0205492,0.0227277,0.0258931,0.0309961,0.0399589,0.0566871,0.0891531,0.153704,0.284005,0.549679,1.0953,2.22222
8.41471e-05,0.000132484,0.000195028,0.000277334,0.000381251,0.000509686,0.000665302,0.000850651,0.00106815,0.00132007,0.00160849,0.00193535,0.00230237,0.00271113,0.003163,0.0036592,0.00420075,0.00478854,0.00542331,0.00610561,0.00683592,0.00761454,0.00844167,0.00931744,0.0102418,0.0112148,0.0122362,0.0133059,0.0144237,0.0155897,0.016804,0.0180674,0.0193818,0.020751,0.0221831,0.0236945,0.0253175,0.0271164,0.029219,0.0318804,0.0356121,0.0414438,0.0514595,0.0698953,0.105403,0.175734,0.317456,0.606235,1.19924,2.42424
0.000170931,0.000261194,0.000375593,0.000522473,0.000703988,0.000923942,0.00118562,0.00149208,0.00184607,0.00225008,0.00270631,0.00321668,0.00378283,0.00440616,0.0050878,0.00582866,0.00662942,0.00749056,0.00841238,0.00939501,0.0104384,0.0115425,0.0127069,0.0139312,0.015215,0.0165576,0.0179586,0.0194172,0.0209328,0.022505,0.0241336,0.025819,0.0275628,0.0293687,0.0312451,0.0332092,0.0352952,0.0375717,0.0401758,0.0433811,0.0477368,0.0543502,0.0654631,0.0856361,0.124188,0.200249,0.353248,0.664803,1.30453,2.62626
0.000326251,0.000484921,0.000682114,0.000929532,0.00122928,0.0015859,0.0020031,0.00248409,0.0030317,0.0036483,0.00433585,0.00509594,0.00592978,0.00683826,0.00782196,0.00888118,0.010016,0.0112262,0.0125114,0.0138711,0.0153046,0.016811,0.0183894,0.0200387,0.0217579,0.0235457,0.0254009,0.0273223,0.0293088,0.0313593,0.0334733,0.0356507,0.0378927,0.040203,0.0425902,0.045072,0.0476847,0.0505011,0.0536669,0.0574738,0.0625081,0.0699523,0.0822026,0.104137,0.145728,0.22746,0.391574,0.72555,1.41126,2.82828
0.000589896,0.000854541,0.00117739,0.00157386,0.00204538,0.00259695,0.00323218,0.00395409,0.00476506,0.00566691,0.00666093,0.00774795,0.00892836,0.0102022,0.0115691,0.0130285,0.0145794,0.0162209,0.0179516,0.0197702,0.0216749,0.0236642,0.0257363,0.0278893,0.0301215,0.0324308,0.0348154,0.0372736,0.0398034,0.0424033,0.0450723,0.0478098,0.0506167,0.0534965,0.0564579,0.0595194,0.062719,0.0661337,0.0699176,0.07438,0.0801428,0.0884621,0.101885,0.125598,0.170217,0.257551,0.432604,0.788617,1.51954,3.0303
0.00101719,0.00143872,0.001944,0.00255217,0.00326318,0.00408187,0.00501123,0.00605339,0.00720978,0.00848109,0.00986746,0.0113685,0.0129833,0.0147107,0.0165491,0.0184967,0.0205513,0.0227109,0.0249729,0.027335,0.0297944,0.0323486,0.0349949,0.0377306,0.040553,0.0434594,0.0464473,0.0495141,0.0526575,0.0558753,0.0591659,0.0625283,0.0659631,0.0694736,0.0730687,0.0767674,0.0806097,0.0846764,0.0891299,0.0942963,0.100833,0.110066,0.12469,0.150195,0.197821,0.290678,0.476479,0.854127,1.62944,3.23232
0.00168206,0.0023267,0.00308667,0.00398442,0.00501739,0.00618951,0.00750234,0.00895649,0.0105517,0.012287,0.0141609,0.0161712,0.0183154,0.0205907,0.0229941,0.025522,0.0281712,0.030938,0.0338188,0.0368099,0.0399076,0.0431083,0.0464082,0.0498038,0.0532916,0.0568682,0.0605302,0.0642744,0.0680979,0.071998,0.0759725,0.0800202,0.0841411,0.0883387,0.0926217,0.0970101,0.101546,0.106313,0.111482,0.117395,0.124744,0.134925,0.150774,0.178076,0.228682,0.326974,0.523319,0.922176,1.74102,3.43434
0.00267992,0.00363068,0.00473405,0.00601489,0.00746696,0.00909239,0.0108904,0.0128594,0.0149968,0.0172993,0.0197631,0.0223841,0.0251577,0.0280793,0.0311438,0.0343464,0.037682,0.0411455,0.044732,0.0484366,0.0522544,0.0561807,0.060211,0.0643406,0.0685653,0.072881,0.0772835,0.0817692,0.0863345,0.0909763,0.0956918,0.10048,0.10534,0.110275,0.115294,0.120419,0.125692,0.131202,0.137127,0.143825,0.15202,0.163177,0.180268,0.209366,0.262917,0.366545,0.573218,0.992843,1.85435,3.63636
0.00413004,0.00548755,0.00703969,0.00881242,0.0107946,0.0129855,0.0153814,0.0179773,0.0207679,0.0237472,0.0269086,0.0302456,0.0337513,0.037419,0.0412418,0.045213,0.0493258,0.0535738,0.0579506,0.0624501,0.0670664,0.0717937,0.0766265,0.0815595,0.0865877,0.0917061,0.0969103,0.102196,0.107559,0.112996,0.118504,0.12408,0.129726,0.135443,0.141242,0.147143,0.153193,0.159482,0.166196,0.17371,0.18278,0.194932,0.213278,0.244164,0.300619,0.409477,0.626247,1.06618,1.96945,3.83838
0.00617731,0.00805982,0.0101822,0.0125697,0.0152053,0.0180844,0.0211993,0.0245414,0.0281019,0.0318714,0.0358406,0.0400003,0.0443413,0.0488544,0.0535309,0.0583622,0.0633401,0.0684566,0.0737042,0.0790755,0.0845636,0.0901619,0.095864,0.101664,0.107556,0.113535,0.119595,0.125733,0.131943,0.138222,0.144567,0.150975,0.157446,0.163984,0.170598,0.17731,0.184168,0.191266,0.198798,0.207154,0.217119,0.230285,0.24989,0.282553,0.341862,0.455833,0.682458,1.14222,2.08634,4.0404
0.00899314,0.0115356,0.0143644,0.0175021,0.0209242,0.0246223,0.0285836,0.0327954,0.037245,0.0419198,0.0468072,0.0518953,0.0571724,0.0626274,0.0682494,0.0740283,0.0799543,0.0860183,0.0922114,0.0985253,0.104952,0.111485,0.118117,0.12484,0.13165,0.13854,0.145505,0.15254,0.15964,0.166801,0.17402,0.181295,0.188626,0.196015,0.203474,0.211025,0.218717,0.226649,0.235021,0.244238,0.255114,0.269304,0.29017,0.324592,0.386703,0.50566,0.741878,1.22098,2.20501,4.24242
0.0127752,0.0161276,0.0198115,0.0238449,0.0281938,0.0328467,0.0377851,0.0429917,0.0484499,0.0541435,0.060057,0.0661758,0.072486,0.0789742,0.0856281,0.092436,0.0993868,0.10647,0.113677,0.120997,0.128423,0.135947,0.14356,0.151257,0.159031,0.166875,0.174785,0.182755,0.19078,0.198857,0.206982,0.215153,0.22337,0.231636,0.239963,0.248374,0.25692,0.265704,0.274932,0.285024,0.296823,0.312042,0.334166,0.370326,0.435179,0.55899,0.804523,1.30242,2.32542,4.44444
0.0177461,0.0220705,0.0267677,0.0318509,0.0372706,0.043016,0.0490623,0.0553874,0.0619708,0.068793,0.0758358,0.083082,0.0905158,0.0981221,0.105887,0.113798,0.121843,0.13001,0.13829,0.146673,0.155149,0.163712,0.172352,0.181064,0.18984,0.198675,0.207563,0.216499,0.225478,0.234496,0.243551,0.25264,0.261763,0.270925,0.280138,0.289425,0.298839,0.308486,0.318582,0.329557,0.342285,0.358535,0.38191,0.419784,0.487319,0.615844,0.870391,1.3865,2.44748,4.64646
0.0241512,0.0296174,0.0354902,0.0417868,0.0484208,0.0553953,0.0626772,0.0702402,0.0780601,0.0861144,0.0943826,0.102846,0.111486,0.120286,0.129233,0.138313,0.147511,0.156818,0.166223,0.175715,0.185286,0.194927,0.204632,0.214392,0.224202,0.234055,0.243946,0.253871,0.263825,0.273805,0.283807,0.29383,0.303874,0.313945,0.324053,0.334226,0.344517,0.355036,0.366004,0.377867,0.391525,0.408802,0.433416,0.472978,0.543136,0.676237,0.939479,1.47314,2.57101,4.84848
0.032263,0.0390405,0.0462391,0.053929,0.0619166,0.070252,0.0788915,0.0878047,0.0969646,0.106346,0.115927,0.125687,0.135606,0.145669,0.155859,0.166162,0.176566,0.187059,0.19763,0.20827,0.21897,0.229722,0.240519,0.251353,0.262219,0.273111,0.284025,0.294956,0.305899,0.316852,0.327813,0.338779,0.349752,0.360738,0.371749,0.382812,0.393983,0.405376,0.417218,0.429967,0.444551,0.462849,0.488689,0.52991,0.602634,0.740181,1.01179,1.56223,2.69566,5.05051
0.0424183,0.0506564,0.0592622,0.0685582,0.0780321,0.0878522,0.0979625,0.108329,0.118922,0.129716,0.140686,0.151812,0.163073,0.174454,0.185938,0.197511,0.209162,0.220878,0.232649,0.244466,0.256321,0.268206,0.280115,0.292041,0.303979,0.315923,0.327871,0.339816,0.351757,0.36369,0.375614,0.387527,0.399433,0.411335,0.423249,0.435201,0.447251,0.459515,0.472227,0.485859,0.501362,0.52067,0.547718,0.59057,0.665808,0.807688,1.08737,1.65368,2.82078,5.25253
0.0551863,0.0649591,0.0747833,0.0859519,0.0970384,0.108457,0.12014,0.132051,0.144159,0.156438,0.168862,0.181412,0.194067,0.206811,0.219629,0.232508,0.245435,0.258401,0.271395,0.28441,0.297437,0.31047,0.323503,0.336531,0.349549,0.362552,0.375537,0.388501,0.401441,0.414355,0.427241,0.4401,0.452935,0.465751,0.478562,0.4914,0.504323,0.517452,0.531027,0.545532,0.561944,0.582246,0.610483,0.654936,0.732638,0.878767,1.16629,1.74755,2.94509,5.45455
0.0716539,0.0830998,0.093048,0.106378,0.119199,0.132317,0.145661,0.159195,0.172887,0.18671,0.200641,0.21466,0.228748,0.24289,0.257071,0.27128,0.285506,0.299738,0.31397,0.328193,0.342401,0.356589,0.370751,0.384883,0.398982,0.413043,0.427065,0.441044,0.454979,0.468868,0.482712,0.49651,0.510266,0.523987,0.537688,0.551402,0.565188,0.579172,0.593598,0.608964,0.626271,0.647552,0.676954,0.722974,0.803094,0.95341,1.2487,1.84435,3.06612,5.65657
0.0716539,0.107027,0.114549,0.130097,0.144769,0.159672,0.174751,0.18997,0.2053,0.220714,0.236191,0.251712,0.26726,0.282822,0.298385,0.313938,0.329472,0.344979,0.360453,0.375888,0.391278,0.406619,0.421908,0.43714,0.452314,0.467427,0.482477,0.497463,0.512384,0.527239,0.542028,0.556754,0.57142,0.586034,0.600614,0.61519,0.629827,0.644651,0.659915,0.676127,0.694312,0.716551,0.747093,0.794645,0.877131,1.03158,1.33467,1.94529,3.18952,5.65657
0.112877,0.127817,0.139944,0.157379,0.173989,0.190746,0.207617,0.22457,0.241576,0.258613,0.275661,0.292704,0.309727,0.32672,0.343671,0.360572,0.377416,0.394197,0.41091,0.427551,0.444116,0.460602,0.477007,0.493329,0.509567,0.525719,0.541785,0.557764,0.573656,0.589462,0.605183,0.620821,0.636382,0.651874,0.667315,0.682738,0.698209,0.713858,0.729943,0.746983,0.766027,0.789202,0.820855,0.869898,0.954694,1.1132,1.42411,2.05073,3.33347,6.06061
0.112877,0.158237,0.169044,0.188476,0.207083,0.225746,0.244449,0.263166,0.281873,0.300549,0.31918,0.337752,0.356254,0.374677,0.393013,0.411256,0.429403,0.447447,0.465388,0.483222,0.500948,0.518564,0.53607,0.553466,0.57075,0.587924,0.604987,0.621941,0.638786,0.655525,0.672158,0.68869,0.705126,0.721477,0.73776,0.754011,0.770297,0.786752,0.803638,0.821487,0.841368,0.865455,0.898189,0.948682,1.03572,1.19819,1.5168,2.15927,3.46934,6.06061
0.164403,0.184006,0.202616,0.223624,0.244259,0.264858,0.285416,0.305911,0.326326,0.346646,0.366859,0.386955,0.406926,0.426768,0.446476,0.466047,0.485478,0.504769,0.523918,0.542926,0.561792,0.580517,0.599103,0.617549,0.635859,0.654032,0.672071,0.689977,0.707753,0.725402,0.742925,0.760329,0.777619,0.794806,0.81191,0.828968,0.846048,0.863287,0.880954,0.899589,0.920284,0.945257,0.97904,1.03094,1.12015,1.28646,1.61257,2.27123,3.62559,6.46465
0.195329,0.217974,0.240106,0.263036,0.285704,0.308249,0.330665,0.352938,0.375055,0.397006,0.418786,0.440389,0.461811,0.483052,0.504109,0.524983,0.545675,0.566186,0.586518,0.606673,0.626653,0.646461,0.666099,0.685571,0.704878,0.724024,0.743013,0.761846,0.780527,0.79906,0.817449,0.835699,0.853818,0.871818,0.88972,0.907561,0.925412,0.943411,0.961835,0.981234,1.00272,1.02855,1.06335,1.11661,1.20792,1.37793,1.71123,2.38476,3.77096,6.66667
0.231942,0.257075,0.281903,0.30688,0.331579,0.356062,0.380323,0.404355,0.428153,0.451713,0.475033,0.498115,0.520958,0.543566,0.565941,0.588087,0.610008,0.631708,0.65319,0.67446,0.695523,0.716382,0.737042,0.757508,0.777783,0.797873,0.817781,0.837511,0.857069,0.876459,0.895685,0.914755,0.933677,0.952463,0.971136,0.989735,1.00833,1.02707,1.04622,1.06636,1.08861,1.11527,1.15105,1.20562,1.29897,1.47254,1.81272,2.50039,3.91619,6.86869
0.273432,0.301007,0.328246,0.355315,0.382024,0.408418,0.434494,0.460253,0.485696,0.510827,0.535651,0.560173,0.584399,0.608336,0.63199,0.655369,0.67848,0.70133,0.723926,0.746275,0.768383,0.790257,0.811904,0.83333,0.85454,0.875539,0.896335,0.916932,0.937335,0.957551,0.977585,0.997445,1.01714,1.03669,1.0561,1.07543,1.09475,1.1142,1.13406,1.15491,1.1779,1.20536,1.24209,1.29793,1.39322,1.57022,1.91702,2.61816,4.06203,7.07071
0.319812,0.349789,0.379316,0.408476,0.437153,0.465415,0.493261,0.520699,0.54774,0.574395,0.600674,0.626588,0.652149,0.677368,0.702256,0.726823,0.75108,0.775037,0.798704,0.82209,0.845204,0.868054,0.89065,0.912997,0.935105,0.95698,0.978628,1.00006,1.02127,1.04228,1.06309,1.08371,1.10415,1.12443,1.14456,1.16459,1.1846,1.20473,1.22528,1.24681,1.27051,1.29874,1.33639,1.39345,1.49063,1.67092,2.02406,2.73809,4.20885,7.27273
0.371201,0.403522,0.435253,0.466474,0.497059,0.527128,0.556683,0.585741,0.614321,0.642441,0.670117,0.697368,0.72421,0.750657,0.776726,0.80243,0.827784,0.852801,0.877492,0.90187,0.925946,0.949731,0.973233,0.996464,1.01943,1.04214,1.06461,1.08683,1.10883,1.1306,1.15215,1.1735,1.19465,1.21562,1.23644,1.25715,1.27782,1.29861,1.31981,1.342,1.36638,1.39536,1.43388,1.49211,1.59111,1.77458,2.1338,2.8602,4.35682,7.47475
0.427733,0.462314,0.496151,0.529394,0.561809,0.593609,0.6248,0.655406,0.685455,0.714973,0.743982,0.772506,0.800566,0.828183,0.855376,0.882163,0.90856,0.934584,0.96025,0.985573,1.01056,1.03524,1.0596,1.08367,1.10746,1.13097,1.15421,1.1772,1.19993,1.22243,1.24469,1.26673,1.28857,1.31021,1.33168,1.35304,1.37435,1.39576,1.41759,1.44041,1.46545,1.49514,1.5345,1.59386,1.6946,1.88113,2.2462,2.98446,4.50598,7.67677
0.48954,0.526267,0.562068,0.597299,0.631446,0.66489,0.697631,0.729704,0.761144,0.791983,0.822252,0.85198,0.881193,0.909915,0.93817,0.965979,0.993363,1.02034,1.04693,1.07314,1.099,1.12452,1.1497,1.17457,1.19913,1.2234,1.24738,1.27109,1.29453,1.31771,1.34065,1.36335,1.38584,1.40811,1.43022,1.45218,1.4741,1.49612,1.51854,1.54197,1.56763,1.598,1.63817,1.69862,1.80104,1.99051,2.36121,3.11083,4.65632,7.87879
0.556788,0.595491,0.633019,0.67022,0.705994,0.740981,0.775177,0.808625,0.841369,0.873448,0.904899,0.935756,0.966049,0.995808,1.02506,1.05383,1.08214,1.11001,1.13747,1.16453,1.1912,1.21751,1.24347,1.26909,1.29438,1.31936,1.34404,1.36843,1.39254,1.41638,1.43996,1.46329,1.48639,1.50927,1.53196,1.55452,1.57701,1.5996,1.62259,1.6466,1.67286,1.70388,1.74483,1.80633,1.91036,2.10266,2.47877,3.23928,4.80773,8.08081
0.629756,0.670175,0.708981,0.748168,0.785453,0.821872,0.857419,0.892146,0.926101,0.959332,0.991882,1.02379,1.05509,1.08581,1.11599,1.14566,1.17483,1.20354,1.23181,1.25966,1.2871,1.31415,1.34083,1.36716,1.39314,1.4188,1.44413,1.46917,1.4939,1.51836,1.54254,1.56647,1.59015,1.6136,1.63686,1.65997,1.68301,1.70614,1.72968,1.75424,1.78107,1.81271,1.8544,1.9169,2.02249,2.21753,2.59886,3.36979,4.96005,8.28283
0.709032,0.750731,0.789914,0.831124,0.869803,0.907537,0.944325,0.980224,1.01529,1.04958,1.08315,1.11602,1.14825,1.17986,1.2109,1.2414,1.27138,1.30086,1.32988,1.35846,1.38661,1.41436,1.44172,1.46871,1.49534,1.52162,1.54758,1.57321,1.59854,1.62358,1.64833,1.67281,1.69704,1.72104,1.74483,1.76846,1.79202,1.81567,1.83972,1.8648,1.89218,1.92442,1.96682,2.03027,2.13736,2.33504,2.72144,3.50237,5.113,8.48485
0.795862,0.838101,0.87582,0.919046,0.959005,0.99793,1.03584,1.07281,1.10889,1.14415,1.17863,1.21238,1.24546,1.27789,1.30972,1.34098,1.37169,1.4019,1.43161,1.46087,1.48968,1.51807,1.54606,1.57366,1.60089,1.62776,1.65429,1.6805,1.70638,1.73196,1.75724,1.78225,1.807,1.8315,1.8558,1.87993,1.90398,1.92812,1.95266,1.97823,2.00612,2.03893,2.08201,2.14638,2.2549,2.45514,2.84646,3.63708,5.26614,8.68687
0.890511,0.934271,0.966883,1.01188,1.053,1.09299,1.13191,1.16983,1.20682,1.24294,1.27825,1.31281,1.34665,1.37982,1.41237,1.44432,1.47571,1.50656,1.53692,1.56679,1.59621,1.6252,1.65377,1.68194,1.70973,1.73715,1.76421,1.79094,1.81734,1.84343,1.86921,1.89471,1.91994,1.94492,1.96969,1.99429,2.0188,2.0434,2.0684,2.09445,2.12283,2.15617,2.1999,2.26515,2.37506,2.57776,2.97389,3.77412,5.4188,8.88889
0.890511,1.03914,1.06364,1.10957,1.15173,1.19265,1.23245,1.27121,1.309,1.3459,1.38195,1.41721,1.45174,1.48558,1.51876,1.55134,1.58334,1.61479,1.64572,1.67616,1.70614,1.73567,1.76477,1.79347,1.82177,1.84969,1.87726,1.90447,1.93135,1.95791,1.98416,2.01012,2.0358,2.06123,2.08644,2.11147,2.13643,2.16146,2.1869,2.21338,2.24223,2.27608,2.32042,2.38652,2.49775,2.70283,3.10365,3.91372,5.57667,8.88889
1.08469,1.12783,1.16617,1.21207,1.2551,1.29682,1.33738,1.37687,1.41536,1.45292,1.48961,1.5255,1.56064,1.59506,1.62882,1.66195,1.69449,1.72648,1.75794,1.78889,1.81937,1.8494,1.87899,1.90816,1.93694,1.96533,1.99335,2.02101,2.04833,2.07533,2.10201,2.12839,2.15449,2.18034,2.20596,2.23141,2.25677,2.28221,2.30806,2.33497,2.36425,2.39859,2.44351,2.51041,2.62292,2.83029,3.23563,4.05549,5.74655,9.29293
1.18263,1.23008,1.27318,1.31929,1.36301,1.4054,1.4466,1.4867,1.52578,1.56391,1.60117,1.63759,1.67325,1.70819,1.74245,1.77607,1.8091,1.84156,1.87348,1.9049,1.93583,1.9663,1.99633,2.02594,2.05515,2.08396,2.1124,2.14048,2.16821,2.1956,2.22268,2.24946,2.27595,2.30219,2.3282,2.35403,2.37977,2.40559,2.43183,2.45913,2.48882,2.52362,2.56911,2.63677,2.7505,2.96007,3.36975,4.19877,5.91014,9.49495
1.29061,1.33914,1.38475,1.43112,1.47537,1.51829,1.56001,1.60061,1.64018,1.67879,1.7165,1.75338,1.78949,1.82486,1.85955,1.8936,1.92705,1.95992,1.99226,2.02409,2.05542,2.0863,2.11673,2.14673,2.17632,2.20552,2.23434,2.26279,2.2909,2.31866,2.34611,2.37325,2.4001,2.4267,2.45306,2.47925,2.50535,2.53153,2.55813,2.5858,2.61588,2.65112,2.69713,2.76553,2.88042,3.0921,3.50595,4.34372,6.0742,9.69697
1.40465,1.45386,1.50079,1.54743,1.59206,1.63538,1.67749,1.71848,1.75844,1.79743,1.83552,1.87277,1.90925,1.94499,1.98004,2.01445,2.04826,2.0815,2.11419,2.14637,2.17807,2.2093,2.24008,2.27044,2.30038,2.32993,2.35909,2.38789,2.41633,2.44443,2.47221,2.49968,2.52687,2.5538,2.58049,2.60701,2.63345,2.65996,2.6869,2.71491,2.74537,2.78101,2.82752,2.89662,3.01263,3.22634,3.64418,4.49031,6.23893,9.89899
1.52405,1.57361,1.62119,1.66808,1.71295,1.75654,1.79893,1.84021,1.88045,1.91973,1.95811,1.99566,2.03243,2.06846,2.10382,2.13853,2.17264,2.20618,2.23918,2.27168,2.30368,2.33522,2.36632,2.39698,2.42724,2.4571,2.48657,2.51567,2.54442,2.57283,2.60091,2.62869,2.65618,2.68342,2.71042,2.73725,2.76399,2.79082,2.81806,2.84641,2.8772,2.91324,2.96022,3.02998,3.14707,3.36272,3.78439,4.6385,6.40439,10.101
1.64839,1.69802,1.7458,1.79294,1.83791,1.88165,1.92421,1.96567,2.0061,2.04558,2.08418,2.12194,2.15893,2.19519,2.23078,2.26573,2.30009,2.33388,2.36715,2.3999,2.43217,2.46398,2.49535,2.52629,2.55682,2.58696,2.61671,2.64609,2.67511,2.70379,2.73215,2.7602,2.78797,2.81548,2.84277,2.86988,2.89691,2.92402,2.95157,2.98021,3.01134,3.04773,3.09517,3.16556,3.28367,3.50119,3.92654,4.78826,6.57062,10.303
1.77746,1.82692,1.87448,1.92186,1.9668,2.01059,2.05321,2.09475,2.13528,2.17488,2.2136,2.2515,2.28864,2.32507,2.36084,2.39597,2.43052,2.46452,2.49799,2.53096,2.56346,2.5955,2.6271,2.65828,2.68905,2.71943,2.74942,2.77904,2.80831,2.83724,2.86585,2.89415,2.92217,2.94994,2.97748,3.00485,3.03214,3.05953,3.08734,3.11627,3.1477,3.18444,3.2323,3.30329,3.42239,3.6417,4.07057,4.93954,6.73758,10.5051
1.91124,1.96021,2.00703,2.0547,2.0995,2.1432,2.18579,2.22731,2.26786,2.30749,2.34627,2.38424,2.42147,2.458,2.49388,2.52915,2.56384,2.59799,2.63163,2.66478,2.69746,2.72969,2.76148,2.79287,2.82384,2.85443,2.88464,2.91448,2.94396,2.97311,3.00193,3.03046,3.0587,3.0867,3.11448,3.14209,3.16962,3.19726,3.22533,3.25452,3.28623,3.32329,3.37155,3.44312,3.56316,3.78419,4.21645,5.09233,6.90518,10.7071
2.04994,2.09802,2.14327,2.1913,2.23585,2.27937,2.32182,2.36325,2.40373,2.44332,2.48208,2.52006,2.55731,2.59388,2.62982,2.66516,2.69995,2.73421,2.76797,2.80125,2.83408,2.86646,2.89842,2.92998,2.96113,2.99189,3.02228,3.05231,3.08198,3.11132,3.14034,3.16906,3.19751,3.22571,3.25371,3.28153,3.30929,3.33715,3.36546,3.3949,3.42687,3.46423,3.51287,3.58499,3.70592,3.92862,4.36414,5.2466,7.07331,10.9091
2.19419,2.24074,2.28303,2.3315,2.37571,2.41896,2.46118,2.50243,2.54276,2.58224,2.62091,2.65883,2.69605,2.73261,2.76856,2.80393,2.83876,2.87309,2.90693,2.94031,2.97325,3.00575,3.03784,3.06953,3.10083,3.13174,3.16229,3.19247,3.2223,3.2518,3.28099,3.30989,3.33852,3.36691,3.3951,3.42312,3.45109,3.47916,3.50768,3.53735,3.56956,3.60721,3.65621,3.72884,3.85064,4.07494,4.51361,5.40238,7.24176,11.1111
2.34515,2.38931,2.42624,2.47515,2.51894,2.56183,2.60374,2.64473,2.68484,2.72414,2.76266,2.80047,2.83759,2.87409,2.90999,2.94535,2.98019,3.01454,3.04843,3.08187,3.11488,3.14747,3.17966,3.21145,3.24287,3.2739,3.30458,3.33489,3.36486,3.3945,3.42384,3.45289,3.48168,3.51023,3.53859,3.5668,3.59495,3.62321,3.65193,3.68181,3.71426,3.75216,3.8015,3.87463,3.99725,4.22309,4.66483,5.55971,7.41027,11.3131
2.50036,2.54541,2.57297,2.62208,2.6654,2.70785,2.74937,2.79003,2.82985,2.86891,2.90722,2.94485,2.98184,3.01822,3.05404,3.08933,3.12414,3.15848,3.19237,3.22584,3.25889,3.29154,3.3238,3.35567,3.38718,3.41831,3.44908,3.47951,3.50959,3.53935,3.5688,3.59798,3.62691,3.65561,3.68413,3.7125,3.74082,3.76926,3.79816,3.82823,3.86089,3.89904,3.9487,4.02229,4.1457,4.37303,4.81775,5.71869,7.57845,11.5152
2.50036,2.70699,2.72352,2.77217,2.81495,2.85687,2.89794,2.9382,2.97768,3.01643,3.05449,3.09189,3.12869,3.16491,3.20059,3.23579,3.27052,3.30481,3.33868,3.37214,3.40521,3.43789,3.47019,3.50212,3.53368,3.56489,3.59574,3.62625,3.65642,3.68627,3.71583,3.74512,3.77416,3.803,3.83165,3.86016,3.88864,3.91724,3.94631,3.97656,4.00941,4.0478,4.09775,4.17178,4.29595,4.52471,4.97233,5.87939,7.75097,11.5152
2.81536,2.85015,2.87769,2.92528,2.96744,3.00878,3.04933,3.08913,3.12821,3.1666,3.20435,3.24148,3.27804,3.31405,3.34957,3.38463,3.41925,3.45346,3.48728,3.5207,3.55376,3.58644,3.61875,3.65071,3.68232,3.71357,3.74448,3.77505,3.80529,3.83521,3.86485,3.89423,3.92338,3.95232,3.98109,4.00974,4.03835,4.0671,4.09633,4.12674,4.15977,4.19837,4.2486,4.32306,4.44794,4.67807,5.12852,6.04159,7.93081,11.9192
2.9688,3.00743,3.03451,3.08127,3.12274,3.16343,3.20341,3.24269,3.28132,3.31931,3.3567,3.39352,3.42979,3.46557,3.50088,3.53576,3.57025,3.60435,3.63808,3.67145,3.70446,3.73712,3.76943,3.80139,3.83302,3.8643,3.89525,3.92585,3.95614,3.98612,4.01581,4.04526,4.0745,4.10354,4.13241,4.16118,4.18991,4.21879,4.24816,4.27872,4.31192,4.35072,4.40121,4.47606,4.60163,4.83309,5.28626,6.20504,8.10531,12.1212
3.13228,3.17309,3.19424,3.23999,3.28072,3.32071,3.36006,3.39878,3.43691,3.47445,3.51144,3.54791,3.58387,3.61936,3.65443,3.68911,3.72343,3.75739,3.79101,3.8243,3.85724,3.88986,3.92214,3.95409,3.98571,4.01701,4.04796,4.07859,4.1089,4.13892,4.16866,4.19816,4.22746,4.25658,4.28555,4.31441,4.34326,4.37226,4.40175,4.43245,4.46581,4.50479,4.55553,4.63075,4.75698,4.9897,5.44551,6.36996,8.27941,12.3232
3.13228,3.34358,3.35714,3.40131,3.44124,3.48048,3.51916,3.55728,3.59487,3.63193,3.66848,3.70455,3.74016,3.77535,3.81015,3.84459,3.87871,3.91251,3.946,3.97918,4.01204,4.04459,4.07683,4.10874,4.14034,4.17162,4.20258,4.23321,4.26353,4.29356,4.32332,4.35287,4.38222,4.4114,4.44045,4.46941,4.49835,4.52745,4.55706,4.58789,4.62139,4.66054,4.7115,4.78708,4.91393,5.14788,5.60623,6.53637,8.45772,12.3232
3.46479,3.49587,3.52297,3.5651,3.60418,3.64264,3.6806,3.71808,3.75509,3.79163,3.82772,3.86336,3.89859,3.93344,3.96794,4.00212,4.03602,4.06964,4.10297,4.13603,4.16879,4.20125,4.23342,4.26528,4.29685,4.3281,4.35903,4.38965,4.41996,4.44998,4.47976,4.50932,4.53871,4.56795,4.59707,4.6261,4.65513,4.68433,4.71405,4.74499,4.77861,4.81792,4.8691,4.94501,5.07246,5.30756,5.76837,6.70402,8.64275,12.7273
3.62242,3.65951,3.69087,3.73125,3.76941,3.80705,3.84427,3.88108,3.91748,3.95347,3.98906,4.02425,4.05907,4.09355,4.12772,4.16162,4.19528,4.22869,4.26186,4.29477,4.32741,4.35977,4.39186,4.42365,4.45516,4.48637,4.51727,4.54786,4.57814,4.60814,4.63791,4.66748,4.6969,4.72618,4.75535,4.78445,4.81356,4.84284,4.87265,4.90369,4.93744,4.97689,5.02827,5.1045,5.2325,5.46872,5.93187,6.87269,8.82327,12.9293
3.7909,3.82744,3.86082,3.89962,3.93683,3.97361,4.01006,4.04617,4.08194,4.11735,4.15241,4.18713,4.22152,4.2556,4.28942,4.32302,4.35642,4.38961,4.42259,4.45534,4.48784,4.52009,4.55208,4.58379,4.61523,4.64638,4.67723,4.70777,4.73801,4.76798,4.79772,4.82729,4.85672,4.88604,4.91526,4.94441,4.97359,5.00295,5.03284,5.06397,5.09782,5.1374,5.18897,5.26549,5.39404,5.63132,6.0967,7.04245,9.00413,13.1313
3.96295,3.99872,4.03275,4.07008,4.1063,4.14221,4.17786,4.21325,4.24836,4.28318,4.3177,4.35192,4.38585,4.41952,4.45297,4.48624,4.51936,4.55232,4.5851,4.61767,4.65003,4.68215,4.71402,4.74564,4.777,4.80808,4.83886,4.86934,4.89953,4.92945,4.95915,4.9887,5.01814,5.04748,5.07673,5.10594,5.13517,5.1646,5.19456,5.22577,5.25972,5.29943,5.35117,5.42797,5.55702,5.79531,6.26284,7.21328,9.18543,13.3333
4.13789,4.17267,4.20654,4.2425,4.27773,4.31274,4.34758,4.38223,4.41667,4.45087,4.48483,4.51853,4.55198,4.58522,4.61828,4.65122,4.68405,4.71676,4.74932,4.78171,4.81391,4.84589,4.87764,4.90915,4.94041,4.97141,5.00212,5.03252,5.06264,5.09249,5.12215,5.15167,5.1811,5.21045,5.23973,5.26898,5.29827,5.32775,5.35777,5.38907,5.4231,5.46292,5.51481,5.59188,5.72141,5.96066,6.43024,7.38516,9.36725,13.5354
4.31521,4.34884,4.38212,4.41679,4.451,4.48511,4.51912,4.55302,4.58677,4.62034,4.65372,4.68688,4.71985,4.75264,4.7853,4.81788,4.8504,4.88286,4.9152,4.9474,4.97942,5.01125,5.04287,5.07426,5.10542,5.13632,5.16694,5.19726,5.22729,5.25707,5.28666,5.31614,5.34556,5.37491,5.40422,5.4335,5.46283,5.49236,5.52245,5.5538,5.58791,5.62783,5.67988,5.75718,5.88717,6.12734,6.59887,7.55807,9.54962,13.7374
4.49454,4.52696,4.55939,4.59281,4.62601,4.65921,4.69239,4.72553,4.75857,4.79151,4.82429,4.85692,4.88938,4.9217,4.95394,4.98615,5.01837,5.05056,5.08267,5.11467,5.14651,5.17818,5.20966,5.24092,5.27197,5.30276,5.33328,5.36351,5.39345,5.42313,5.45264,5.48208,5.51147,5.54083,5.57015,5.59946,5.62883,5.6584,5.68853,5.71995,5.75413,5.79414,5.84632,5.92386,6.05427,6.29532,6.76871,7.73199,9.73256,13.9394
4.67564,4.70682,4.73826,4.77049,4.80267,4.83495,4.8673,4.89966,4.93201,4.96429,4.99648,5.02855,5.06049,5.09234,5.12415,5.15598,5.18788,5.2198,5.25168,5.28347,5.31512,5.34663,5.37795,5.40909,5.44001,5.47069,5.50111,5.53123,5.56105,5.59063,5.62006,5.64943,5.6788,5.70815,5.73749,5.76682,5.79621,5.82582,5.856,5.88746,5.9217,5.9618,6.01411,6.09186,6.22268,6.46456,6.93972,7.90691,9.91609,14.1414
4.85832,4.88826,4.91864,4.94971,4.98088,5.01225,5.04376,5.07535,5.10699,5.13862,5.1702,5.20171,5.23313,5.26449,5.29585,5.32731,5.35888,5.39053,5.42217,5.45374,5.48521,5.51654,5.54771,5.5787,5.6095,5.64006,5.67036,5.70036,5.73007,5.75953,5.78885,5.81816,5.84749,5.87684,5.90619,5.93554,5.96495,5.9946,6.02481,6.05631,6.09061,6.13078,6.1832,6.26115,6.39236,6.63502,7.11188,8.08279,10.1002,14.3434
5.04245,5.07115,5.10043,5.13038,5.16056,5.19102,5.22169,5.25252,5.28345,5.31442,5.3454,5.37634,5.40723,5.43809,5.469,5.50007,5.53132,5.56268,5.59408,5.62545,5.65672,5.68787,5.71888,5.74973,5.78038,5.81082,5.84099,5.87087,5.90045,5.92978,5.95899,5.98823,6.01753,6.04686,6.07621,6.10558,6.13501,6.16468,6.19492,6.22647,6.26081,6.30104,6.35357,6.43171,6.56328,6.80669,7.28516,8.25961,10.2849,14.5455
5.2279,5.25539,5.28356,5.31243,5.34162,5.37118,5.40102,5.43108,5.46131,5.49163,5.522,5.55237,5.58272,5.61308,5.64354,5.6742,5.70512,5.73622,5.76738,5.79853,5.8296,5.86057,5.89142,5.92211,5.95263,5.98293,6.01298,6.04272,6.07216,6.10134,6.13043,6.15959,6.18885,6.21818,6.24753,6.27691,6.30636,6.33604,6.36631,6.39788,6.43227,6.47256,6.52519,6.6035,6.7354,6.97953,7.45953,8.43737,10.4703,14.7475
5.41457,5.44086,5.46793,5.49576,5.52398,5.55265,5.58167,5.61098,5.6405,5.67018,5.69994,5.72974,5.75956,5.78941,5.81939,5.84966,5.88026,5.91108,5.942,5.97293,6.00381,6.0346,6.06528,6.09582,6.12619,6.15635,6.18626,6.21587,6.24515,6.27418,6.30314,6.33222,6.36144,6.39075,6.4201,6.44949,6.47895,6.50865,6.53894,6.57054,6.60496,6.6453,6.69801,6.77648,6.90871,7.15351,7.63497,8.61603,10.6562,14.9495
5.60235,5.62748,5.65348,5.68029,5.70756,5.73536,5.76357,5.79214,5.82097,5.85,5.87917,5.9084,5.93767,5.96701,5.99652,6.02638,6.05666,6.08722,6.11791,6.14863,6.17931,6.20991,6.24042,6.2708,6.30102,6.33105,6.36082,6.39028,6.4194,6.44826,6.47707,6.50606,6.53524,6.56454,6.5939,6.62329,6.65276,6.68248,6.71278,6.74439,6.77884,6.81923,6.87202,6.95064,7.08317,7.32861,7.81145,8.79558,10.8426,15.1515
5.79118,5.81518,5.84011,5.86596,5.8923,5.91924,5.94667,5.9745,6.00265,6.03105,6.05962,6.08829,6.11702,6.14584,6.17487,6.20432,6.23429,6.26459,6.29505,6.32556,6.35604,6.38646,6.4168,6.44702,6.47709,6.50697,6.5366,6.56591,6.59486,6.62353,6.65218,6.68109,6.71024,6.73953,6.76888,6.79828,6.82776,6.85748,6.88779,6.91942,6.95389,6.99432,7.04718,7.12594,7.25876,7.50479,7.98894,8.976,11.0296,15.3535
5.98096,6.00387,6.02776,6.05269,6.07813,6.10423,6.13088,6.15799,6.18548,6.21325,6.24124,6.26935,6.29755,6.32584,6.35439,6.38343,6.41309,6.44315,6.47339,6.50369,6.53398,6.56422,6.59438,6.62443,6.65436,6.68409,6.71357,6.74272,6.77149,6.79997,6.82845,6.85727,6.88639,6.91567,6.94503,6.97443,7.00391,7.03364,7.06395,7.0956,7.13008,7.17054,7.22347,7.30235,7.43543,7.68204,8.16744,9.15727,11.2172,15.5556
6.17164,6.19348,6.21636,6.24042,6.26498,6.29027,6.31616,6.34257,6.3694,6.39657,6.42398,6.45154,6.4792,6.50698,6.53503,6.56366,6.59303,6.62285,6.65288,6.68298,6.71308,6.74313,6.77312,6.80302,6.83278,6.86237,6.89171,6.92069,6.94927,6.97753,7.00583,7.03457,7.06366,7.09294,7.1223,7.1517,7.18119,7.21092,7.24124,7.27288,7.30738,7.34787,7.40085,7.47985,7.61318,7.86033,8.34691,9.33937,11.4053,15.7576
6.36316,6.38397,6.40584,6.42909,6.45279,6.47729,6.50245,6.52818,6.55437,6.58094,6.60778,6.63481,6.66194,6.6892,6.71675,6.74496,6.77405,6.80366,6.83349,6.86339,6.8933,6.92318,6.95299,6.98272,7.01234,7.04178,7.07096,7.09978,7.12816,7.1562,7.1843,7.21295,7.24202,7.27131,7.30068,7.33008,7.35957,7.38929,7.41961,7.45126,7.48576,7.52627,7.5793,7.65841,7.79198,8.03964,8.52733,9.52228,11.5939,15.9596
6.55548,6.57528,6.59613,6.61864,6.64151,6.66525,6.6897,6.71476,6.74033,6.76632,6.79261,6.81911,6.84572,6.87245,6.8995,6.9273,6.95613,6.98553,7.01517,7.04489,7.07461,7.10431,7.13395,7.16353,7.19299,7.22228,7.25131,7.27996,7.30813,7.33592,7.3638,7.39238,7.42145,7.45075,7.48012,7.50953,7.53902,7.56874,7.59905,7.63069,7.6652,7.70573,7.7588,7.83801,7.97179,8.21993,8.70869,9.70599,11.7831,16.1616
6.74857,6.76739,6.78717,6.80901,6.83108,6.85409,6.87785,6.90227,6.92724,6.95266,6.97842,7.00441,7.03051,7.05671,7.08324,7.11062,7.13921,7.16843,7.1979,7.22743,7.25698,7.2865,7.31598,7.34539,7.3747,7.40384,7.43272,7.4612,7.48915,7.51668,7.54432,7.57284,7.60191,7.63123,7.66062,7.69003,7.71951,7.74922,7.77953,7.81117,7.84567,7.88621,7.93932,8.01862,8.1526,8.4012,8.89095,9.89047,11.9726,16.3636
6.94244,6.96026,6.9789,7.00015,7.02146,7.04376,7.06686,7.09066,7.11505,7.13993,7.16517,7.19065,7.21625,7.24193,7.26794,7.29488,7.32327,7.35233,7.38163,7.41099,7.44037,7.46971,7.49903,7.52828,7.55744,7.58643,7.61516,7.64346,7.67119,7.69843,7.72582,7.75429,7.78339,7.81273,7.84213,7.87155,7.90103,7.93073,7.96102,7.99265,8.02715,8.06769,8.12083,8.20021,8.33439,8.58341,9.07412,10.0757,12.1627,16.5657
7.13712,7.15392,7.17128,7.19201,7.2126,7.23422,7.25668,7.27989,7.30372,7.32807,7.35281,7.37781,7.40291,7.42808,7.45354,7.48004,7.50826,7.53718,7.56634,7.59554,7.62474,7.65392,7.68307,7.71217,7.74118,7.77003,7.7986,7.82673,7.85423,7.88116,7.90826,7.9367,7.96584,7.99522,8.02465,8.05407,8.08354,8.11323,8.1435,8.17512,8.20961,8.25015,8.30331,8.38277,8.51713,8.76655,9.25816,10.2617,12.3531,16.7677
7.3327,7.34841,7.36425,7.38455,7.40445,7.42542,7.44728,7.46991,7.49321,7.51706,7.54132,7.56584,7.59046,7.61511,7.64003,7.66607,7.69415,7.72297,7.75199,7.78104,7.81008,7.8391,7.86809,7.89703,7.92589,7.9546,7.98303,8.01098,8.03824,8.06483,8.09162,8.12006,8.14926,8.17869,8.20813,8.23756,8.26702,8.29669,8.32695,8.35855,8.39303,8.43357,8.48675,8.56627,8.70079,8.9506,9.44306,10.4485,12.544,16.9697
7.52933,7.54385,7.55777,7.57773,7.59698,7.61733,7.63861,7.66069,7.68348,7.70684,7.73064,7.75471,7.77887,7.80301,7.82735,7.85292,7.88091,7.90965,7.93856,7.96747,7.99635,8.02521,8.05404,8.08284,8.11155,8.14012,8.1684,8.19617,8.22318,8.24942,8.27585,8.30432,8.33361,8.3631,8.39257,8.422,8.45145,8.48111,8.51134,8.54292,8.57738,8.61792,8.67111,8.75069,8.88537,9.13553,9.6288,10.636,12.7351,17.1717
7.72728,7.7404,7.75183,7.77149,7.79014,7.80991,7.83063,7.8522,7.8745,7.8974,7.92076,7.94439,7.9681,7.99173,8.01549,8.04055,8.06851,8.09721,8.12602,8.15479,8.18352,8.21223,8.24091,8.26956,8.29813,8.32656,8.35469,8.38229,8.40905,8.4349,8.46091,8.48947,8.51888,8.54844,8.57794,8.60737,8.63681,8.66644,8.69666,8.72821,8.76265,8.80318,8.85638,8.93601,9.07083,9.32133,9.81537,10.8242,12.9266,17.3737
7.92691,7.93834,7.94644,7.96582,7.9839,8.00311,8.02332,8.04439,8.06623,8.08869,8.11163,8.13485,8.15813,8.18126,8.2044,8.22891,8.25692,8.28561,8.31434,8.34299,8.37157,8.40013,8.42866,8.45717,8.4856,8.51389,8.54189,8.56932,8.59582,8.62124,8.64679,8.67548,8.70504,8.73468,8.76422,8.79365,8.82307,8.85269,8.88287,8.9144,8.94882,8.98933,9.04254,9.12221,9.25716,9.50798,10.0028,11.0132,13.1184,17.5758
8.12841,8.13812,8.14162,8.16067,8.17823,8.19692,8.21663,8.23724,8.25864,8.28069,8.30323,8.32606,8.34892,8.37156,8.39407,8.41797,8.44611,8.47484,8.5035,8.53203,8.56048,8.58889,8.61728,8.64564,8.67394,8.7021,8.72996,8.75722,8.78346,8.80843,8.83342,8.86234,8.89208,8.92182,8.95138,8.98081,9.01022,9.03981,9.06997,9.10147,9.13586,9.17635,9.22956,9.30927,9.44434,9.69546,10.1909,11.2029,13.3103,17.7778
8.32371,8.34016,8.33747,8.35601,8.37309,8.3913,8.41054,8.43072,8.4517,8.47336,8.49553,8.51799,8.54046,8.56261,8.58447,8.60768,8.63606,8.66487,8.69348,8.7219,8.75021,8.77848,8.80673,8.83496,8.86313,8.89116,8.91888,8.94599,8.97197,8.99644,9.02078,9.05002,9.07999,9.10982,9.13942,9.16885,9.19824,9.2278,9.25792,9.28939,9.32375,9.36422,9.41743,9.49717,9.63235,9.88375,10.3799,11.3934,13.5023,17.9798
8.32371,8.5412,8.53407,8.55183,8.56845,8.58621,8.60503,8.62479,8.64539,8.66668,8.6885,8.71062,8.73271,8.7544,8.77557,8.79799,8.82676,8.85568,8.88425,8.91256,8.94075,8.96889,8.99701,9.0251,9.05314,9.08105,9.10864,9.13559,9.16131,9.18525,9.20882,9.23851,9.26873,9.29868,9.32831,9.35773,9.3871,9.41663,9.44672,9.47815,9.51248,9.55293,9.60612,9.6859,9.82118,10.0728,10.5696,11.5847,13.6977,17.9798
8.73011,8.72934,8.73126,8.7481,8.7643,8.78164,8.80005,8.81944,8.83968,8.86063,8.88212,8.90391,8.92566,8.9469,8.96735,8.98885,9.01818,9.04725,9.07579,9.10401,9.13208,9.16009,9.18807,9.21604,9.24396,9.27174,9.29921,9.32601,9.35147,9.37485,9.39748,9.42779,9.45831,9.48837,9.51803,9.54745,9.57679,9.60629,9.63634,9.66773,9.70203,9.74244,9.79563,9.87542,10.0108,10.2627,10.76,11.7766,13.8966,18.3838
8.91386,8.92365,8.92871,8.9448,8.9606,8.97755,8.9956,9.01463,9.03454,9.05517,9.07636,9.09785,9.11928,9.14009,9.15981,9.1802,9.2103,9.23957,9.26809,9.29622,9.32417,9.35205,9.37991,9.40775,9.43555,9.46322,9.49057,9.51722,9.54245,9.56522,9.58672,9.61785,9.64871,9.67889,9.70858,9.73798,9.76729,9.79675,9.82676,9.85811,9.89237,9.93276,9.98593,10.0657,10.2012,10.4533,10.9512,11.9691,14.0925,18.5859
9.1096,9.11927,9.12647,9.14191,9.15734,9.17393,9.19164,9.21035,9.22995,9.25029,9.2712,9.29242,9.31355,9.33397,9.35293,9.37198,9.40312,9.43262,9.46113,9.48917,9.517,9.54476,9.5725,9.60023,9.62791,9.65547,9.6827,9.70922,9.73421,9.75636,9.77645,9.80869,9.83992,9.87021,9.89992,9.92931,9.95859,9.988,10.018,10.0493,10.0835,10.1238,10.177,10.2568,10.3924,10.6447,11.1431,12.1622,14.2887,18.7879
9.30614,9.31596,9.32453,9.33939,9.35449,9.37076,9.38815,9.40657,9.42589,9.44596,9.46662,9.48759,9.50846,9.52851,9.54671,9.56411,9.59664,9.62639,9.65489,9.68284,9.71056,9.7382,9.76582,9.79344,9.82101,9.84846,9.87559,9.90198,9.92676,9.94827,9.96661,10.0003,10.0319,10.0623,10.0921,10.1214,10.1507,10.18,10.21,10.2412,10.2754,10.3157,10.3688,10.4487,10.5843,10.8368,11.3357,12.3559,14.4852,18.9899
9.50364,9.51346,9.52285,9.53724,9.55203,9.568,9.58512,9.60327,9.62233,9.64217,9.6626,9.68334,9.70398,9.72371,9.74115,9.7565,9.79086,9.82087,9.84935,9.87722,9.90483,9.93236,9.95987,9.98737,10.0148,10.0422,10.0692,10.0955,10.1201,10.141,10.1571,10.1927,10.2247,10.2552,10.285,10.3143,10.3435,10.3728,10.4027,10.4339,10.468,10.5083,10.5614,10.6412,10.7769,11.0296,11.5289,12.5503,14.6821,19.1919
9.70182,9.71157,9.72144,9.73542,9.74994,9.76565,9.78252,9.80043,9.81927,9.83889,9.85912,9.87966,9.90009,9.91954,9.93629,9.94905,9.98579,10.016,10.0445,10.0723,10.0998,10.1272,10.1546,10.182,10.2094,10.2366,10.2635,10.2897,10.3141,10.3344,10.3478,10.3859,10.4183,10.4489,10.4786,10.5079,10.5371,10.5663,10.5962,10.6273,10.6614,10.7016,10.7547,10.8345,10.9702,11.2231,11.7229,12.7452,14.8793,19.3939
9.90055,9.91017,9.92027,9.93393,9.9482,9.96369,9.98034,9.99804,10.0167,10.0361,10.0562,10.0765,10.0968,10.116,10.1321,10.1416,10.1815,10.2119,10.2403,10.268,10.2954,10.3227,10.35,10.3773,10.4046,10.4317,10.4586,10.4847,10.5089,10.5287,10.5387,10.58,10.6127,10.6433,10.673,10.7023,10.7314,10.7606,10.7903,10.8215,10.8555,10.8957,10.9487,11.0285,11.1643,11.4173,11.9175,12.9407,15.0769,19.596
10.0998,10.1092,10.1193,10.1327,10.1468,10.1621,10.1786,10.1961,10.2145,10.2338,10.2537,10.2739,10.294,10.3131,10.3288,10.3341,10.3779,10.4085,10.4368,10.4644,10.4917,10.5189,10.5461,10.5733,10.6005,10.6276,10.6543,10.6803,10.7045,10.7238,10.7294,10.775,10.8079,10.8385,10.8681,10.8973,10.9264,10.9555,10.9852,11.0163,11.0503,11.0904,11.1434,11.2232,11.359,11.6122,12.1127,13.1367,15.2748,19.798
10.3009,10.3102,10.3204,10.3337,10.3477,10.3629,10.3793,10.3968,10.4152,10.4344,10.4542,10.4744,10.4945,10.5135,10.529,10.529,10.5781,10.6087,10.637,10.6645,10.6918,10.719,10.7461,10.7733,10.8005,10.8275,10.8542,10.8802,10.9043,10.9236,10.9236,10.9746,11.0076,11.0382,11.0679,11.097,11.1261,11.1552,11.1849,11.2159,11.2499,11.29,11.343,11.4228,11.5586,11.8119,12.3125,13.3368,15.4755,20
