SPACE_POINTS_X
50,51.0067,52.0134,53.0201,54.0268,55.0336,56.0403,57.047,58.0537,59.0604,60.0671,61.0738,62.0805,63.0872,64.094,65.1007,66.1074,67.1141,68.1208,69.1275,70.1342,71.1409,72.1477,73.1544,74.1611,75.1678,76.1745,77.1812,78.1879,79.1946,80.2013,81.2081,82.2148,83.2215,84.2282,85.2349,86.2416,87.2483,88.255,89.2617,90.2685,91.2752,92.2819,93.2886,94.2953,95.302,96.3087,97.3154,98.3221,99.3289,100.336,101.342,102.349,103.356,104.362,105.369,106.376,107.383,108.389,109.396,110.403,111.409,112.416,113.423,114.43,115.436,116.443,117.45,118.456,119.463,120.47,121.477,122.483,123.49,124.497,125.503,126.51,127.517,128.523,129.53,130.537,131.544,132.55,133.557,134.564,135.57,136.577,137.584,138.591,139.597,140.604,141.611,142.617,143.624,144.631,145.638,146.644,147.651,148.658,149.664,150.671,151.678,152.685,153.691,154.698,155.705,156.711,157.718,158.725,159.732,160.738,161.745,162.752,163.758,164.765,165.772,166.779,167.785,168.792,169.799,170.805,171.812,172.819,173.826,174.832,175.839,176.846,177.852,178.859,179.866,180.872,181.879,182.886,183.893,184.899,185.906,186.913,187.919,188.926,189.933,190.94,191.946,192.953,193.96,194.966,195.973,196.98,197.987,198.993,200
SPACE_POINTS_Y
0,0.0244898,0.0489796,0.0734694,0.0979592,0.122449,0.146939,0.171429,0.195918,0.220408,0.244898,0.269388,0.293878,0.318367,0.342857,0.367347,0.391837,0.416327,0.440816,0.465306,0.489796,0.514286,0.538776,0.563265,0.587755,0.612245,0.636735,0.661225,0.685714,0.710204,0.734694,0.759184,0.783674,0.808163,0.832653,0.857143,0.881633,0.906123,0.930612,0.955102,0.979592,1.00408,1.02857,1.05306,1.07755,1.10204,1.12653,1.15102,1.17551,1.2
VALUES
0,0,0,0,0,0,0,0,0,0,0,0,0,0,0,0,0,0,0,0,0,0,0,0,0,0,0,0,0,0,0,0,0,0,0,0,0,0,0,0,0,0,0,0,0,0,0,0,0,0
0,0.852109,0.39996,0.604995,0.500688,0.571133,0.525482,0.564002,0.539312,0.564121,0.549009,0.567108,0.55712,0.571187,0.564512,0.575733,0.571469,0.580508,0.578102,0.585419,0.584467,0.590417,0.590571,0.595436,0.596411,0.600439,0.602023,0.605445,0.607463,0.610424,0.612685,0.615292,0.617736,0.620358,0.624063,0.629985,0.600601,0.68214,0.537967,0.788318,0.409552,0.971364,0.178563,1.27937,-0.227858,1.85418,-1.07796,3.30968,-4.96527,50
1.14479,1.10093,0.973577,1.15868,1.0103,1.13304,1.05051,1.12359,1.07695,1.1254,1.09625,1.13206,1.11262,1.1406,1.12757,1.14994,1.14163,1.15968,1.15501,1.16964,1.16785,1.17975,1.18014,1.18989,1.19189,1.19997,1.20318,1.21005,1.21412,1.22006,1.22461,1.22985,1.23475,1.23999,1.24736,1.25983,1.19974,1.36478,1.07365,1.57812,0.815792,1.94563,0.352265,2.56378,-0.463468,3.71781,-2.17143,6.64827,-9.7325,52.0134
1.64736,1.61706,1.50298,1.69862,1.5283,1.6853,1.57748,1.67883,1.61421,1.68428,1.64258,1.69534,1.66716,1.70871,1.68973,1.72309,1.71097,1.73794,1.73119,1.75308,1.75055,1.7684,1.7691,1.78372,1.78682,1.79895,1.80383,1.81415,1.8203,1.82924,1.83611,1.84398,1.85136,1.85921,1.87018,1.88981,1.79778,2.04807,1.60758,2.36932,1.21954,2.92226,0.522564,3.85162,-0.703463,5.5855,-3.26823,9.96974,-13.8766,53.0201
1.64736,2.34523,1.98618,2.23395,2.05342,2.22895,2.10759,2.23014,2.152,2.24119,2.1887,2.25742,2.22131,2.27597,2.25148,2.29559,2.27994,2.31571,2.30703,2.33612,2.33297,2.35672,2.35781,2.37729,2.38153,2.39771,2.40429,2.41806,2.42633,2.43826,2.44747,2.45798,2.46785,2.47829,2.49281,2.52016,2.39509,2.73214,2.14022,3.16181,1.62157,3.90073,0.690822,5.1414,-0.944667,7.45219,-4.35664,13.2356,-17.4476,53.0201
2.67944,2.65438,2.55447,2.7518,2.58576,2.76577,2.64108,2.7783,2.69093,2.79663,2.73517,2.8187,2.77558,2.84278,2.81329,2.86782,2.84895,2.89333,2.88292,2.9191,2.91545,2.94505,2.94659,2.97091,2.97633,2.99655,3.00486,3.02208,3.03247,3.04741,3.05896,3.07212,3.08448,3.0975,3.1155,3.15109,2.99199,3.41711,2.67202,3.95551,2.02258,4.88055,0.858316,6.43169,-1.18411,9.31309,-5.42586,16.4182,-20.5312,55.0336
3.19374,3.17761,3.07793,3.27166,3.1223,3.29818,3.17754,3.3243,3.23132,3.35111,3.28248,3.3796,3.33042,3.4095,3.37555,3.44014,3.41836,3.47114,3.45918,3.50234,3.4983,3.53368,3.53575,3.56486,3.57151,3.59574,3.60582,3.62648,3.63901,3.65694,3.67085,3.68665,3.7015,3.71708,3.7385,3.78281,3.58877,4.10307,3.20342,4.75032,2.42326,5.86126,1.02623,7.72118,-1.41904,11.1638,-6.46631,19.4979,-23.1814,56.0403
3.19374,3.89034,3.57043,3.79131,3.66224,3.82859,3.71624,3.86923,3.77335,3.90514,3.83099,3.9405,3.88619,3.97648,3.93861,4.01287,3.9885,4.04945,4.03615,4.08614,4.08182,4.1229,4.12555,4.15942,4.16733,4.19556,4.2074,4.23149,4.24616,4.26709,4.28335,4.30179,4.31912,4.33725,4.36201,4.41552,4.18573,4.79013,3.73478,5.54615,2.82421,6.84244,1.19567,9.00864,-1.64691,13.0004,-7.46973,22.4617,-25.4318,56.0403
4.21908,4.21472,4.14912,4.29684,4.20514,4.35944,4.25635,4.41414,4.31713,4.45924,4.38101,4.50176,4.44324,4.54403,4.50279,4.58629,4.55967,4.62853,4.61408,4.67075,4.66626,4.71295,4.71626,4.75483,4.76403,4.79623,4.80986,4.83735,4.85417,4.87807,4.8967,4.91776,4.93757,4.95821,4.98624,5.04937,4.78311,5.47839,4.26649,6.34293,3.226,7.82368,1.36765,10.293,-1.86541,14.8192,-8.42926,25.3021,-27.3493,58.0537
4.67261,4.69975,4.71188,4.80572,4.74674,4.89322,4.79718,4.95995,4.86272,5.01387,4.93279,5.06372,5.00185,5.11244,5.06839,5.16068,5.13215,5.20863,5.19324,5.25642,5.25188,5.30408,5.30811,5.35132,5.36184,5.39796,5.41338,5.44426,5.46323,5.49009,5.51108,5.53475,5.55702,5.58015,5.61137,5.68452,5.38116,6.16791,4.79886,7.14057,3.62919,8.80461,1.54312,11.5731,-2.07246,16.6172,-9.33935,28.0157,-28.9729,59.0604
5.18032,5.21783,5.25372,5.32797,5.28333,5.43177,5.33845,5.50729,5.41022,5.56946,5.48656,5.6267,5.56227,5.68199,5.63564,5.73629,5.70618,5.79001,5.77387,5.84337,5.8389,5.8965,5.90129,5.94908,5.96095,6.00096,6.01818,6.05242,6.07353,6.10333,6.12667,6.15294,6.17766,6.20326,6.23758,6.32111,5.9801,6.85877,5.33221,7.939,4.03425,9.78489,1.72293,12.8481,-2.26619,18.3917,-10.1957,30.6018,-30.3308,60.0671
5.69946,5.7404,5.77856,5.86755,5.81366,5.97574,5.88035,6.05658,5.9598,6.12638,6.04249,6.191,6.12472,6.25292,6.20478,6.31334,6.28197,6.37285,6.35616,6.43181,6.42752,6.49041,6.49602,6.54832,6.56155,6.6054,6.62443,6.662,6.68525,6.71797,6.74364,6.77248,6.79964,6.82768,6.86503,6.95928,6.58013,7.55104,5.86683,8.73814,4.44165,10.7642,1.90788,14.1172,-2.44495,20.1405,-10.9952,33.0624,-31.456,61.0738
6.23621,6.27082,6.28298,6.42469,6.3393,6.52443,6.42354,6.608,6.51164,6.68494,6.60077,6.75688,6.68941,6.82547,6.77601,6.89205,6.85972,6.95737,6.94032,7.02193,7.01791,7.08597,7.09247,7.1492,7.16381,7.21146,7.23229,7.27315,7.29853,7.33414,7.36214,7.39354,7.42311,7.45356,7.49385,7.59914,7.18145,8.24477,6.40299,9.53794,4.8518,11.7422,2.09869,15.3797,-2.6073,21.8616,-11.7358,35.4011,-32.3773,62.0805
6.84391,6.85063,6.75918,6.99456,6.8646,7.07616,6.96895,7.16161,7.06595,7.24543,7.16154,7.32458,7.2565,7.39984,7.34952,7.47259,7.43962,7.54375,7.52652,7.6139,7.61026,7.68337,7.69079,7.75187,7.76789,7.81928,7.84191,7.88604,7.91353,7.95201,7.98232,8.01625,8.04821,8.08103,8.12417,8.24079,7.78423,8.94001,6.94094,10.3383,5.26511,12.7187,2.29602,16.6348,-2.752,23.5537,-12.4161,37.6228,-33.1206,63.0872
6.84391,7.60947,7.21842,7.56409,7.39556,7.62897,7.51754,7.71742,7.62292,7.80808,7.72495,7.89434,7.82615,7.97623,7.92546,8.05517,8.02183,8.13214,8.11492,8.20786,8.2047,8.28273,8.29113,8.35649,8.37392,8.42901,8.45343,8.50078,8.53038,8.57169,8.60429,8.64074,8.67507,8.71023,8.75613,8.88434,8.38863,9.63682,7.48089,11.1393,5.68193,13.6934,2.50045,17.882,-2.878,25.2156,-13.0358,39.7331,-33.7002,63.0872
7.47597,8.11501,7.7513,8.11511,7.93726,8.18149,8.06998,8.27548,8.18274,8.37311,8.29112,8.46635,8.39849,8.55482,8.50397,8.63992,8.60648,8.72269,8.70565,8.80398,8.80139,8.88422,8.89363,8.96319,8.98203,9.04077,9.06697,9.11751,9.14919,9.19331,9.22819,9.26711,9.30379,9.34126,9.38984,9.52987,8.9948,10.3352,8.02307,11.9407,6.10258,14.6661,2.71252,19.1208,-2.98445,26.8467,-13.595,41.7385,-34.1453,64.094
8.49655,8.48831,8.33493,8.64916,8.49047,8.73355,8.62657,8.83594,8.74553,8.94071,8.86018,9.04079,8.97366,9.13577,9.08519,9.227,9.19372,9.31556,9.29884,9.40237,9.40044,9.48794,9.4984,9.57208,9.59235,9.65468,9.68265,9.73634,9.77008,9.81698,9.85411,9.89548,9.93449,9.97423,10.0254,10.1775,9.60288,11.0353,8.56767,12.7425,6.52738,15.6366,2.93271,20.3509,-3.07063,28.4463,-14.0946,43.6456,-34.4886,66.1074
8.49655,9.12399,8.90244,9.17785,9.05267,9.2861,9.18718,9.39905,9.31139,9.51106,9.43222,9.61783,9.55175,9.71923,9.66923,9.81654,9.78366,9.91086,9.89461,10.0032,10.002,10.094,10.1056,10.1833,10.205,10.2708,10.3006,10.3574,10.3932,10.4428,10.4821,10.5259,10.5672,10.6092,10.6629,10.8272,10.213,11.737,9.11487,13.5447,6.95659,16.6047,3.16143,21.5718,-3.13601,30.0144,-14.5358,45.4613,-34.7289,66.1074
9.4886,9.52559,9.50345,9.7049,9.62049,9.8407,9.75143,9.9651,9.88041,10.0843,10.0074,10.1976,10.1329,10.3053,10.2562,10.4087,10.3764,10.5087,10.4931,10.6064,10.6061,10.7025,10.7152,10.7969,10.82,10.8893,10.9208,10.9807,11.0185,11.0708,11.1124,11.1586,11.2022,11.2463,11.3024,11.4791,10.8253,12.4405,9.66483,14.3472,7.39047,17.5702,3.39907,22.7834,-3.1802,31.5508,-14.92,47.1922,-34.8877,68.1208
9.97686,10.0419,10.088,10.2412,10.1901,10.399,10.3189,10.5344,10.4526,10.6606,10.5857,10.7802,10.7171,10.8942,10.8462,11.0035,10.972,11.1092,11.0943,11.2123,11.2128,11.3136,11.3274,11.4129,11.4375,11.5103,11.5435,11.6064,11.6462,11.7012,11.7449,11.7935,11.8393,11.8857,11.9441,12.1333,11.4398,13.1457,10.2177,15.15,7.82925,18.533,3.64594,23.9854,-3.20292,33.0559,-15.2492,48.8448,-34.9759,69.1275
10.5179,10.5904,10.6533,10.7917,10.759,10.9624,10.8892,11.1072,11.0281,11.24,11.1673,11.3658,11.3046,11.4859,11.4392,11.6011,11.5706,11.7124,11.6984,11.8209,11.8224,11.9273,11.9423,12.0316,12.0576,12.1337,12.1687,12.2345,12.2763,12.3339,12.3798,12.4307,12.4787,12.5272,12.5879,12.7898,12.0566,13.8526,10.7736,15.9531,8.27313,19.493,3.90235,25.1776,-3.20405,34.5301,-15.5254,50.4254,-34.9963,70.1342
11.0878,11.1565,11.2025,11.3567,11.3265,11.5314,11.4621,11.6837,11.6069,11.8227,11.7522,11.9545,11.8953,12.0806,12.0355,12.2016,12.1723,12.3184,12.3054,12.4322,12.4347,12.5437,12.5599,12.6529,12.6804,12.7598,12.7964,12.8651,12.9089,12.9691,13.0172,13.0704,13.1206,13.1711,13.2339,13.4487,12.6759,14.5613,11.3327,16.7564,8.72231,20.45,4.16852,26.3601,-3.18353,35.9738,-15.7508,51.9398,-34.9576,71.1409
11.7087,11.7616,11.7398,11.9328,11.8935,12.1063,12.0377,12.2639,12.1891,12.4086,12.3406,12.5464,12.4893,12.6783,12.6349,12.8051,12.777,12.9274,12.9155,13.0464,13.05,13.1629,13.1803,13.2769,13.3058,13.3884,13.4268,13.4984,13.5441,13.6069,13.657,13.7124,13.7648,13.8174,13.8823,14.1099,13.2978,15.2718,11.8951,17.5599,9.17696,21.404,4.44467,27.5326,-3.14143,37.3878,-15.9278,53.3937,-34.8677,72.1477
11.7087,12.4676,12.2794,12.5143,12.4614,12.6866,12.6162,12.848,12.7749,12.998,12.9325,13.1414,13.0868,13.2792,13.2377,13.4116,13.385,13.5393,13.5285,13.6635,13.6682,13.7849,13.8036,13.9037,13.934,14.0198,14.0598,14.1343,14.1819,14.2472,14.2994,14.357,14.4115,14.4662,14.533,14.7736,13.9222,15.9841,12.4609,18.3635,9.63721,22.3549,4.73097,28.6954,-3.0779,38.7728,-16.0585,54.7922,-34.7261,72.1477
12.8378,12.8877,12.8664,13.0966,13.0317,13.2718,13.1979,13.4358,13.3643,13.5907,13.5279,13.7398,13.6877,13.8833,13.8437,14.0212,13.9961,14.1542,14.1447,14.2835,14.2894,14.4098,14.4297,14.5333,14.5651,14.6539,14.6956,14.7728,14.8223,14.8901,14.9443,15.0042,15.0607,15.1174,15.1861,15.4397,14.5493,16.6982,13.0302,19.1673,10.1032,23.3025,5.02757,29.8483,-2.99317,40.1297,-16.1456,56.1404,-34.5527,74.1611
13.3584,13.427,13.4442,13.6852,13.605,13.8612,13.7833,14.0271,13.9574,14.1869,14.1269,14.3415,14.292,14.4906,14.4532,14.634,14.6105,14.7723,14.7641,14.9065,14.9136,15.0376,15.0588,15.1657,15.199,15.2909,15.3341,15.4141,15.4654,15.5356,15.5919,15.6539,15.7125,15.7711,15.8416,16.1084,15.1791,17.4142,13.603,19.9712,10.5751,24.2468,5.33458,30.9914,-2.88752,41.4594,-16.1912,57.4428,-34.3524,75.1678
13.9845,14.0402,14.0002,14.2822,14.1821,14.4542,14.3727,14.6221,14.5543,14.7866,14.7296,14.9466,14.8999,15.1012,15.066,15.25,15.2283,15.3934,15.3866,15.5326,15.5409,15.6685,15.6909,15.8011,15.8357,15.9306,15.9755,16.0581,16.1113,16.1839,16.2421,16.3063,16.3669,16.4274,16.4996,16.7795,15.8117,18.132,14.1795,20.7752,11.0529,25.1879,5.6521,32.1249,-2.7613,42.7627,-16.1978,58.7039,-34.1228,76.1745
13.9845,14.7717,14.5439,14.884,14.7646,15.0499,14.9666,15.2204,15.1552,15.3898,15.336,15.5552,15.5113,15.7152,15.6823,15.8692,15.8493,16.0177,16.0123,16.1618,16.1714,16.3023,16.326,16.4394,16.4754,16.5733,16.6197,16.705,16.7599,16.8349,16.8951,16.9613,17.0239,17.0863,17.1602,17.4532,16.4471,18.8516,14.7597,21.5793,11.5369,26.1255,5.98018,33.2489,-2.61491,44.0408,-16.1676,59.9274,-33.861,76.1745
15.2526,15.2705,15.1181,15.4839,15.3542,15.6479,15.5652,15.822,15.7601,15.9965,15.9461,16.1673,16.1263,16.3326,16.302,16.4917,16.4737,16.6452,16.6413,16.7941,16.8049,16.9391,16.9641,17.0807,17.1181,17.2188,17.2668,17.3547,17.4114,17.4886,17.5508,17.6191,17.6836,17.7478,17.8232,18.1294,17.0853,19.5731,15.3437,22.3834,12.0269,27.0598,6.31887,34.3635,-2.4488,45.2945,-16.1029,61.1169,-33.5832,78.1879
15.2526,15.9925,15.692,16.0804,15.9519,16.2479,16.1687,16.427,16.369,16.6067,16.5599,16.7829,16.7448,16.9534,16.9252,17.1176,17.1014,17.276,17.2736,17.4295,17.4417,17.5791,17.6054,17.7249,17.7638,17.8672,17.9168,18.0072,18.0656,18.1452,18.2092,18.2795,18.346,18.412,18.4889,18.8082,17.7265,20.2964,15.9315,23.1876,12.5232,27.9907,6.6682,35.469,-2.26343,46.525,-16.0058,62.2759,-33.2859,78.1879
15.817,16.571,16.306,16.6703,16.5577,16.8499,16.777,17.0353,16.9819,17.2206,17.1774,17.402,17.367,17.5776,17.5519,17.7468,17.7326,17.91,17.9091,18.0681,18.0816,18.2221,18.2497,18.3722,18.4124,18.5186,18.5697,18.6626,18.7227,18.8045,18.8704,18.9427,19.011,19.0788,19.1571,19.4895,18.3706,21.0216,16.5232,23.9919,13.0257,28.9181,7.02818,36.5654,-2.05932,47.7333,-15.8784,63.4074,-32.971,79.1946
16.9355,16.9937,16.9551,17.257,17.1705,17.4544,17.3902,17.6471,17.5988,17.8381,17.7987,18.0248,17.9927,18.2053,18.1821,18.3794,18.3671,18.5472,18.548,18.7099,18.7248,18.8682,18.8971,19.0225,19.0641,19.173,19.2255,19.3209,19.3827,19.4667,19.5344,19.6086,19.6788,19.7483,19.828,20.1735,19.0176,21.7487,17.1189,24.7961,13.5346,29.8421,7.3988,37.653,-1.83699,48.9202,-15.7227,64.5141,-32.6534,81.2081
17.4546,17.5467,17.5926,17.8484,17.7886,18.0619,18.0078,18.2624,18.2198,18.4592,18.4237,18.6511,18.6221,18.8366,18.8158,19.0153,19.0051,19.1878,19.1901,19.3549,19.3711,19.5175,19.5477,19.6759,19.7188,19.8303,19.8843,19.9821,20.0455,20.1316,20.2012,20.2773,20.3493,20.4205,20.5014,20.86,19.6677,22.4775,17.7184,25.6004,14.0498,30.7626,7.78004,38.7321,-1.597,50.0869,-15.5405,65.5986,-32.3289,82.2148
18.0589,18.1549,18.2112,18.4486,18.4105,18.6729,18.6298,18.8813,18.8446,19.0841,19.0525,19.2811,19.2551,19.4713,19.453,19.6547,19.6464,19.8316,19.8356,20.0031,20.0207,20.1699,20.2014,20.3323,20.3766,20.4906,20.5461,20.6462,20.7112,20.7995,20.8708,20.9488,21.0226,21.0954,21.1775,21.5491,20.3208,23.2083,18.322,26.4048,14.5714,31.6797,8.17187,39.8028,-1.33989,51.2342,-15.3336,66.6633,-31.9929,83.2215
18.726,18.8117,18.8158,19.0575,19.0355,19.288,19.2559,19.504,19.4733,19.7127,19.6849,19.9147,19.8916,20.1096,20.0937,20.2975,20.2912,20.4788,20.4844,20.6545,20.6735,20.8254,20.8582,20.9918,21.0374,21.154,21.2108,21.3132,21.3798,21.4702,21.5432,21.6231,21.6986,21.7731,21.8563,22.2408,20.9769,23.9409,18.9296,27.2091,15.0994,32.5934,8.57424,40.8653,-1.06626,52.3631,-15.1038,67.7101,-31.6467,84.2282
18.726,19.5484,19.4218,19.672,19.6635,19.9074,19.8858,20.1306,20.1058,20.3451,20.321,20.552,20.5318,20.7514,20.7379,20.9437,20.9394,21.1293,21.1365,21.3092,21.3295,21.4841,21.5182,21.6544,21.7012,21.8203,21.8785,21.9832,22.0514,22.1437,22.2184,22.3002,22.3773,22.4534,22.5377,22.935,21.636,24.6753,19.5411,28.0135,15.6338,33.5036,8.98711,41.92,-0.776673,53.4745,-14.8526,68.7408,-31.2853,84.2282
19.96,20.0439,20.0614,20.2895,20.2947,20.5314,20.5193,20.7613,20.742,20.9813,20.9608,21.1929,21.1756,21.3967,21.3856,21.5933,21.591,21.7831,21.792,21.9671,21.9888,22.146,22.1813,22.3201,22.3682,22.4896,22.5492,22.656,22.7258,22.8201,22.8965,22.98,23.0589,23.1365,23.2218,23.6319,22.2982,25.4115,20.1568,28.8179,16.1746,34.4105,9.41043,42.9669,-0.471713,54.5693,-14.5815,69.7571,-30.921,86.2416
20.5148,20.6255,20.7028,20.9121,20.9287,21.1601,21.1564,21.396,21.3818,21.6213,21.6043,21.8374,21.8229,22.0455,22.0368,22.2463,22.246,22.4403,22.4507,22.6282,22.6513,22.811,22.8475,22.9888,23.0381,23.1619,23.2228,23.3319,23.4031,23.4994,23.5774,23.6627,23.7432,23.8223,23.9085,24.3313,22.9634,26.1496,20.7764,29.6223,16.7218,35.314,9.84411,44.0064,-0.151965,55.6484,-14.2919,70.7605,-30.5553,87.2483
21.1265,21.2434,21.3375,21.5417,21.5654,21.7936,21.7969,22.0349,22.0253,22.2652,22.2513,22.4857,22.4738,22.6979,22.6915,22.9028,22.9044,23.1008,23.1128,23.2926,23.317,23.4791,23.5169,23.6606,23.7112,23.8372,23.8995,24.0106,24.0833,24.1815,24.2611,24.3481,24.4302,24.5109,24.5979,25.0333,23.6317,26.8895,21.4002,30.4268,17.2755,36.2141,10.2881,45.0387,0.181991,56.7125,-13.9851,71.7523,-30.183,88.255
21.7752,21.8873,21.9646,22.1784,22.205,22.4319,22.4407,22.678,22.6723,22.9129,22.902,23.1375,23.1283,23.3538,23.3497,23.5626,23.5662,23.7645,23.7781,23.9602,23.986,24.1504,24.1894,24.3354,24.3873,24.5155,24.5791,24.6923,24.7664,24.8665,24.9477,25.0363,25.12,25.2022,25.29,25.7378,24.3031,27.6313,22.0279,31.2313,17.8355,37.1109,10.7423,46.064,0.529578,57.7624,-13.6624,72.7338,-29.8048,89.2617
22.4694,22.5693,22.5874,22.8206,22.8477,23.0748,23.0878,23.3253,23.3229,23.5644,23.5563,23.793,23.7863,24.0132,24.0114,24.2259,24.2313,24.4316,24.4468,24.631,24.6581,24.8249,24.8651,25.0134,25.0664,25.1968,25.2616,25.3768,25.4524,25.5543,25.6371,25.7274,25.8126,25.8962,25.9847,26.4449,24.9776,28.3748,22.6598,32.0358,18.4019,38.0044,11.2067,47.0825,0.890222,58.7989,-13.325,73.706,-29.4211,90.2685
22.4694,23.3204,23.2168,23.466,23.4939,23.7224,23.7382,23.9768,23.977,24.2197,24.2141,24.4521,24.4478,24.6761,24.6764,24.8926,24.8999,25.102,25.1187,25.305,25.3334,25.5024,25.5439,25.6943,25.7485,25.8811,25.9471,26.0643,26.1413,26.245,26.3293,26.4212,26.508,26.5929,26.6821,27.1546,25.6551,29.1202,23.2957,32.8404,18.9746,38.8947,11.6811,48.0945,1.26336,59.8226,-12.9738,74.6699,-29.0268,90.2685
23.7544,23.8494,23.8767,24.1129,24.1438,24.3745,24.3918,24.6325,24.6346,24.8789,24.8756,25.1148,25.1129,25.3425,25.3449,25.5626,25.5717,25.7757,25.7939,25.9823,26.012,26.1831,26.2257,26.3783,26.4337,26.5684,26.6356,26.7548,26.8331,26.9385,27.0243,27.1177,27.206,27.2923,27.3821,27.8668,26.3358,29.8673,23.9356,33.645,19.5537,39.7817,12.1655,49.1001,1.64843,60.8343,-12.61,75.6264,-28.6323,92.2819
24.3353,24.4563,24.5402,24.7633,24.7972,25.0312,25.0487,25.2923,25.2957,25.5418,25.5406,25.7811,25.7814,26.0123,26.0169,26.236,26.2469,26.4527,26.4723,26.6627,26.6937,26.8669,26.9107,27.0654,27.1219,27.2586,27.327,27.448,27.5277,27.6348,27.7221,27.8171,27.9069,27.9944,28.0848,28.5815,27.0194,30.6163,24.5796,34.4497,20.1391,40.6656,12.6599,50.0996,2.04489,61.8345,-12.2343,76.5762,-28.2389,93.2886
24.9719,25.0988,25.199,25.4192,25.4538,25.6924,25.7089,25.9562,25.9603,26.2084,26.2091,26.451,26.4535,26.6856,26.6922,26.9128,26.9254,27.1329,27.154,27.3463,27.3785,27.5538,27.5987,27.7555,27.8131,27.9517,28.0213,28.1442,28.2252,28.334,28.4227,28.5192,28.6104,28.6993,28.7902,29.2987,27.7062,31.367,25.2276,35.2545,20.7307,41.5463,13.164,51.0931,2.45221,62.8238,-11.8477,77.52,-27.8414,94.2953
25.6457,25.7678,25.8518,26.0812,26.1133,26.358,26.3724,26.624,26.6284,26.8787,26.8812,27.1243,27.129,27.3623,27.3708,27.5929,27.6072,27.8163,27.8389,28.033,28.0665,28.2437,28.2898,28.4485,28.5073,28.6478,28.7186,28.8433,28.9255,29.0359,29.126,29.224,29.3166,29.4068,29.4981,30.0184,28.396,32.1195,25.8797,36.0593,21.3285,42.4238,13.6779,52.0808,2.86985,63.8029,-11.451,78.4586,-27.44,95.302
26.3618,26.4731,26.5013,26.7486,26.7759,27.0279,27.0393,27.2958,27.3001,27.5527,27.5568,27.8012,27.8079,28.0424,28.0529,28.2763,28.2923,28.503,28.5269,28.7229,28.7576,28.9367,28.984,29.1446,29.2044,29.3469,29.4187,29.5452,29.6287,29.7407,29.8322,29.9316,30.0256,30.117,30.2088,30.7406,29.0888,32.8738,26.5357,36.8643,21.9325,43.2983,14.2015,53.0629,3.29731,64.7722,-11.0449,79.3924,-27.0348,96.3087
26.3618,27.2393,27.1564,27.4202,27.4416,27.7021,27.7097,27.9713,27.9753,28.2302,28.2359,28.4815,28.4902,28.7259,28.7382,28.963,28.9806,29.1929,29.2182,29.4159,29.4518,29.6328,29.6811,29.8436,29.9045,30.0488,30.1217,30.2499,30.3347,30.4482,30.541,30.6419,30.7373,30.8299,30.922,31.4652,29.7847,33.6297,27.1957,37.6693,22.5427,44.1698,14.7346,54.0396,3.73408,65.7322,-10.63,80.3219,-26.6207,96.3087
27.6955,27.7997,27.8359,28.095,28.1104,28.3804,28.3836,28.6504,28.6542,28.9112,28.9185,29.1653,29.1759,29.4127,29.4269,29.653,29.6721,29.886,29.9126,30.1121,30.1491,30.3319,30.3813,30.5456,30.6075,30.7536,30.8276,30.9575,31.0434,31.1585,31.2527,31.3548,31.4516,31.5454,31.6378,32.1923,30.4836,34.3875,27.8597,38.4745,23.1589,45.0383,15.2772,55.011,4.17966,66.6834,-10.2071,81.2475,-26.2069,98.3221
28.3021,28.4306,28.5165,28.775,28.7823,29.0626,29.0612,29.3331,29.3366,29.5957,29.6045,29.8525,29.865,30.1029,30.1188,30.3463,30.3669,30.5823,30.6101,30.8113,30.8494,31.0339,31.0844,31.2505,31.3135,31.4614,31.5363,31.6679,31.755,31.8716,31.967,32.0705,32.1686,32.2636,32.3563,32.9219,31.1855,35.1469,28.5276,39.2798,23.7811,45.9039,15.8292,55.9772,4.6336,67.6262,-9.77666,82.1698,-25.7949,99.3289
28.9667,29.0974,29.19,29.4613,29.4574,29.7484,29.7425,30.0192,30.0227,30.2836,30.294,30.5431,30.5574,30.7965,30.814,31.0427,31.0648,31.2817,31.3108,31.5135,31.5528,31.739,31.7906,31.9584,32.0224,32.1719,32.2479,32.3811,32.4693,32.5874,32.684,32.7889,32.8882,32.9844,33.0773,33.6538,31.8904,35.9081,29.1994,40.0852,24.4093,46.7665,16.3906,56.9383,5.09541,68.5611,-9.33923,83.0889,-25.3795,100.336
29.6782,29.7969,29.8539,30.1539,30.1359,30.4377,30.4277,30.7087,30.7124,30.9749,30.987,31.237,31.2531,31.4933,31.5124,31.7424,31.7659,31.9842,32.0145,32.2188,32.2592,32.4471,32.4996,32.6692,32.7341,32.8853,32.9623,33.097,33.1864,33.3059,33.4038,33.5099,33.6105,33.7077,33.8008,34.3882,32.5982,36.671,29.8751,40.8908,25.0435,47.6263,16.9612,57.8946,5.56465,69.4884,-8.89531,84.0054,-24.9607,101.342
30.4518,30.5477,30.5106,30.8514,30.8183,31.1301,31.1169,31.4014,31.4057,31.6696,31.6834,31.9343,31.9521,32.1933,32.214,32.4453,32.4701,32.6898,32.7213,32.9272,32.9686,33.1581,33.2116,33.3828,33.4487,33.6015,33.6795,33.8157,33.9062,34.0271,34.1262,34.2335,34.3354,34.4337,34.527,35.1249,33.3091,37.4356,30.5547,41.6966,25.6834,48.4833,17.541,58.846,6.04087,70.4085,-8.44534,84.9193,-24.5386,102.349
30.4518,31.3887,31.1712,31.5507,31.5054,31.8253,31.8101,32.0972,32.1027,32.3675,32.3831,32.6348,32.6544,32.8966,32.9188,33.1513,33.1774,33.3985,33.4312,33.6385,33.681,33.872,33.9265,34.0993,34.1661,34.3205,34.3994,34.5371,34.6287,34.7509,34.8512,34.9598,35.0629,35.1622,35.2556,35.864,34.0229,38.2019,31.238,42.5025,26.3292,49.3375,18.1299,59.7927,6.52366,71.3217,-7.98973,85.831,-24.1081,102.349
31.1161,32.0766,31.8609,32.2494,32.1975,32.5232,32.5075,32.7961,32.8032,33.0687,33.0862,33.3387,33.3599,33.6032,33.6267,33.8605,33.8878,34.1103,34.144,34.3528,34.3963,34.5888,34.6443,34.8186,34.8863,35.0423,35.1221,35.2613,35.3539,35.4775,35.5789,35.6887,35.793,35.8933,35.9868,36.6054,34.7396,38.9698,31.9252,43.3086,26.9808,50.189,18.7278,60.7346,7.01259,72.2284,-7.52887,86.7406,-23.6728,103.356
32.5318,32.6161,32.5759,32.9478,32.8947,33.2235,33.209,33.498,33.5074,33.7732,33.7926,34.0458,34.0685,34.3129,34.3377,34.5728,34.6012,34.8251,34.8599,35.07,35.1145,35.3085,35.3649,35.5407,35.6094,35.7668,35.8476,35.9881,36.0818,36.2066,36.3092,36.4202,36.5257,36.627,36.7205,37.3492,35.4592,39.7394,32.6162,44.115,27.638,51.0379,19.3347,61.6721,7.50727,73.1288,-7.06307,87.6485,-23.2425,105.369
33.1434,33.2592,33.2887,33.6482,33.5972,33.9261,33.9146,34.2029,34.215,34.4808,34.5023,34.7561,34.7804,35.0258,35.0519,35.2881,35.3177,35.5428,35.5787,35.7902,35.8356,36.031,36.0884,36.2657,36.3352,36.4941,36.5757,36.7176,36.8123,36.9384,37.0421,37.1542,37.2608,37.3631,37.4566,38.0953,36.1817,40.5107,33.3109,44.9216,28.3008,51.8841,19.9505,62.6049,8.00731,74.0232,-6.59267,88.5548,-22.8136,106.376
33.8503,33.9642,33.991,34.3518,34.3048,34.631,34.6242,34.9108,34.9262,35.1917,35.2152,35.4696,35.4953,35.7418,35.769,36.0065,36.0371,36.2635,36.3004,36.5132,36.5596,36.7564,36.8147,36.9934,37.0637,37.2241,37.3066,37.4498,37.5455,37.6728,37.7776,37.8908,37.9986,38.1018,38.1952,38.8436,36.9071,41.2836,34.0093,45.7284,28.9692,52.7277,20.5751,63.5333,8.51233,74.9119,-6.11794,89.4596,-22.3814,107.383
34.6342,34.732,34.6844,35.0583,35.0174,35.3382,35.3379,35.6216,35.6408,35.9057,35.9313,36.1863,36.2134,36.4609,36.4892,36.7279,36.7595,36.9872,37.0251,37.2392,37.2865,37.4846,37.5437,37.7239,37.795,37.9568,38.0401,38.1846,38.2812,38.4098,38.5156,38.63,38.7388,38.843,38.9363,39.5942,37.6354,42.0581,34.7114,46.5354,29.6431,53.5688,21.2085,64.4572,9.02197,75.7951,-5.63914,90.3633,-21.9456,108.389
34.6342,35.5875,35.38,35.7656,35.7352,36.0477,36.0553,36.3355,36.3587,36.6229,36.6506,36.9061,36.9345,37.183,37.2124,37.4523,37.4849,37.7138,37.7526,37.968,38.0162,38.2155,38.2756,38.4571,38.529,38.6921,38.7763,38.922,39.0196,39.1493,39.2561,39.3716,39.4815,39.5866,39.6798,40.3471,38.3665,42.8343,35.4172,47.3428,30.3224,54.4075,21.8506,65.3766,9.53588,76.673,-5.15649,91.2657,-21.5017,108.389
35.3041,36.3017,36.1014,36.4718,36.4581,36.7597,36.7765,37.0524,37.0798,37.3432,37.373,37.629,37.6587,37.9083,37.9386,38.1797,38.2132,38.4433,38.483,38.6996,38.7486,38.9493,39.0101,39.193,39.2657,39.4301,39.5151,39.6621,39.7605,39.8914,39.9992,40.1158,40.2267,40.3326,40.4258,41.1022,39.1004,43.612,36.1266,48.1504,31.007,55.2437,22.5014,66.2915,10.0537,77.5458,-4.67022,92.167,-21.0528,109.396
36.7772,36.8709,36.8482,37.1773,37.1856,37.4744,37.5012,37.7724,37.8042,38.0667,38.0984,38.355,38.3859,38.6365,38.6677,38.91,38.9443,39.1756,39.2162,39.434,39.4839,39.6857,39.7474,39.9315,40.0051,40.1707,40.2565,40.4047,40.504,40.636,40.7448,40.8624,40.9743,41.0811,41.1741,41.8595,39.8371,44.3914,36.8395,48.9583,31.697,56.0775,23.1608,67.2019,10.5751,78.4138,-4.18051,93.0674,-20.6079,111.409
37.3943,37.5285,37.5988,37.8843,37.9171,38.192,38.2293,38.4956,38.5317,38.7933,38.8269,39.0841,39.116,39.3677,39.3997,39.6432,39.6783,39.9108,39.9522,40.1712,40.2219,40.4249,40.4874,40.6727,40.747,40.9139,41.0005,41.1498,41.25,41.383,41.4929,41.6114,41.7243,41.832,41.9248,42.619,40.5765,45.1723,37.556,49.7666,32.3921,56.9089,23.8287,68.1078,11.0998,79.277,-3.68752,93.967,-20.164,112.416
38.0766,38.2269,38.3469,38.5948,38.6521,38.9128,38.9604,39.2219,39.2622,39.523,39.5583,39.8163,39.8491,40.1019,40.1346,40.3793,40.4152,40.6488,40.691,40.9111,40.9626,41.1667,41.2301,41.4165,41.4916,41.6596,41.747,41.8975,41.9985,42.1326,42.2434,42.3629,42.4767,42.5853,42.6779,43.3807,41.3188,45.9548,38.276,50.5752,33.0924,57.7381,24.5051,69.0092,11.6275,80.1357,-3.19141,94.8659,-19.7165,113.423
38.7867,38.9456,39.0911,39.31,39.3898,39.637,39.6945,39.9515,39.9957,40.2558,40.2927,40.5514,40.585,40.839,40.8724,41.1182,41.1548,41.3896,41.4325,41.6537,41.706,41.9112,41.9753,42.163,42.2388,42.408,42.4961,42.6477,42.7495,42.8846,42.9963,43.1168,43.2316,43.341,43.4333,44.1445,42.0637,46.7389,38.9994,51.3842,33.7978,58.565,25.19,69.906,12.1579,80.9901,-2.6923,95.7642,-19.2653,114.43
39.5112,39.6746,39.8326,40.0306,40.1299,40.3649,40.4314,40.6844,40.7321,40.9918,41.03,41.2895,41.3238,41.579,41.6129,41.86,41.8972,42.1331,42.1768,42.399,42.4521,42.6584,42.7232,42.912,42.9886,43.1589,43.2477,43.4003,43.503,43.6391,43.7517,43.8731,43.9888,44.099,44.191,44.9104,42.8113,47.5246,39.7263,52.1935,34.5082,59.3898,25.8832,70.7981,12.6907,81.8403,-2.19031,96.6618,-18.8103,115.436
40.2433,40.4091,40.5729,40.7567,40.8718,41.0966,41.1709,41.4206,41.4713,41.7308,41.7701,42.0306,42.0655,42.3218,42.3563,42.6045,42.6424,42.8793,42.9238,43.147,43.2008,43.4081,43.4737,43.6636,43.7409,43.9122,44.0018,44.1555,44.2589,44.3959,44.5094,44.6318,44.7483,44.8594,44.9511,45.6785,43.5616,48.3118,40.4566,53.0032,35.2235,60.2124,26.5848,71.6855,13.2256,82.6864,-1.68554,97.559,-18.3515,116.443
40.98,41.147,41.3134,41.4882,41.6154,41.8323,41.9129,42.1601,42.2133,42.4728,42.5131,42.7747,42.8099,43.0675,43.1024,43.3518,43.3903,43.6283,43.6734,43.8976,43.9522,44.1604,44.2268,44.4177,44.4957,44.6681,44.7583,44.913,45.0172,45.1552,45.2696,45.3928,45.5102,45.622,45.7134,46.4486,44.3146,49.1005,41.1903,53.8134,35.9437,61.0328,27.2947,72.568,13.7623,83.5286,-1.17808,98.4556,-17.8889,117.45
41.72,41.8878,42.0554,42.2248,42.3605,42.572,42.6572,42.903,42.9579,43.218,43.2588,43.5216,43.5572,43.816,43.8513,44.1018,44.1409,44.3799,44.4257,44.6509,44.7061,44.9153,44.9824,45.1743,45.253,45.4264,45.5173,45.673,45.7779,45.9168,46.0321,46.1561,46.2744,46.387,46.478,47.2209,45.0702,49.8907,41.9273,54.6239,36.6686,61.8513,28.0129,73.4456,14.3007,84.367,-0.667995,99.3518,-17.4224,118.456
42.4627,42.6312,42.7995,42.9663,43.1069,43.3159,43.4038,43.6492,43.7052,43.9661,44.0073,44.2713,44.3071,44.5672,44.6029,44.8545,44.8941,45.1341,45.1805,45.4067,45.4627,45.6727,45.7405,45.9334,46.0128,46.1872,46.2788,46.4353,46.541,46.6807,46.7969,46.9217,47.0409,47.1542,47.2448,47.9951,45.8285,50.6824,42.6676,55.4349,37.3983,62.6677,28.7392,74.3182,14.8404,85.2017,-0.15535,100.248,-16.9519,119.463
43.208,43.3771,43.5461,43.7125,43.8547,44.0639,44.1526,44.3987,44.4551,44.7172,44.7586,45.024,45.0598,45.3212,45.3571,45.6099,45.65,45.8909,45.938,46.1651,46.2217,46.4326,46.5011,46.6949,46.775,46.9503,47.0426,47.2,47.3064,47.447,47.564,47.6897,47.8096,47.9236,48.0139,48.7715,46.5893,51.4757,43.4112,56.2463,38.1326,63.4822,29.4737,75.1857,15.3813,86.0329,0.359812,101.143,-16.4774,120.47
43.9557,44.1255,44.2953,44.4634,44.6038,44.8159,44.9036,45.1515,45.2076,45.4712,45.5125,45.7794,45.8152,46.0779,46.1141,46.3679,46.4085,46.6504,46.6981,46.926,46.9833,47.195,47.2642,47.4589,47.5396,47.7159,47.8088,47.9671,48.0741,48.2156,48.3334,48.4598,48.5806,48.6954,48.7852,49.5498,47.3527,52.2704,44.158,57.0582,38.8715,64.2948,30.2164,76.0479,15.9231,86.8607,0.877447,102.038,-15.9989,121.477
44.7059,44.8763,45.0469,45.2191,45.3542,45.5719,45.6568,45.9075,45.9627,46.2281,46.269,46.5375,46.5732,46.8373,46.8736,47.1286,47.1696,47.4123,47.4607,47.6894,47.7474,47.9599,48.0297,48.2253,48.3066,48.4838,48.5774,48.7365,48.8442,48.9864,49.105,49.2323,49.3538,49.4693,49.5586,50.3301,48.1186,53.0666,44.908,57.8706,39.6149,65.1055,30.9671,76.9047,16.4657,87.6851,1.39753,102.933,-15.5163,122.483
45.4584,45.6293,45.8003,45.9795,46.106,46.3316,46.4123,46.6667,46.7204,46.988,47.0282,47.2984,47.3339,47.5993,47.6358,47.8918,47.9332,48.1768,48.2257,48.4552,48.5139,48.7272,48.7976,48.9941,49.076,49.254,49.3482,49.5082,49.6166,49.7595,49.8789,50.0069,50.1293,50.2453,50.3343,51.1124,48.8871,53.8643,45.6611,58.6835,40.3627,65.9145,31.7258,77.756,17.0087,88.5064,1.92003,103.828,-15.0296,123.49
46.2137,46.3846,46.5548,46.745,46.8592,47.0951,47.17,47.4289,47.4805,47.7506,47.79,48.062,48.0971,48.3639,48.4005,48.6575,48.6994,48.9438,48.9933,49.2236,49.2829,49.4969,49.5679,49.7652,49.8477,50.0266,50.1214,50.2822,50.3912,50.5349,50.655,50.7837,50.9069,51.0236,51.1121,51.8966,49.658,54.6633,46.4174,59.4969,41.1149,66.7217,32.4926,78.6014,17.5521,89.3245,2.44495,104.722,-14.5387,124.497
46.9726,47.1426,47.3092,47.5155,47.6141,47.862,47.9301,48.1941,48.2432,48.5161,48.5544,48.8283,48.863,49.1312,49.1678,49.4258,49.468,49.7133,49.7633,49.9943,50.0542,50.2689,50.3406,50.5387,50.6218,50.8015,50.8969,51.0584,51.168,51.3125,51.4334,51.5628,51.6866,51.804,51.892,52.6828,50.4315,55.4639,47.1767,60.3109,41.8714,67.5273,33.2673,79.441,18.0956,90.1396,2.97228,105.617,-14.0435,125.503
47.7376,47.9047,48.062,48.291,48.371,48.632,48.6925,48.9623,49.0084,49.2843,49.3214,49.5972,49.6314,49.9009,49.9375,50.1966,50.2392,50.4852,50.5358,50.7675,50.828,51.0434,51.1156,51.3145,51.3981,51.5786,51.6747,51.8369,51.9471,52.0923,52.2139,52.3439,52.4685,52.5865,52.6741,53.4709,51.2073,56.2658,47.9391,61.1253,42.632,68.3312,34.0498,80.2745,18.6391,90.9519,3.50203,106.511,-13.544,126.51
48.5135,48.6739,48.812,49.0711,49.13,49.4051,49.4575,49.7332,49.7761,50.0552,50.0908,50.3686,50.4023,50.6732,50.7098,50.9699,51.0127,51.2595,51.3107,51.543,51.6041,51.8201,51.8929,52.0925,52.1768,52.358,52.4546,52.6176,52.7284,52.8742,52.9965,53.1273,53.2526,53.3712,53.4582,54.2609,51.9856,57.0692,48.7045,61.9404,43.3968,69.1336,34.8403,81.1016,19.1824,91.7614,4.03421,107.406,-13.0401,127.517
49.309,49.4568,49.558,49.8552,49.8918,50.1808,50.2249,50.507,50.5463,50.8287,50.8628,51.1426,51.1757,51.448,51.4846,51.7456,51.7888,52.0362,52.0879,52.3208,52.3825,52.5992,52.6726,52.8729,52.9576,53.1396,53.2368,53.4005,53.5119,53.6583,53.7813,53.9127,54.0387,54.1579,54.2444,55.0528,52.7664,57.874,49.4728,62.756,44.1657,69.9344,35.6385,81.9223,19.7253,92.5682,4.56884,108.3,-12.5319,128.523
50.1399,50.2649,50.3003,50.6419,50.6567,50.959,50.995,51.2833,51.3191,51.6048,51.6373,51.9192,51.9516,52.2252,52.2618,52.5236,52.5672,52.8153,52.8675,53.101,53.1633,53.3806,53.4545,53.6555,53.7408,53.9234,54.0212,54.1855,54.2975,54.4445,54.5683,54.7002,54.8269,54.9467,55.0327,55.8466,53.5495,58.6802,50.2442,63.5723,44.9385,70.7338,36.4444,82.7363,20.2678,93.3724,5.10593,109.195,-12.0192,129.53
51.0196,51.1185,51.0417,51.4297,51.4251,51.7395,51.7678,52.0623,52.0943,52.3835,52.4142,52.6982,52.7299,53.0048,53.0414,53.3041,53.348,53.5967,53.6494,53.8835,53.9464,54.1642,54.2386,54.4403,54.5261,54.7094,54.8078,54.9727,55.0852,55.2329,55.3573,55.4898,55.6172,55.7375,55.823,56.6422,54.3349,59.4878,51.0184,64.3891,45.7153,71.5318,37.2581,83.5433,20.8097,94.1741,5.64552,110.089,-11.502,130.537
51.0196,52.0448,51.7901,52.2167,52.1974,52.5222,52.5432,52.8438,52.872,53.1647,53.1936,53.4796,53.5107,53.7868,53.8234,54.0869,54.1311,54.3804,54.4337,54.6682,54.7317,54.9501,55.0249,55.2273,55.3136,55.4976,55.5965,55.7621,55.8751,56.0233,56.1484,56.2815,56.4095,56.5304,56.6154,57.4396,55.1227,60.2968,51.7954,65.2066,46.4959,72.3285,38.0794,84.3432,21.3509,94.9734,6.18765,110.984,-10.9763,130.537
51.746,52.8723,52.5605,53.0012,52.9738,53.3068,53.3214,53.6277,53.6523,53.9484,53.9755,54.2635,54.2939,54.5712,54.6077,54.872,54.9165,55.1664,55.2202,55.4552,55.5192,55.7382,55.8135,56.0165,56.1033,56.2879,56.3873,56.5535,56.6671,56.8158,56.9416,57.0752,57.2039,57.3253,57.4097,58.2389,55.9128,61.1071,52.5753,66.0247,47.2803,73.1238,38.9083,85.1358,21.8913,95.7704,6.73235,111.879,-10.4444,131.544
52.5691,53.598,53.3564,53.7833,53.7542,54.0934,54.1023,54.414,54.435,54.7345,54.7597,55.0497,55.0794,55.3579,55.3944,55.6594,55.7043,55.9547,56.009,56.2445,56.309,56.5285,56.6042,56.8079,56.8951,57.0803,57.1803,57.347,57.4611,57.6104,57.7367,57.8709,58.0002,58.1222,58.206,59.0399,56.7053,61.9188,53.358,66.8434,48.0683,73.918,39.7448,85.9207,22.4307,96.5652,7.27966,112.775,-9.90986,132.55
54.1482,54.2341,54.1705,54.5641,54.5383,54.8819,54.8859,55.2027,55.2201,55.523,55.5463,55.8383,55.8673,56.1469,56.1834,56.4491,56.4943,56.7452,56.7999,57.0359,57.1009,57.3209,57.3971,57.6014,57.6891,57.8748,57.9753,58.1426,58.2571,58.4069,58.5339,58.6686,58.7985,58.921,59.0043,59.8427,57.5,62.7319,54.1435,67.6629,48.8601,74.7111,40.5887,86.6977,22.9691,97.358,7.82965,113.671,-9.37658,134.564
54.8154,54.9475,54.9874,55.3458,55.3258,55.6724,55.6722,55.9936,56.0078,56.3138,56.3353,56.6292,56.6575,56.9382,56.9747,57.241,57.2866,57.5379,57.5931,57.8295,57.895,58.1154,58.1921,58.3969,58.4851,58.6714,58.7724,58.9402,59.0552,59.2055,59.3331,59.4683,59.5988,59.7219,59.8046,60.6472,58.2969,63.5463,54.9317,68.483,49.6553,75.503,41.4401,87.4666,23.5064,98.1488,8.38235,114.567,-8.84235,135.57
55.5503,55.701,55.8004,56.1304,56.116,56.465,56.4612,56.7867,56.7978,57.1069,57.1267,57.4223,57.4501,57.7317,57.7683,58.0351,58.0811,58.3328,58.3885,58.6252,58.6912,58.9121,58.9892,59.1946,59.2832,59.47,59.5716,59.7398,59.8553,60.0061,60.1343,60.27,60.4011,60.5246,60.6068,61.4535,59.096,64.362,55.7226,69.3038,50.4541,76.2939,42.2988,88.227,24.0426,98.9378,8.93782,115.464,-8.30335,136.577
56.3173,56.4774,56.6068,56.9194,56.9087,57.2596,57.2528,57.5821,57.5903,57.9022,57.9204,58.2177,58.2449,58.5275,58.5641,58.8314,58.8778,59.1298,59.1861,59.4231,59.4896,59.7109,59.7884,59.9943,60.0834,60.2707,60.3728,60.5414,60.6574,60.8086,60.9374,61.0736,61.2053,61.3293,61.4108,62.2615,59.8974,65.179,56.5162,70.1253,51.2563,77.0838,43.1648,88.9787,24.5775,99.7249,9.49612,116.361,-7.75954,137.584
57.106,57.2682,57.4056,57.7134,57.7037,58.0563,58.0469,58.3796,58.3852,58.6998,58.7164,59.0153,59.042,59.3254,59.3621,59.6299,59.6767,59.929,59.9857,60.2231,60.2901,60.5118,60.5897,60.7961,60.8856,61.0734,61.1759,61.345,61.4615,61.6131,61.7425,61.8791,62.0113,62.1358,62.2168,63.0713,60.7009,65.9974,57.3124,70.9475,52.0619,77.8729,44.038,89.7214,25.1113,100.51,10.0573,117.26,-7.21088,138.591
57.9135,58.0713,58.1968,58.5126,58.5007,58.8551,58.8436,59.1792,59.1824,59.4995,59.5147,59.8151,59.8413,60.1255,60.1623,60.4305,60.4777,60.7303,60.7875,61.0251,61.0926,61.3147,61.393,61.5999,61.6898,61.8781,61.9811,62.1506,62.2675,62.4195,62.5494,62.6865,62.8193,62.9443,63.0247,63.8827,61.5066,66.817,58.1112,71.7705,52.8707,78.6611,44.9183,90.4549,25.6437,101.295,10.6214,118.159,-6.65733,139.597
58.7441,58.8898,58.981,59.3165,59.2998,59.656,59.6428,59.981,59.982,60.3014,60.3153,60.617,60.6428,60.9277,60.9647,61.2332,61.2808,61.5336,61.5914,61.8292,61.8972,62.1196,62.1983,62.4057,62.496,62.6847,62.7882,62.9581,63.0755,63.2278,63.3583,63.4958,63.6291,63.7546,63.8344,64.6957,62.3145,67.6379,58.9125,72.5942,53.6827,79.4486,45.8057,91.1788,26.1747,102.077,11.1886,119.058,-6.09887,140.604
59.6092,59.7327,59.76,60.124,60.1012,60.4591,60.4444,60.7849,60.784,61.1054,61.1181,61.421,61.4466,61.732,61.7692,62.038,62.086,62.3391,62.3973,62.6354,62.7038,62.9266,63.0057,63.2135,63.3042,63.4933,63.5972,63.7676,63.8854,64.038,64.1691,64.307,64.4408,64.5667,64.646,65.5105,63.1244,68.4601,59.7164,73.4186,54.4979,80.2354,46.7001,91.8928,26.7045,102.858,11.7589,119.959,-5.53545,141.611
60.5156,60.6162,60.5374,60.9338,60.905,61.2642,61.2484,61.5908,61.5882,61.9115,61.9232,62.2272,62.2525,62.5384,62.5759,62.8449,62.8934,63.1466,63.2053,63.4435,63.5124,63.7355,63.815,64.0232,64.1143,64.3038,64.4081,64.5789,64.6971,64.8501,64.9817,65.12,65.2543,65.3806,65.4594,66.3269,63.9365,69.2836,60.5228,74.2439,55.3161,81.0216,47.6014,92.5967,27.2329,103.639,12.3323,120.86,-4.96706,142.617
60.5156,61.561,61.3206,61.7441,61.7115,62.0713,62.0547,62.3988,62.3948,62.7196,62.7305,63.0354,63.0606,63.3468,63.3846,63.6538,63.7027,63.9561,64.0153,64.2537,64.323,64.5465,64.6262,64.8348,64.9264,65.1163,65.221,65.3921,65.5108,65.664,65.7961,65.9348,66.0696,66.1964,66.2745,67.1449,64.7507,70.1083,61.3316,75.0699,56.1374,81.8072,48.5095,93.29,27.76,104.418,12.909,121.762,-4.39008,142.617
61.2515,62.4166,62.1217,62.5537,62.5206,62.8805,62.8633,63.2088,63.2036,63.5298,63.54,63.8456,63.8707,64.1573,64.1954,64.4647,64.5141,64.7676,64.8273,65.0658,65.1355,65.3593,65.4394,65.6484,65.7403,65.9306,66.0357,66.2072,66.3262,66.4798,66.6124,66.7515,66.8868,67.0139,67.0915,67.9645,65.5669,70.9343,62.1429,75.8967,56.9616,82.5924,49.4243,93.9725,28.2858,105.196,13.489,122.666,-3.80631,143.624
62.0983,63.1765,62.9438,63.3623,63.3324,63.6918,63.6743,64.0209,64.0146,64.3419,64.3516,64.6579,64.683,64.9698,65.0083,65.2776,65.3275,65.5811,65.6413,65.8799,65.9501,66.1741,66.2545,66.4639,66.5562,66.7467,66.8523,67.0242,67.1436,67.2974,67.4305,67.5699,67.7057,67.8332,67.9102,68.7857,66.3851,71.7615,62.9566,76.7243,57.7886,83.3771,50.3457,94.6439,28.8104,105.973,14.0724,123.57,-3.21924,144.631
63.7686,63.8511,63.7815,64.1706,64.1468,64.5051,64.4874,64.8349,64.8279,65.156,65.1654,65.4721,65.4974,65.7842,65.8233,66.0925,66.1428,66.3965,66.4572,66.6959,66.7665,66.9908,67.0715,67.2812,67.3739,67.5648,67.6708,67.843,67.9628,68.1168,68.2504,68.3901,68.5264,68.6543,68.7307,69.6084,67.2054,72.5899,63.7727,77.5528,58.6185,84.1615,51.2737,95.3038,29.3336,106.75,14.6593,124.475,-2.63233,146.644
64.4643,64.5934,64.6227,64.98,64.9633,65.3205,65.3027,65.6509,65.6433,65.9721,65.9813,66.2882,66.3139,66.6006,66.6402,66.9093,66.9602,67.2138,67.2751,67.5139,67.5848,67.8094,67.8904,68.1004,68.1934,68.3846,68.4911,68.6635,68.7837,68.938,69.072,69.2121,69.3488,69.4771,69.553,70.4328,68.0276,73.4196,64.5912,78.382,59.4511,84.9456,52.208,95.9518,29.8557,107.526,15.2497,125.382,-2.04376,147.651
65.2244,65.3721,65.4619,65.7919,65.7819,66.1379,66.1201,66.4688,66.4609,66.79,66.7993,67.1063,67.1323,67.4189,67.4591,67.7281,67.7795,68.0331,68.0948,68.3337,68.405,68.6298,68.7111,68.9214,69.0148,69.2063,69.3131,69.4859,69.6064,69.7609,69.8954,70.0359,70.173,70.3016,70.377,71.2586,68.8518,74.2505,65.4119,79.2122,60.2864,85.7295,53.1486,96.5877,30.3767,108.302,15.8438,126.29,-1.45004,148.658
66.0144,66.1727,66.2963,66.6073,66.6022,66.9574,66.9397,67.2886,67.2807,67.6099,67.6194,67.9263,67.9528,68.2392,68.28,68.5488,68.6007,68.8542,68.9165,69.1554,69.2271,69.4521,69.5337,69.7442,69.8379,70.0298,70.137,70.31,70.4309,70.5856,70.7205,70.8613,70.9989,71.1278,71.2027,72.0861,69.678,75.0826,66.2349,80.0432,61.1243,86.5133,54.0954,97.2111,30.8967,109.078,16.4415,127.199,-0.851164,149.664
66.8243,66.987,67.1251,67.4269,67.4241,67.7791,67.7612,68.1103,68.1025,68.4316,68.4415,68.7482,68.7753,69.0613,69.1028,69.3713,69.4238,69.6773,69.74,69.9789,70.051,70.2762,70.3581,70.5688,70.6629,70.855,70.9626,71.1359,71.2571,71.412,71.5473,71.6885,71.8264,71.9557,72.0301,72.915,70.5061,75.9159,67.0602,80.875,61.9647,87.2971,55.0482,97.8217,31.4157,109.853,17.0431,128.11,-0.247107,150.671
67.6498,67.8114,67.9479,68.251,68.2475,68.6028,68.5849,68.9339,68.9265,69.2552,69.2657,69.5719,69.5997,69.8853,69.9275,70.1957,70.2488,70.5022,70.5653,70.8043,70.8767,71.1021,71.1843,71.3952,71.4897,71.682,71.79,71.9635,72.0851,72.2402,72.3759,72.5173,72.6557,72.7853,72.8592,73.7454,71.3361,76.7503,67.8878,81.7078,62.8076,88.081,56.0069,98.4191,31.9338,110.628,17.6486,129.022,0.362149,151.678
68.4912,68.6462,68.7649,69.0794,69.0724,69.4286,69.4106,69.7593,69.7524,70.0807,70.0918,70.3975,70.4261,70.7111,70.7541,71.022,71.0756,71.3289,71.3925,71.6315,71.7043,71.9298,72.0122,72.2233,72.3182,72.5107,72.6191,72.7928,72.9147,73.07,73.2061,73.3478,73.4866,73.6165,73.69,74.5774,72.1681,77.586,68.7175,82.5414,63.653,88.865,56.9714,99.0029,32.4512,111.404,18.2581,129.935,0.976609,152.685
69.3537,69.4955,69.5769,69.9115,69.8989,70.2563,70.2383,70.5865,70.5805,70.9079,70.92,71.2249,71.2544,71.5388,71.5826,71.8501,71.9043,72.1574,72.2215,72.4604,72.5336,72.7592,72.8419,73.0532,73.1484,73.3411,73.4499,73.6238,73.7461,73.9015,74.0379,74.18,74.3191,74.4494,74.5224,75.4108,73.0019,78.4228,69.5494,83.3759,64.5007,89.6491,57.9415,99.5729,32.9681,112.18,18.8716,130.85,1.59628,153.691
70.2477,70.3673,70.3853,70.7466,70.7272,71.086,71.068,71.4155,71.4105,71.7369,71.7501,72.0541,72.0845,72.3683,72.4129,72.6799,72.7348,72.9877,73.0522,73.2912,73.3646,73.5905,73.6733,73.8848,73.9803,74.1733,74.2824,74.4565,74.5791,74.7346,74.8715,75.0137,75.1533,75.2839,75.3564,76.2456,73.8375,79.2608,70.3835,84.2113,65.3507,90.4336,58.9171,100.129,33.4844,112.957,19.4893,131.766,2.22119,154.698
71.1747,71.2752,71.1934,71.5834,71.5573,71.9175,71.8997,72.2463,72.2425,72.5676,72.5821,72.8851,72.9166,73.1996,73.245,73.5116,73.5671,73.8198,73.8848,74.1237,74.1974,74.4234,74.5065,74.7181,74.814,75.0071,75.1166,75.2909,75.4138,75.5694,75.7067,75.8492,75.9891,76.12,76.1921,77.0819,74.675,80.1,71.2196,85.0476,66.203,91.2184,59.898,100.67,34.0005,113.734,20.1112,132.685,2.85134,155.705
71.1747,72.2342,72.007,72.4209,72.3896,72.7508,72.7334,73.0788,73.0765,73.4001,73.4161,73.7178,73.7505,74.0326,74.0789,74.3451,74.4011,74.6536,74.719,74.9579,75.032,75.2581,75.3413,75.5531,75.6493,75.8426,75.9524,76.1269,76.2501,76.4058,76.5435,76.6862,76.8265,76.9577,77.0294,77.9196,75.5143,80.9402,72.0579,85.8848,67.0574,92.0037,60.8841,101.196,34.5164,114.511,20.7374,133.604,3.48999,155.705
71.917,73.1134,72.8352,73.2583,73.2241,73.5858,73.5692,73.913,73.9125,74.2343,74.2519,74.5522,74.5862,74.8674,74.9147,75.1802,75.2369,75.4892,75.555,75.7938,75.8682,76.0945,76.1779,76.3898,76.4863,76.6797,76.7899,76.9645,77.0881,77.2439,77.3819,77.5248,77.6655,77.7969,77.8683,78.7588,76.3554,81.7816,72.8983,86.7229,67.9139,92.7895,61.8752,101.706,35.0323,115.29,21.368,134.526,4.13563,156.711
72.7831,73.9039,73.6804,74.0952,74.0608,74.4225,74.4069,74.7488,74.7503,75.0702,75.0897,75.3884,75.4237,75.7039,75.7522,76.0171,76.0745,76.3265,76.3927,76.6315,76.7061,76.9325,77.0161,77.2282,77.3249,77.5185,77.6291,77.8038,77.9277,78.0835,78.2219,78.3649,78.506,78.6378,78.7087,79.5993,77.1983,82.6242,73.7406,87.562,68.7725,93.5759,62.871,102.201,35.5484,116.07,22.0032,135.449,4.78503,157.718
74.5374,74.6146,74.5382,74.9322,74.8998,75.2608,75.2465,75.5864,75.5901,75.9078,75.9292,76.2263,76.263,76.5421,76.5914,76.8557,76.9137,77.1655,77.2321,77.4708,77.5457,77.7722,77.8559,78.0681,78.1652,78.3589,78.4698,78.6446,78.7688,78.9247,79.0635,79.2067,79.3481,79.4801,79.5507,80.4412,78.043,83.4678,74.5851,88.402,69.6331,94.363,63.8716,102.68,36.065,116.851,22.6429,136.374,5.435,159.732
75.261,75.3842,75.3989,75.7702,75.7408,76.1007,76.0881,76.4256,76.4318,76.747,76.7706,77.0658,77.1041,77.3821,77.4323,77.696,77.7546,78.0061,78.0732,78.3118,78.3869,78.6136,78.6974,78.9098,79.007,79.2009,79.3121,79.4871,79.6116,79.7675,79.9066,80.05,80.1918,80.324,80.3943,81.2846,78.8894,84.3125,75.4314,89.2429,70.4956,95.1509,64.8765,103.143,36.5821,117.634,23.2872,137.301,6.08704,160.738
76.0471,76.1872,76.2577,76.6101,76.5838,76.9421,76.9317,77.2664,77.2753,77.5879,77.6137,77.907,77.9469,78.2237,78.275,78.538,78.5973,78.8484,78.9159,79.1544,79.2298,79.4565,79.5406,79.753,79.8505,80.0445,80.156,80.3311,80.4559,80.6118,80.7513,80.8948,81.0369,81.1694,81.2393,82.1292,79.7376,85.1584,76.2798,90.0848,71.3601,95.9397,65.8857,103.588,37.1002,118.418,23.9363,138.23,6.74432,161.745
76.8632,77.0122,77.1121,77.4526,77.4288,77.785,77.7772,78.1087,78.1207,78.4305,78.4586,78.7499,78.7914,79.067,79.1193,79.3817,79.4415,79.6924,79.7602,79.9987,80.0743,80.3011,80.3853,80.5977,80.6955,80.8896,81.0015,81.1766,81.3018,81.4576,81.5975,81.7412,81.8836,82.0164,82.0859,82.9752,80.5874,86.0053,77.1301,90.9277,72.2263,96.7294,66.8989,104.017,37.6193,119.204,24.5902,139.161,7.40684,162.752
77.7024,77.8532,77.9611,78.298,78.2757,78.6293,78.6246,78.9527,78.9678,79.2746,79.3053,79.5945,79.6376,79.9119,79.9653,80.227,80.2875,80.538,80.6062,80.8446,80.9204,81.1472,81.2317,81.4441,81.5422,81.7364,81.8485,82.0237,82.1492,82.305,82.4452,82.589,82.7317,82.8648,82.934,83.8226,81.439,86.8533,77.9823,91.7715,73.0943,97.5202,67.916,104.428,38.1399,119.992,25.249,140.094,8.07459,163.758
78.5623,78.7083,78.8044,79.1463,79.1244,79.4751,79.4739,79.7981,79.8167,80.1204,80.1537,80.4407,80.4855,80.7584,80.813,81.0739,81.135,81.3851,81.4538,81.692,81.768,81.9949,82.0795,82.292,82.3904,82.5846,82.697,82.8723,82.9981,83.1539,83.2944,83.4383,83.5814,83.7146,83.7836,84.6713,82.2922,87.7024,78.8364,92.6163,73.9641,98.312,68.9366,104.821,38.662,120.782,25.9128,141.029,8.74756,164.765
79.4458,79.5798,79.6429,79.9971,79.9752,80.3223,80.325,80.6452,80.6674,80.9677,81.0037,81.2885,81.3351,81.6066,81.6622,81.9224,81.9841,82.2339,82.3029,82.5411,82.6173,82.8442,82.929,83.1415,83.2401,83.4343,83.5471,83.7224,83.8485,84.0043,84.1451,84.2891,84.4324,84.5659,84.6346,85.5213,83.1471,88.5526,79.6923,93.4621,74.8354,99.1051,69.9607,105.195,39.1861,121.574,26.5817,141.966,9.42573,165.772
80.3604,80.4737,80.4779,80.8499,80.828,81.1709,81.1781,81.4937,81.5198,81.8167,81.8555,82.1378,82.1863,82.4564,82.5131,82.7725,82.8348,83.0843,83.1536,83.3917,83.4681,83.695,83.7799,83.9925,84.0913,84.2856,84.3986,84.574,84.7004,84.8561,84.9972,85.1414,85.285,85.4187,85.4871,86.3726,84.0037,89.4038,80.5501,94.3089,75.7085,99.8995,70.9879,105.551,39.7123,122.369,27.2557,142.905,10.1091,166.779
81.3028,81.4008,81.3127,81.7038,81.6829,82.0207,82.0329,82.3438,82.3739,82.6672,82.7088,82.9888,83.0391,83.3077,83.3655,83.6242,83.6871,83.9362,84.0058,84.2438,84.3204,84.5474,84.6324,84.845,84.944,85.1384,85.2517,85.4271,85.5537,85.7094,85.8508,85.9951,86.139,86.2729,86.341,87.2252,84.8619,90.2561,81.4098,95.1567,76.5831,100.695,72.0181,105.888,40.2412,123.167,27.9349,143.846,10.7977,167.785
81.3028,82.3722,82.1522,82.5579,82.54,82.8719,82.8896,83.1953,83.2297,83.5192,83.5638,83.8413,83.8935,84.1606,84.2195,84.4774,84.5409,84.7896,84.8596,85.0975,85.1742,85.4012,85.4864,85.6989,85.7983,85.9926,86.1062,86.2816,86.4085,86.5642,86.7058,86.8503,86.9943,87.1285,87.1964,88.0791,85.7216,91.1093,82.2712,96.0054,77.4592,101.492,73.0508,106.206,40.7728,123.967,28.6194,144.79,11.4944,167.785
82.0505,83.2712,83.0041,83.4114,83.3994,83.7244,83.748,84.0484,84.0871,84.3728,84.4204,84.6954,84.7495,85.0151,85.0751,85.3322,85.3963,85.6446,85.7149,85.9526,86.0296,86.2566,86.3418,86.5544,86.654,86.8484,86.9622,87.1376,87.2648,87.4204,87.5622,87.7069,87.8511,87.9855,88.0532,88.9342,86.5831,91.9637,83.1344,96.8552,78.3367,102.291,74.086,106.504,41.3076,124.77,29.3093,145.735,12.198,168.792
82.9329,84.0882,83.8708,84.2641,84.2611,84.5782,84.6081,84.9029,84.9461,85.2279,85.2785,85.5509,85.607,85.8711,85.9322,86.1884,86.2532,86.5011,86.5717,86.8093,86.8864,87.1134,87.1987,87.4113,87.5111,87.7056,87.8196,87.995,88.1224,88.278,88.4201,88.5648,88.7093,88.8439,88.9114,89.7906,87.446,92.819,83.9993,97.706,79.2157,103.092,75.1233,106.782,41.846,125.576,30.0046,146.684,12.9054,169.799
84.7587,84.8304,84.749,85.1163,85.125,85.4333,85.4699,85.759,85.8067,86.0845,86.1382,86.4081,86.466,86.7286,86.7907,87.0462,87.1115,87.3591,87.43,87.6675,87.7448,87.9717,88.0571,88.2697,88.3697,88.5642,88.6785,88.8538,88.9815,89.1371,89.2793,89.4242,89.5689,89.7037,89.771,90.6482,88.3106,93.6754,84.866,98.5578,80.096,103.894,76.1625,107.039,42.3883,126.385,30.7054,147.634,13.6137,171.812
85.5056,85.6244,85.6315,85.9686,85.9909,86.2898,86.3333,86.6165,86.6689,86.9427,86.9995,87.2667,87.3265,87.5877,87.6508,87.9055,87.9714,88.2186,88.2897,88.5271,88.6046,88.8315,88.9169,89.1295,89.2297,89.4242,89.5388,89.7139,89.842,89.9975,90.14,90.2849,90.4298,90.5648,90.6319,91.5071,89.1767,94.5328,85.7345,99.4105,80.9777,104.697,77.2032,107.275,42.9348,127.198,31.4118,148.587,14.3241,172.819
86.3111,86.4481,86.5148,86.8216,86.8587,87.1476,87.1984,87.4755,87.5326,87.8023,87.8622,88.1268,88.1885,88.4482,88.5124,88.7663,88.8327,89.0796,89.1509,89.3882,89.4658,89.6926,89.7783,89.9907,90.0912,90.2856,90.4004,90.5755,90.7039,90.8594,91.002,91.147,91.2921,91.4273,91.4942,92.3672,90.0444,95.3912,86.6045,100.264,81.8606,105.503,78.2453,107.491,43.4861,128.014,32.1239,149.542,15.0395,173.826
87.1418,87.2911,87.397,87.676,87.7281,88.0069,88.065,88.336,88.3978,88.6635,88.7264,88.9885,89.0521,89.3102,89.3754,89.6285,89.6954,89.9419,90.0136,90.2507,90.3284,90.5552,90.6409,90.8534,90.954,91.1485,91.2635,91.4384,91.5672,91.7226,91.8654,92.0105,92.1557,92.2911,92.3579,93.2284,90.9135,96.2506,87.4763,101.119,82.7448,106.311,79.2883,107.685,44.0424,128.835,32.8416,150.5,15.76,174.832
87.989,88.1461,88.2775,88.5322,88.5992,88.8677,88.9331,89.198,89.2644,89.5262,89.5921,89.8516,89.917,90.1736,90.2398,90.4922,90.5596,90.8058,90.8776,91.1146,91.1925,91.4192,91.5051,91.7174,91.8182,92.0127,92.128,92.3027,92.4318,92.5871,92.7301,92.8752,93.0207,93.1563,93.223,94.0909,91.7842,97.111,88.3497,101.975,83.6301,107.121,80.332,107.857,44.6043,129.659,33.5651,151.46,16.4854,175.839
88.8468,89.0089,89.1563,89.3906,89.4715,89.73,89.8026,90.0615,90.1326,90.3903,90.4592,90.7162,90.7834,91.0385,91.1057,91.3573,91.4252,91.671,91.7431,91.98,92.058,92.2847,92.3706,92.5829,92.6839,92.8783,92.9938,93.1684,93.2977,93.453,93.5962,93.7414,93.8869,94.0227,94.0893,94.9546,92.6564,97.9724,89.2248,102.832,84.5166,107.932,81.3761,108.007,45.1721,130.487,34.2944,152.423,17.2158,176.846
89.7115,89.8765,90.0338,90.2513,90.3451,90.5938,90.6736,90.9264,91.0021,91.2559,91.3277,91.5822,91.6512,91.9049,91.9729,92.2239,92.2922,92.5377,92.61,92.8468,92.9249,93.1515,93.2375,93.4497,93.5509,93.7452,93.861,94.0354,94.165,94.3203,94.4636,94.6088,94.7545,94.8905,94.957,95.8195,93.53,98.8347,90.1015,103.69,85.4043,108.747,82.4201,108.134,45.7462,131.319,35.0296,153.388,17.9511,177.852
90.5806,90.7473,90.9104,91.1143,91.2199,91.4592,91.5459,91.7928,91.873,92.1229,92.1976,92.4497,92.5204,92.7727,92.8416,93.0918,93.1606,93.4057,93.4782,93.7149,93.7931,94.0197,94.1057,94.3178,94.4192,94.6135,94.7295,94.9037,95.0337,95.1888,95.3322,95.4776,95.6234,95.7596,95.826,96.6855,94.4051,99.6981,90.9798,104.549,86.293,109.563,83.464,108.239,46.3273,132.156,35.7707,154.355,18.6913,178.859
91.4527,91.6201,91.7864,91.9798,92.0957,92.3261,92.4196,92.6608,92.7454,92.9914,93.0689,93.3186,93.3909,93.6418,93.7116,93.9612,94.0303,94.2751,94.3478,94.5844,94.6627,94.8892,94.9753,95.1873,95.2889,95.4831,95.5993,95.7734,95.9036,96.0587,96.2022,96.3476,96.4936,96.6299,96.6963,97.5526,95.2817,100.562,91.8596,105.409,87.1827,110.382,84.5071,108.32,46.9157,132.998,36.5178,155.325,19.4363,179.866
92.3269,92.4946,92.6624,92.8477,92.9725,93.1947,93.2946,93.5301,93.619,93.8613,93.9416,94.189,94.2628,94.5124,94.583,94.8319,94.9014,95.1459,95.2187,95.4553,95.5336,95.7601,95.8463,96.0581,96.1599,96.354,96.4704,96.6443,96.7748,96.9298,97.0734,97.219,97.365,97.5016,97.5679,98.421,96.1597,101.428,92.741,106.269,88.0733,111.203,85.5493,108.378,47.512,133.844,37.2709,156.298,20.1861,180.872
93.2028,93.3704,93.5386,93.7178,93.8502,94.0648,94.1708,94.401,94.4939,94.7327,94.8156,95.0608,95.1361,95.3844,95.4557,95.704,95.7738,96.0181,96.091,96.3275,96.4059,96.6323,96.7186,96.9303,97.0322,97.2262,97.3428,97.5166,97.6474,97.8023,97.946,98.0916,98.2377,98.3744,98.4408,99.2904,97.039,102.294,93.624,107.131,88.965,112.027,86.5901,108.412,48.1166,134.695,38.0301,157.273,20.9407,181.879
94.0799,94.2474,94.4155,94.59,94.7289,94.9366,95.0483,95.2733,95.3702,95.6055,95.6909,95.9339,96.0107,96.2577,96.3298,96.5775,96.6476,96.8915,96.9646,97.201,97.2794,97.5058,97.5921,97.8037,97.9058,98.0997,98.2165,98.3901,98.5212,98.6759,98.8197,98.9654,99.1117,99.2486,99.3149,100.161,97.9199,103.161,94.5085,107.995,89.8575,112.853,87.6293,108.423,48.73,135.551,38.7954,158.251,21.7,182.886
94.9583,95.1254,95.2932,95.4643,95.6086,95.81,95.9271,96.147,96.2477,96.4797,96.5674,96.8084,96.8865,97.1324,97.2052,97.4523,97.5226,97.7663,97.8395,98.0758,98.1543,98.3806,98.467,98.6784,98.7807,98.9744,99.0915,99.2649,99.3962,99.5509,99.6947,99.8405,99.9868,100.124,100.19,101.033,98.8021,104.029,95.3945,108.859,90.7509,113.682,88.6664,108.408,49.3529,136.412,39.5668,159.231,22.4639,183.893
95.8379,96.0046,96.1718,96.3405,96.4891,96.685,96.807,97.0223,97.1266,97.3553,97.4453,97.6843,97.7637,98.0084,98.0819,98.3284,98.399,98.6424,98.7157,98.952,99.0305,99.2567,99.3432,99.5544,99.6568,99.8504,99.9677,100.141,100.273,100.427,100.571,100.717,100.863,101,101.067,101.905,99.6857,104.898,96.2819,109.724,91.6451,114.514,89.701,108.37,49.9858,137.278,40.3445,160.214,23.2325,184.899
96.7187,96.885,97.0516,97.2185,97.3707,97.5615,97.6881,97.899,98.0066,98.2323,98.3245,98.5616,98.6421,98.8858,98.9599,99.2059,99.2767,99.5199,99.5932,99.8294,99.9079,100.134,100.221,100.432,100.534,100.728,100.845,101.018,101.15,101.305,101.448,101.594,101.741,101.878,101.945,102.779,100.571,105.768,97.1709,110.59,92.5402,115.348,90.7327,108.306,50.6292,138.15,41.1283,161.199,24.0056,185.906
97.6006,97.7665,97.9325,98.0982,98.2532,98.4396,98.5703,98.7771,98.8879,99.1107,99.2049,99.4402,99.5218,99.7645,99.8391,100.085,100.156,100.399,100.472,100.708,100.787,101.013,101.099,101.31,101.413,101.606,101.724,101.897,102.029,102.183,102.327,102.473,102.62,102.757,102.824,103.654,101.457,106.639,98.0613,111.457,93.436,116.186,91.7613,108.217,51.2836,139.027,41.9184,162.187,24.7833,186.913
98.4837,98.6493,98.8148,98.9795,99.1367,99.3193,99.4537,99.6566,99.7704,99.9904,100.087,100.32,100.403,100.645,100.72,100.965,101.036,101.279,101.352,101.588,101.667,101.893,101.979,102.19,102.293,102.486,102.604,102.777,102.909,103.063,103.207,103.353,103.5,103.637,103.704,104.53,102.345,107.51,98.9532,112.325,94.3326,117.026,92.7861,108.103,51.9498,139.91,42.7148,163.177,25.5655,187.919
99.3681,99.5332,99.6983,99.8624,100.021,100.2,100.338,100.538,100.654,100.872,100.969,101.201,101.285,101.526,101.601,101.846,101.917,102.16,102.233,102.469,102.548,102.774,102.86,103.071,103.174,103.367,103.485,103.657,103.79,103.944,104.088,104.234,104.381,104.519,104.585,105.408,103.234,108.383,99.8465,113.194,95.2299,117.87,93.8069,107.963,52.6283,140.799,43.5175,164.17,26.3521,188.926
100.254,100.418,100.583,100.747,100.907,101.083,101.224,101.42,101.539,101.754,101.853,102.084,102.168,102.408,102.484,102.729,102.8,103.042,103.116,103.352,103.43,103.656,103.743,103.953,104.056,104.249,104.367,104.54,104.672,104.826,104.971,105.117,105.263,105.401,105.468,106.286,104.124,109.256,100.741,114.064,96.1279,118.716,94.8232,107.797,53.3197,141.693,44.3265,165.166,27.143,189.933
101.14,101.305,101.469,101.632,101.793,101.967,102.11,102.304,102.425,102.638,102.739,102.968,103.053,103.292,103.369,103.612,103.684,103.926,103.999,104.235,104.314,104.54,104.626,104.836,104.94,105.132,105.251,105.423,105.556,105.71,105.854,106,106.147,106.285,106.352,107.165,105.016,110.131,101.637,114.936,97.0266,119.566,95.8345,107.605,54.0247,142.594,45.1419,166.164,27.9383,190.94
102.028,102.193,102.356,102.519,102.681,102.853,102.998,103.189,103.312,103.523,103.625,103.853,103.939,104.177,104.254,104.498,104.569,104.811,104.884,105.12,105.199,105.424,105.511,105.721,105.825,106.017,106.136,106.308,106.441,106.594,106.739,106.885,107.031,107.17,107.237,108.045,105.909,111.006,102.535,115.808,97.9259,120.419,96.8404,107.386,54.7439,143.501,45.9636,167.165,28.7378,191.946
102.918,103.082,103.245,103.408,103.57,103.74,103.887,104.075,104.2,104.409,104.512,104.74,104.826,105.064,105.14,105.384,105.455,105.697,105.771,106.006,106.085,106.31,106.397,106.607,106.711,106.903,107.021,107.193,107.327,107.48,107.624,107.771,107.917,108.056,108.123,108.926,106.803,111.882,103.434,116.681,98.8258,121.275,97.8405,107.141,55.4779,144.413,46.7917,168.168,29.5415,192.953
103.808,103.972,104.135,104.297,104.46,104.628,104.777,104.963,105.089,105.297,105.401,105.627,105.714,105.951,106.028,106.271,106.343,106.584,106.658,106.893,106.972,107.197,107.284,107.494,107.598,107.789,107.909,108.08,108.214,108.367,108.511,108.658,108.804,108.943,109.01,109.809,107.699,112.759,104.334,117.555,99.7263,122.135,98.8343,106.87,56.2275,145.333,47.6262,169.174,30.3493,193.96
104.7,104.863,105.026,105.188,105.351,105.518,105.668,105.853,105.98,106.186,106.291,106.516,106.603,106.84,106.917,107.16,107.232,107.473,107.546,107.782,107.86,108.086,108.173,108.382,108.486,108.677,108.797,108.968,109.102,109.255,109.399,109.546,109.692,109.831,109.899,110.692,108.595,113.637,105.236,118.431,100.627,122.998,99.8213,106.571,56.9933,146.258,48.467,170.182,31.1613,194.966
105.593,105.756,105.918,106.08,106.243,106.409,106.56,106.743,106.871,107.077,107.182,107.407,107.494,107.73,107.807,108.05,108.121,108.363,108.436,108.671,108.75,108.975,109.062,109.271,109.375,109.567,109.686,109.857,109.991,110.144,110.289,110.435,110.581,110.72,110.788,111.576,109.493,114.516,106.139,119.307,101.529,123.864,100.801,106.245,57.7761,147.19,49.3143,171.193,31.9772,195.973
106.487,106.649,106.812,106.974,107.136,107.301,107.453,107.635,107.764,107.968,108.074,108.298,108.385,108.622,108.699,108.941,109.012,109.254,109.327,109.562,109.64,109.866,109.953,110.162,110.266,110.457,110.577,110.747,110.882,111.034,111.179,111.325,111.471,111.611,111.679,112.462,110.393,115.395,107.043,120.184,102.431,124.734,101.773,105.892,58.5766,148.128,50.1679,172.206,32.7971,196.98
107.382,107.544,107.707,107.868,108.03,108.195,108.347,108.528,108.657,108.861,108.967,109.191,109.278,109.514,109.591,109.833,109.905,110.146,110.219,110.454,110.532,110.757,110.844,111.053,111.157,111.348,111.468,111.639,111.773,111.926,112.07,112.216,112.363,112.502,112.571,113.348,111.293,116.275,107.948,121.062,103.334,125.608,102.737,105.511,59.3954,149.073,51.0279,173.222,33.6209,197.987
108.28,108.44,108.602,108.764,108.926,109.09,109.242,109.423,109.552,109.756,109.861,110.085,110.172,110.408,110.484,110.727,110.798,111.039,111.112,111.347,111.425,111.65,111.737,111.946,112.05,112.241,112.361,112.531,112.666,112.818,112.963,113.109,113.255,113.395,113.464,114.235,112.195,117.157,108.855,121.942,104.237,126.485,103.692,105.102,60.2334,150.024,51.8943,174.24,34.4485,198.993
109.25,109.41,109.572,109.733,109.895,110.059,110.211,110.392,110.521,110.725,110.83,111.054,111.141,111.377,111.453,111.696,111.767,112.008,112.081,112.316,112.394,112.619,112.706,112.914,113.019,113.209,113.33,113.5,113.635,113.787,113.932,114.078,114.224,114.363,114.432,115.202,113.167,118.121,109.829,122.906,105.209,127.448,104.682,104.682,61.1838,151.012,52.8543,175.25,35.3955,200
