SPACE_POINTS_X
50,51.5152,53.0303,54.5455,56.0606,57.5758,59.0909,60.6061,62.1212,63.6364,65.1515,66.6667,68.1818,69.697,71.2121,72.7273,74.2424,75.7576,77.2727,78.7879,80.303,81.8182,83.3333,84.8485,86.3636,87.8788,89.3939,90.9091,92.4242,93.9394,95.4545,96.9697,98.4848,100,101.515,103.03,104.545,106.061,107.576,109.091,110.606,112.121,113.636,115.152,116.667,118.182,119.697,121.212,122.727,124.242,125.758,127.273,128.788,130.303,131.818,133.333,134.848,136.364,137.879,139.394,140.909,142.424,143.939,145.455,146.97,148.485,150,151.515,153.03,154.545,156.061,157.576,159.091,160.606,162.121,163.636,165.152,166.667,168.182,169.697,171.212,172.727,174.242,175.758,177.273,178.788,180.303,181.818,183.333,184.848,186.364,187.879,189.394,190.909,192.424,193.939,195.455,196.97,198.485,200
SPACE_POINTS_Y
0,0.0204082,0.0408163,0.0612245,0.0816327,0.102041,0.122449,0.142857,0.163265,0.183673,0.204082,0.22449,0.244898,0.265306,0.285714,0.306122,0.326531,0.346939,0.367347,0.387755,0.408163,0.428571,0.44898,0.469388,0.489796,0.510204,0.530612,0.55102,0.571429,0.591837,0.612245,0.632653,0.653061,0.673469,0.693878,0.714286,0.734694,0.755102,0.77551,0.795918,0.816327,0.836735,0.857143,0.877551,0.897959,0.918367,0.938776,0.959184,0.979592,1
VALUES
0,0,0,0,0,0,0,0,0,0,0,0,0,0,0,0,0,0,0,0,0,0,0,0,0,0,0,0,0,0,0,0,0,0,0,0,0,0,0,0,0,0,0,0,0,0,0,0,0,0
0.808003,0.808351,0.810232,0.812537,0.815543,0.818741,0.822249,0.825817,0.829568,0.833499,0.83671,0.842151,0.843087,0.85155,0.849215,0.861012,0.85577,0.869837,0.863124,0.877781,0.871137,0.884937,0.879515,0.891614,0.888005,0.898144,0.896429,0.904696,0.904618,0.911267,0.91247,0.917858,0.920041,0.924544,0.927391,0.931264,0.934421,0.937983,0.941298,0.944607,0.947639,0.949865,0.953223,0.974325,0.899725,1.14558,0.488186,2.25969,-3.64625,51.5152
1.59431,1.60041,1.60713,1.6142,1.62176,1.62945,1.63743,1.64535,1.65338,1.6621,1.66834,1.6805,1.68164,1.69993,1.69451,1.71916,1.70823,1.73698,1.72345,1.75302,1.73985,1.76751,1.75688,1.78105,1.77405,1.79428,1.79105,1.80755,1.80755,1.82084,1.82336,1.83415,1.8386,1.84762,1.85338,1.86116,1.86752,1.87468,1.88135,1.88801,1.89414,1.89861,1.90472,1.94948,1.7932,2.30279,0.943296,4.61866,-7.35035,53.0303
2.37433,2.38628,2.3985,2.41086,2.42353,2.43621,2.44908,2.46179,2.47408,2.48871,2.49684,2.51773,2.51729,2.54753,2.53743,2.5765,2.55892,2.60321,2.5825,2.62731,2.60764,2.64918,2.63353,2.66968,2.65952,2.68974,2.68517,2.70984,2.71005,2.72994,2.73389,2.75005,2.75684,2.77038,2.77911,2.7908,2.8004,2.81116,2.82122,2.83126,2.84054,2.84728,2.85554,2.92633,2.68193,3.47086,1.37301,7.02298,-10.3493,54.5455
3.1526,3.17035,3.18818,3.20597,3.22393,3.24176,3.25971,3.27771,3.29344,3.31587,3.32361,3.35617,3.35135,3.39634,3.37932,3.43475,3.4092,3.47004,3.44163,3.50202,3.47583,3.53122,3.51075,3.55872,3.54561,3.58568,3.57995,3.61268,3.61323,3.63966,3.64511,3.66662,3.6758,3.69384,3.70557,3.72117,3.73402,3.7484,3.76185,3.77529,3.78776,3.79678,3.80658,3.90562,3.5673,4.64883,1.78584,9.42399,-12.7503,56.0606
3.93177,3.95523,3.97865,4.00188,4.02519,4.04817,4.07099,4.09544,4.11249,4.14595,4.14961,4.19777,4.18494,4.24798,4.22138,4.2953,4.2603,4.33872,4.30205,4.37831,4.34557,4.41473,4.38962,4.44923,4.4334,4.48311,4.47641,4.51705,4.51807,4.55095,4.55798,4.58477,4.59639,4.6189,4.63364,4.65315,4.66925,4.68724,4.70408,4.72091,4.7366,4.74792,4.75867,4.88798,4.45061,5.83561,2.19031,11.7887,-14.6452,57.5758
4.71369,4.74275,4.77167,4.8003,4.82903,4.8573,4.88376,4.91747,4.93161,4.98114,4.97554,5.0442,5.01908,5.10373,5.06474,5.15925,5.11334,5.21026,5.16484,5.25714,5.21788,5.30065,5.27114,5.34211,5.3238,5.38293,5.37543,5.42382,5.42543,5.46464,5.47332,5.50533,5.51941,5.54634,5.56411,5.58749,5.60684,5.62842,5.64865,5.66887,5.68779,5.70142,5.71255,5.87398,5.33307,7.03003,2.59429,14.0958,-16.1124,59.0909
5.49977,5.5343,5.5686,5.60247,5.63657,5.67137,5.69776,5.74655,5.75073,5.82341,5.80203,5.89674,5.85474,5.96456,5.91048,6.02747,5.96936,6.08551,6.03096,6.13935,6.09367,6.1898,6.15615,6.23817,6.21764,6.28591,6.2778,6.33375,6.33605,6.38147,6.39186,6.42901,6.44557,6.47687,6.49766,6.52489,6.54747,6.57261,6.59621,6.6198,6.64196,6.65792,6.66885,6.86409,6.21578,8.2309,3.0047,16.3324,-17.2184,60.6061
6.29129,6.33116,6.37072,6.40945,6.44764,6.49384,6.5115,6.5856,6.56968,6.67429,6.62982,6.75626,6.69297,6.83116,6.75964,6.90061,6.82932,6.96514,6.90128,7.02564,6.97374,7.08288,7.04539,7.13811,7.11561,7.19275,7.1842,7.2475,7.25059,7.30209,7.31424,7.35643,7.37549,7.41109,7.4349,7.46594,7.49172,7.52038,7.54733,7.57427,7.59966,7.61796,7.62816,7.85871,7.09978,9.43707,3.4274,18.4919,-18.0198,62.1212
7.0892,7.13444,7.17954,7.22373,7.25902,7.32995,7.32279,7.4371,7.38863,7.53469,7.4599,7.62324,7.53486,7.70394,7.61324,7.77914,7.69413,7.84969,7.77659,7.9166,7.85879,7.98052,7.93952,8.04254,8.01834,8.10404,8.09522,8.16566,8.16964,8.22707,8.24102,8.28816,8.30972,8.34955,8.37635,8.41116,8.4401,8.47226,8.50252,8.53278,8.56139,8.58205,8.59098,8.85819,7.98601,10.6474,3.86715,20.5718,-18.5639,63.6364
7.89262,7.9433,7.9945,8.05385,8.06295,8.18582,8.13004,8.30226,8.2086,8.4047,8.29355,8.49777,8.38157,8.58311,8.47226,8.66341,8.56459,8.7396,8.65758,8.81273,8.74944,8.88322,8.8391,8.95199,8.92637,9.02029,9.01139,9.08874,9.0937,9.1569,9.17268,9.22467,9.24873,9.29271,9.32248,9.36101,9.39308,9.42869,9.46222,9.49576,9.52758,9.55061,9.55778,9.86283,8.87534,11.861,4.32769,22.573,-18.8909,65.1515
8.70307,8.75462,8.79932,8.92019,8.84962,9.06491,8.93437,9.18028,9.03159,9.28373,9.13231,9.37965,9.23426,9.46874,9.33762,9.55364,9.44145,9.63524,9.54487,9.71446,9.64621,9.79147,9.74462,9.86692,9.84016,9.94198,9.93315,10.0172,10.0232,10.092,10.1097,10.1664,10.1929,10.241,10.2737,10.3159,10.351,10.3901,10.4268,10.4636,10.4986,10.524,10.5289,10.8729,9.76855,13.077,4.81186,24.4983,-19.0342,66.6667
9.59943,9.61507,9.53194,9.84673,9.61891,9.96278,9.74091,10.0683,9.8604,10.1706,9.97785,10.2685,10.0941,10.3608,10.2102,10.45,10.3254,10.5369,10.439,10.6222,10.5496,10.7056,10.6565,10.7877,10.7601,10.8695,10.8609,10.9514,10.9585,11.0328,11.0523,11.1137,11.1427,11.1948,11.2304,11.2762,11.3143,11.3567,11.3967,11.4366,11.4748,11.5026,11.5048,11.8885,10.6664,14.2945,5.32171,26.3517,-19.0222,68.1818
9.59943,10.9803,10.1272,10.806,10.3966,10.8659,10.5575,10.9627,10.698,11.0642,10.8318,11.1637,10.9622,11.2591,11.0907,11.3526,11.2169,11.4448,11.3404,11.5361,11.4599,11.6261,11.5751,11.7148,11.6866,11.8032,11.795,11.8916,11.9,11.9796,12.001,12.0669,12.0984,12.1543,12.1928,12.2421,12.2833,12.329,12.372,12.4152,12.4564,12.4867,12.4858,12.9099,11.5694,15.5131,5.85859,28.1379,-18.8582,68.1818
11.3422,11.3199,11.1129,11.6577,11.2206,11.7618,11.3904,11.8603,11.5469,11.9631,11.6956,12.0649,11.8394,12.1636,11.9798,12.2616,12.1165,12.3592,12.2494,12.4567,12.3775,12.5531,12.5008,12.6484,12.6198,12.7433,12.7356,12.8383,12.8479,12.9326,12.956,13.0262,13.0602,13.1199,13.1612,13.2141,13.2581,13.307,13.3532,13.3994,13.4438,13.4764,13.472,13.9372,12.4782,16.7321,6.42332,29.8623,-18.5965,71.2121
11.3422,12.6077,11.8518,12.5459,12.0675,12.6523,12.2415,12.7599,12.4088,12.8668,12.5704,12.9718,12.7266,13.0742,12.8781,13.177,13.0246,13.2803,13.1664,13.384,13.3028,13.4869,13.4337,13.5887,13.5602,13.6902,13.6832,13.7915,13.8025,13.8922,13.9175,13.992,14.0283,14.0918,14.1359,14.1922,14.2391,14.2912,14.3404,14.3896,14.437,14.4721,14.4638,14.9705,13.3934,17.9511,7.01623,31.5306,-18.2393,71.2121
13.0507,13.0373,12.8385,13.3931,12.9399,13.5408,13.1099,13.6617,13.2844,13.7747,13.457,13.884,13.6243,13.9909,13.7859,14.099,13.9416,14.2083,14.0917,14.3184,14.2358,14.4278,14.3741,14.5361,14.5077,14.6439,14.6378,14.7516,14.764,14.8584,14.8857,14.9643,15.0031,15.0702,15.1169,15.1766,15.2263,15.2816,15.3337,15.386,15.4364,15.4739,15.4613,16.0099,14.3153,19.17,7.63728,33.1485,-17.8134,74.2424
13.0507,14.3381,13.5999,14.2917,13.8197,14.4331,13.9935,14.5665,14.174,14.6868,14.356,14.8014,14.533,14.9137,14.7036,15.0277,14.8675,15.1433,15.0253,15.2599,15.1768,15.3759,15.3222,15.4906,15.4627,15.6048,15.5996,15.7187,15.7326,15.8316,15.8607,15.9434,15.9846,16.0552,16.1046,16.1676,16.2201,16.2784,16.3334,16.3886,16.442,16.4819,16.4647,17.0554,15.2443,20.3884,8.28613,34.7212,-17.3172,74.2424
14.807,14.797,14.5928,15.1618,14.7147,15.3315,14.8906,15.4754,15.0775,15.6032,15.2677,15.7242,15.453,15.8427,15.6313,15.9633,15.8025,16.0856,15.9675,16.2088,16.1259,16.3314,16.2781,16.4525,16.4253,16.5729,16.5688,16.6929,16.7083,16.8117,16.8429,16.9294,16.973,17.047,17.099,17.1653,17.2204,17.2817,17.3396,17.3977,17.454,17.4964,17.4743,18.1072,16.1807,21.6063,8.96225,36.2537,-16.7725,77.2727
14.807,16.1007,15.3862,16.077,15.6148,16.2381,15.8003,16.389,15.9947,16.5241,16.1921,16.6524,16.3842,16.7781,16.5691,16.9059,16.7469,17.0352,16.9183,17.1653,17.0832,17.2944,17.2419,17.4219,17.3955,17.5485,17.5454,17.6744,17.6913,17.799,17.8321,17.9225,17.9683,18.0458,18.1003,18.1698,18.2275,18.2917,18.3524,18.4133,18.4724,18.5173,18.49,19.1652,17.1249,22.8236,9.66489,37.7508,-16.1752,77.2727
16.6018,16.5957,16.3877,16.9709,16.528,17.1523,16.7228,17.3076,16.9256,17.4498,17.129,17.5864,17.3266,17.7202,17.517,17.8557,17.7004,17.9923,17.8778,18.1294,18.0488,18.2651,18.2137,18.3989,18.3735,18.5314,18.5297,18.6633,18.6818,18.7936,18.8286,18.9226,18.9708,19.0515,19.1085,19.1811,19.2413,19.3084,19.3718,19.4355,19.4975,19.5448,19.5121,20.2294,18.077,24.0403,10.3932,39.2168,-15.5433,80.303
16.6018,17.9038,17.2098,17.9051,17.4485,18.0734,17.6589,18.2309,17.8701,18.3808,18.0783,18.5265,18.28,18.6692,18.4748,18.813,18.6632,18.9571,18.8459,19.1012,19.0227,19.2435,19.1935,19.3835,19.3593,19.522,19.5215,19.6596,19.6797,19.7954,19.8324,19.9299,19.9804,20.0642,20.1236,20.1993,20.262,20.3319,20.398,20.4644,20.5291,20.5789,20.5405,21.2999,19.0372,25.2565,11.1464,40.6555,-14.8711,80.303
18.4397,18.4347,18.216,18.8227,18.3856,18.9983,18.6099,19.1589,18.8279,19.3174,19.0395,19.4732,19.2442,19.6254,19.4425,19.7779,19.6351,19.9298,19.8228,20.0809,20.0049,20.2297,20.1814,20.3758,20.353,20.5201,20.5211,20.6633,20.6851,20.8046,20.8435,20.9445,20.9972,21.0841,21.1459,21.2246,21.2897,21.3623,21.431,21.5,21.5675,21.6197,21.5755,22.3767,20.0057,26.4723,11.9233,42.0707,-14.174,83.3333
18.4397,19.7652,19.058,19.7689,19.3387,19.9251,19.5766,20.0916,19.7986,20.2604,20.0121,20.427,20.2186,20.5893,20.4197,20.7506,20.616,20.9104,20.8082,21.0686,20.9955,21.2238,21.1773,21.3759,21.3546,21.5259,21.5283,21.6746,21.698,21.8213,21.8621,21.9663,22.0212,22.1112,22.1752,22.2569,22.3243,22.3996,22.4709,22.5425,22.6126,22.6673,22.617,23.4596,20.9827,27.6877,12.723,43.4653,-13.4454,83.3333
20.2022,20.3761,20.0825,20.6839,20.3184,20.8516,20.5589,21.0297,20.7813,21.2105,20.9953,21.3885,21.203,21.561,21.4063,21.7314,21.6058,21.899,21.8022,22.0642,21.9943,22.2258,22.1814,22.3838,22.364,22.5394,22.5433,22.6934,22.7186,22.8453,22.888,22.9954,23.0525,23.1454,23.2116,23.2962,23.3659,23.4438,23.5176,23.5917,23.6644,23.7216,23.6651,24.5489,21.9681,28.9031,13.5446,44.8423,-12.682,84.8485
20.4388,21.5782,21.0318,21.5978,21.3218,21.7796,21.5554,21.9743,21.7752,22.1684,21.9886,22.3581,22.1969,22.541,22.4019,22.7204,22.6044,22.8958,22.8048,23.0679,23.0014,23.2357,23.1935,23.3995,23.3814,23.5605,23.5661,23.7198,23.7467,23.8768,23.9214,24.0318,24.0911,24.1868,24.2551,24.3426,24.4145,24.495,24.5711,24.6477,24.723,24.7826,24.7197,25.6442,22.9621,30.1185,14.3871,46.2042,-11.9027,86.3636
22.112,22.1754,22.1473,22.4859,22.345,22.7129,22.5633,22.9273,22.7788,23.1351,22.9912,23.3365,23.1998,23.5295,23.4064,23.7178,23.6116,23.9008,23.8157,24.0796,24.0168,24.2536,24.2137,24.4229,24.4066,24.5893,24.5965,24.7538,24.7824,24.9157,24.9621,25.0755,25.1369,25.2354,25.3058,25.3961,25.4701,25.5531,25.6316,25.7105,25.7883,25.8504,25.7811,26.7458,23.9646,31.3341,15.2494,47.5536,-11.1251,89.3939
22.9955,23.1046,23.1974,23.3997,23.3733,23.6577,23.5795,23.8903,23.791,24.1113,24.0024,24.324,24.2114,24.5269,24.4194,24.7237,24.6273,24.9141,24.835,25.0995,25.0403,25.2793,25.2418,25.4542,25.4397,25.6257,25.6347,25.7952,25.8256,25.962,26.0103,26.1265,26.19,26.2912,26.3635,26.4566,26.5326,26.6181,26.6989,26.7802,26.8604,26.925,26.849,27.8535,24.9757,32.5502,16.1307,48.8928,-10.3419,90.9091
23.97,24.0886,24.2061,24.3501,24.3985,24.6184,24.6015,24.8648,24.8108,25.0978,25.0215,25.3211,25.2311,25.5332,25.4408,25.7382,25.6513,25.9357,25.8625,26.1274,26.0719,26.3131,26.2779,26.4932,26.4806,26.6698,26.6805,26.8442,26.8764,27.0157,27.0658,27.1847,27.2502,27.3542,27.4283,27.5241,27.6022,27.69,27.7731,27.8566,27.9393,28.0063,27.9236,28.9672,25.9954,33.7669,17.0301,50.2236,-9.53934,92.4242
24.961,25.0829,25.2047,25.3298,25.4199,25.5964,25.6276,25.8519,25.8371,26.0952,26.0481,26.328,26.2587,26.5488,26.4703,26.7613,26.6835,26.9657,26.8981,27.1635,27.1115,27.3547,27.3219,27.54,27.5292,27.7215,27.7339,27.9006,27.9346,28.0767,28.1287,28.2502,28.3177,28.4243,28.5002,28.5986,28.6787,28.7688,28.854,28.9398,29.0248,29.0943,29.0049,30.087,27.0236,34.9844,17.9466,51.5474,-8.71903,93.9394
25.9602,26.0843,26.2078,26.3296,26.4407,26.5914,26.6575,26.8521,26.8693,27.1038,27.0817,27.3451,27.2939,27.5736,27.5076,27.7933,27.7237,28.0039,27.9418,28.2076,28.1591,28.4041,28.3738,28.5945,28.5855,28.7807,28.7949,28.9644,29.0003,29.1451,29.1989,29.3229,29.3924,29.5014,29.5791,29.6801,29.7621,29.8544,29.9418,30.0298,30.117,30.1889,30.0927,31.2128,28.0603,36.2029,18.8795,52.8655,-7.88219,95.4545
26.9682,27.0945,27.2199,27.3432,27.4644,27.6018,27.6912,27.8655,27.9073,28.1238,28.122,28.3723,28.3365,28.6078,28.5528,28.8339,28.7719,29.0505,28.9934,29.2597,29.2146,29.4614,29.4334,29.6566,29.6495,29.8474,29.8634,30.0357,30.0734,30.2207,30.2764,30.4027,30.4741,30.5857,30.665,30.7686,30.8523,30.9469,31.0363,31.1264,31.2159,31.2902,31.1871,32.3446,29.1055,37.4227,19.8281,54.1791,-7.02991,96.9697
27.9856,28.1142,28.2418,28.3676,28.4938,28.6257,28.7295,28.8918,28.9507,29.1552,29.1687,29.4098,29.3862,29.6513,29.6055,29.8833,29.8279,30.1054,30.0529,30.3198,30.2779,30.5264,30.5008,30.7262,30.7211,30.9215,30.9394,31.1142,31.1539,31.3036,31.361,31.4896,31.5629,31.6769,31.7578,31.8639,31.9494,32.0461,32.1376,32.2297,32.3214,32.3981,32.2881,33.4822,30.159,38.644,20.7916,55.4891,-6.16312,98.4848
29.0127,29.1435,29.2733,29.4013,29.5304,29.6621,29.7728,29.9305,29.9996,30.1979,30.2219,30.4575,30.443,30.7041,30.6657,30.9413,30.8915,31.1685,31.1201,31.3878,31.3489,31.5991,31.5757,31.8034,31.8003,32.003,32.0228,32.2,32.2416,32.3937,32.4528,32.5836,32.6587,32.7751,32.8575,32.9661,33.0533,33.152,33.2455,33.3396,33.4334,33.5126,33.3957,34.6257,31.2208,39.8668,21.7693,56.7964,-5.28261,100
30.0494,30.1823,30.3141,30.4441,30.5746,30.71,30.8216,30.9814,31.0541,31.2518,31.2814,31.5152,31.5068,31.7662,31.7334,32.008,31.9628,32.2398,32.1951,32.4636,32.4275,32.6795,32.6582,32.8881,32.8868,33.0918,33.1135,33.293,33.3365,33.4908,33.5517,33.6845,33.7615,33.8802,33.964,34.075,34.1639,34.2646,34.36,34.456,34.5519,34.6335,34.5097,35.7749,32.2909,41.0914,22.7605,58.1017,-4.38906,101.515
31.0954,31.2304,31.3644,31.4961,31.6261,31.7694,31.8761,32.0439,32.1144,32.3165,32.3472,32.5828,32.5775,32.8373,32.8083,33.0831,33.0416,33.3191,33.2776,33.5473,33.5137,33.7674,33.7483,33.9801,33.9808,34.1879,34.2115,34.3931,34.4385,34.595,34.6577,34.7924,34.8711,34.9922,35.0773,35.1906,35.2811,35.3838,35.4811,35.579,35.6769,35.7609,35.6302,36.9299,33.3691,42.318,23.7648,59.4059,-3.48304,103.03
32.1504,32.2874,32.4239,32.5582,32.6839,32.8401,32.9364,33.1175,33.1807,33.3917,33.4196,33.6601,33.6552,33.9174,33.8905,34.1666,34.1279,34.4064,34.3676,34.6386,34.6074,34.8627,34.8457,35.0794,35.082,35.291,35.3166,35.5003,35.5477,35.7062,35.7706,35.9072,35.9875,36.1109,36.1973,36.313,36.405,36.5096,36.6086,36.7084,36.8083,36.8946,36.757,38.0905,34.4553,43.5466,24.7816,60.7095,-2.56507,104.545
33.2132,33.3525,33.4918,33.6325,33.7466,33.9224,34.0028,34.2017,34.2532,34.477,34.4985,34.7468,34.7398,35.0063,34.98,35.2584,35.2215,35.5016,35.465,35.7375,35.7085,35.9655,35.9504,36.1859,36.1905,36.4013,36.4289,36.6144,36.6638,36.8243,36.8904,37.0287,37.1107,37.2364,37.3239,37.4419,37.5354,37.6418,37.7426,37.8442,37.946,38.0347,37.8903,39.2568,35.5494,44.7776,25.8103,62.0129,-1.63558,106.061
34.283,34.4239,34.5647,34.7219,34.8131,35.016,35.0754,35.2961,35.3323,35.5718,35.5842,35.8425,35.8314,36.1037,36.0766,36.3583,36.3225,36.6046,36.5698,36.844,36.8168,37.0756,37.0623,37.2996,37.3061,37.5186,37.5481,37.7355,37.7868,37.9492,38.017,38.157,38.2405,38.3685,38.4571,38.5773,38.6723,38.7805,38.883,38.9863,39.09,39.181,39.0298,40.4286,36.6513,46.0109,26.8504,63.3167,-0.69495,107.576
35.3633,35.5023,35.6348,35.8294,35.8834,36.1202,36.1546,36.4,36.4181,36.6759,36.6767,36.947,36.9301,37.2094,37.1805,37.4661,37.4307,37.7152,37.6819,37.9579,37.9324,38.1929,38.1814,38.4203,38.4287,38.6428,38.6743,38.8633,38.9166,39.0808,39.1504,39.292,39.377,39.5072,39.5968,39.7192,39.8156,39.9255,40.0297,40.1347,40.2401,40.3335,40.1755,41.6059,37.7609,47.2468,27.9015,64.6213,0.256497,109.091
36.4786,36.6025,36.6888,36.9554,36.9592,37.2338,37.2409,37.513,37.511,37.7888,37.7764,38.0599,38.0359,38.3232,38.2915,38.5818,38.5461,38.8334,38.8011,39.0791,39.0551,39.3173,39.3076,39.5479,39.5583,39.7738,39.8074,39.9979,40.0532,40.2191,40.2904,40.4335,40.5199,40.6523,40.7429,40.8674,40.9652,41.0769,41.1826,41.2892,41.3965,41.4922,41.3275,42.7886,38.8782,48.4853,28.9631,65.927,1.21847,110.606
37.713,37.7916,37.7168,38.093,38.0443,38.3552,38.3348,38.6345,38.6112,38.9099,38.8833,39.181,39.1489,39.445,39.4096,39.7051,39.6687,39.959,39.9274,40.2075,40.1849,40.4487,40.4408,40.6825,40.6948,40.9116,40.9472,41.1391,41.1965,41.364,41.437,41.5816,41.6693,41.8039,41.8954,42.022,42.1211,42.2344,42.3417,42.4499,42.5589,42.6569,42.4855,43.9767,40.0029,49.7266,30.035,67.2342,2.1907,112.121
37.713,39.2666,38.7498,39.2242,39.143,39.4835,39.4366,39.764,39.719,40.039,39.9975,40.3099,40.2691,40.5744,40.5349,40.8359,40.7984,41.0918,41.0608,41.343,41.3216,41.5871,41.5808,41.8238,41.8381,42.056,42.0937,42.2869,42.3463,42.5154,42.5902,42.736,42.825,42.9619,43.0541,43.1829,43.2832,43.3981,43.507,43.6167,43.7273,43.8276,43.6497,45.1701,41.135,50.9707,31.1167,68.5429,3.18532,112.121
39.936,40.0095,39.9511,40.331,40.2557,40.6186,40.5462,40.9011,40.8345,41.1756,41.1192,41.4463,41.3965,41.7113,41.6673,41.974,41.935,42.2319,42.2011,42.4855,42.4652,42.7323,42.7277,42.9718,42.9881,43.207,43.2468,43.4412,43.5026,43.6733,43.7497,43.8969,43.987,44.1262,44.219,44.3498,44.4514,44.5678,44.6782,44.7894,44.9016,45.0042,44.8198,46.3688,42.2743,52.2177,32.2078,69.8534,4.18434,115.152
40.9166,41.0485,41.141,41.4435,41.3763,41.7616,41.6638,42.0454,41.9579,42.3193,42.2485,42.5899,42.5312,42.8554,42.8068,43.1193,43.0787,43.379,43.3482,43.635,43.6156,43.8842,43.8813,44.1263,44.1448,44.3645,44.4063,44.6018,44.6653,44.8375,44.9157,45.064,45.1552,45.2966,45.3901,45.5229,45.6257,45.7436,45.8554,45.968,46.0819,46.1866,45.9958,47.5727,43.4208,53.4678,33.308,71.1661,5.18104,116.667
42.022,42.1647,42.2908,42.5823,42.4986,42.9132,42.7892,43.1963,43.0894,43.4698,43.3854,43.7406,43.6732,44.0066,43.9533,44.2716,44.2292,44.533,44.5021,44.7912,44.7727,45.0428,45.0415,45.2874,45.3079,45.5283,45.5723,45.7688,45.8343,46.0079,46.0878,46.2374,46.3295,46.4732,46.5673,46.702,46.8059,46.9253,47.0385,47.1525,47.2679,47.3748,47.1777,48.7816,44.5743,54.721,34.4171,72.4811,6.18727,118.182
43.192,43.3176,43.394,43.7548,43.6209,44.0733,43.9228,44.3535,44.2291,44.6268,44.5301,44.898,44.8224,45.1647,45.1069,45.4308,45.3866,45.6938,45.6628,45.9541,45.9365,46.2079,46.2083,46.4549,46.4775,46.6985,46.7447,46.942,47.0095,47.1845,47.2662,47.4169,47.5099,47.6558,47.7504,47.887,47.9921,48.1128,48.2274,48.3428,48.4596,48.5688,48.3654,49.9957,45.7347,55.9774,35.5347,73.7987,7.20287,119.697
44.5007,44.5688,44.4458,44.9544,44.7465,45.2401,45.0652,45.5166,45.3771,45.7901,45.6824,46.062,45.9789,46.3295,46.2673,46.5967,46.5507,46.8613,46.83,47.1236,47.1067,47.3794,47.3815,47.6287,47.6535,47.8749,47.9232,48.1213,48.1909,48.3672,48.4507,48.6024,48.6962,48.8444,48.9394,49.0779,49.184,49.3061,49.422,49.5387,49.657,49.7683,49.5589,51.2148,46.9019,57.2369,36.6607,75.1189,8.22767,121.212
44.5007,46.1283,45.4738,46.16,45.8827,46.4113,46.217,46.685,46.5335,46.9594,46.8423,47.2324,47.1426,47.5008,47.4347,47.7691,47.7215,48.0354,48.0038,48.2995,48.2835,48.5573,48.5612,48.8088,48.8357,49.0575,49.1079,49.3066,49.3782,49.5558,49.6412,49.794,49.8883,50.0389,50.1342,50.2746,50.3817,50.5052,50.6223,50.7403,50.86,50.9734,50.758,52.4388,48.0758,58.4997,37.7946,76.4418,9.27297,121.212
46.5612,47.122,46.6239,47.3437,47.0362,47.5849,47.3784,47.8586,47.698,48.1347,48.0098,48.409,48.3135,48.6785,48.6089,48.9481,48.8989,49.2159,49.184,49.4818,49.4666,49.7413,49.7471,49.995,50.0242,50.2461,50.2987,50.498,50.5716,50.7504,50.8376,50.9915,51.0863,51.2392,51.3348,51.477,51.5851,51.7098,51.8282,51.9474,52.0685,52.184,51.9627,53.6677,49.2562,59.7659,38.9364,77.7672,10.3338,122.727
47.3025,48.3355,47.8134,48.5071,48.2085,48.7602,48.5496,49.0372,48.8707,49.3157,49.1848,49.5917,49.4915,49.8625,49.7899,50.1333,50.0829,50.4028,50.3707,50.6703,50.6561,50.9316,50.9392,51.1872,51.2187,51.4406,51.4954,51.6952,51.7708,51.9508,52.0399,52.1948,52.2899,52.4452,52.5411,52.685,52.7941,52.92,53.0396,53.1601,53.2825,53.4001,53.1729,54.9015,50.4432,61.0354,40.0857,79.0953,11.399,124.242
48.6051,49.3929,49.0621,49.6562,49.3969,49.9378,49.7301,50.2209,50.0513,50.5023,50.3672,50.7803,50.6764,51.0526,50.9776,51.3248,51.2733,51.5959,51.5636,51.865,51.8518,52.1278,52.1375,52.3853,52.4192,52.641,52.698,52.8981,52.9757,53.1569,53.2479,53.4038,53.4992,53.6569,53.7529,53.8985,54.0087,54.1357,54.2565,54.3781,54.5018,54.6214,54.3886,56.14,51.6364,62.3082,41.2424,80.4263,12.4685,125.758
50.2571,50.3525,50.3315,50.8075,50.596,51.1193,50.9192,51.4097,51.2395,51.6947,51.5569,51.9748,51.8683,52.2487,52.1718,52.5224,52.47,52.7952,52.7627,53.0658,53.0536,53.33,53.3418,53.5894,53.6257,53.8473,53.9064,54.1068,54.1864,54.3687,54.4616,54.6186,54.7141,54.8742,54.9703,55.1176,55.2286,55.3569,55.4787,55.6015,55.7264,55.848,55.6097,57.3832,52.836,63.5845,42.4064,81.7602,13.5314,128.788
51.3938,51.5121,51.5506,51.9783,51.8008,52.3061,52.1161,52.604,52.4352,52.8926,52.7536,53.1751,53.067,53.4508,53.3726,53.7259,53.673,54.0005,53.9679,54.2725,54.2615,54.538,54.5521,54.7992,54.838,55.0592,55.1205,55.3212,55.4026,55.586,55.6809,55.839,55.9344,56.0969,56.1931,56.3421,56.454,56.5833,56.7063,56.8301,56.9562,57.0799,56.8361,58.6311,54.0416,64.8642,43.5773,83.0974,14.5923,130.303
52.7102,52.7985,52.72,53.1709,53.0087,53.4994,53.3201,53.8038,53.638,54.096,53.9573,54.381,54.2723,54.6587,54.5798,54.9354,54.8822,55.2117,55.1792,55.485,55.4753,55.7518,55.7683,56.0147,56.056,56.2768,56.3403,56.541,56.6243,56.8088,56.9057,57.0649,57.1601,57.3251,57.4213,57.5718,57.6846,57.815,57.9391,58.064,58.1912,58.3168,58.0677,59.8836,55.2533,66.1473,44.755,84.4379,15.6615,131.818
52.7102,54.3063,53.8781,54.3756,54.2202,54.6998,54.5305,55.0093,54.8476,55.305,55.1677,55.5926,55.4842,55.8724,55.7933,56.1507,56.0974,56.4288,56.3965,56.7032,56.6951,56.9712,56.9903,57.2359,57.2798,57.5,57.5656,57.7664,57.8515,58.037,58.1359,58.2963,58.3911,58.5586,58.6548,58.8069,58.9205,59.052,59.177,59.3029,59.4313,59.5588,59.3045,61.1406,56.471,67.4339,45.9394,85.7815,16.7496,131.818
55.1331,55.2063,55.1292,55.5808,55.4362,55.9075,55.7469,56.2206,56.0638,56.5195,56.3848,56.8097,56.7026,57.0917,57.013,57.3717,57.3186,57.6516,57.6196,57.9271,57.9207,58.1963,58.218,58.4625,58.5091,58.7286,58.7964,58.9971,59.084,59.2705,59.3715,59.5331,59.6274,59.7974,59.8935,60.0471,60.1616,60.294,60.42,60.5469,60.6764,60.8059,60.5465,62.4021,57.6945,68.7239,47.1302,87.1282,17.842,134.848
56.2457,56.356,56.3636,56.7952,56.6563,57.1224,56.9691,57.4378,57.2865,57.7394,57.6083,58.0322,57.9273,58.3166,58.2388,58.5983,58.5456,58.8801,58.8486,59.1565,59.1521,59.4267,59.4513,59.6947,59.7439,59.9626,60.0326,60.2331,60.3218,60.5091,60.6123,60.7753,60.8688,61.0414,61.1374,61.2925,61.4077,61.5411,61.6681,61.796,61.9265,62.0578,61.7935,63.668,58.9237,70.0174,48.3274,88.4781,18.9322,136.364
57.5657,57.6527,57.5633,58.0214,57.8808,58.3442,58.1967,58.6609,58.5153,58.9648,58.838,59.2602,59.1581,59.5471,59.4707,59.8305,59.7785,60.1142,60.0833,60.3913,60.3891,60.6626,60.6901,60.9321,60.9841,61.202,61.274,61.4744,61.5648,61.753,61.8582,62.0227,62.1153,62.2906,62.3863,62.5428,62.6589,62.7932,62.9211,63.0499,63.1814,63.3146,63.0455,64.9383,60.1586,71.3143,49.5309,89.8312,20.0304,137.879
57.5657,59.1633,58.7554,59.2539,59.1104,59.5726,59.4298,59.8897,59.7501,60.1954,60.0739,60.4934,60.3949,60.783,60.7084,61.0683,61.017,61.3537,61.3237,61.6315,61.6318,61.9038,61.9345,62.1749,62.2297,62.4466,62.5207,62.7208,62.8128,63.0018,63.1093,63.2753,63.3669,63.5447,63.6403,63.7982,63.915,64.0502,64.179,64.3087,64.4412,64.5761,64.3024,66.2129,61.399,72.6146,50.7404,91.1874,21.1466,137.879
60.0331,60.1066,60.0274,60.4854,60.3459,60.8072,60.6684,61.124,60.9908,61.4314,61.3157,61.7319,61.6377,62.0243,61.952,62.3114,62.261,62.5986,62.5696,62.8769,62.88,63.1502,63.1842,63.4229,63.4806,63.6963,63.7726,63.9723,64.0659,64.2557,64.3653,64.533,64.6234,64.8038,64.8992,65.0584,65.176,65.312,65.4417,65.5723,65.7057,65.8424,65.5642,67.4917,62.6449,73.9185,51.9559,92.5465,22.2668,140.909
61.1734,61.283,61.2843,61.7239,61.5868,62.0476,61.9125,62.3638,62.2373,62.6725,62.5633,62.9756,62.8861,63.2709,63.2012,63.5599,63.5106,63.8488,63.8212,64.1274,64.1336,64.4017,64.4392,64.6761,64.7366,64.9512,65.0295,65.2288,65.3239,65.5144,65.6262,65.7958,65.8847,66.0679,66.163,66.3235,66.4417,66.5786,66.7092,66.8406,66.9749,67.1134,66.8308,68.7748,63.8962,75.2257,53.1772,93.9088,23.3849,142.424
62.5132,62.6016,62.5103,62.9724,62.8329,63.2935,63.1622,63.6088,63.4895,63.9187,63.8165,64.2245,64.1401,64.5227,64.456,64.8138,64.7655,65.1041,65.0782,65.383,65.3926,65.6583,65.6995,65.9343,65.9978,66.2111,66.2915,66.4903,66.5868,66.7779,66.8919,67.0636,67.1509,67.3367,67.4315,67.5933,67.7123,67.85,67.9813,68.1135,68.2487,68.3889,68.102,70.0619,65.1527,76.5363,54.4042,95.2741,24.5106,143.939
62.5132,64.1187,63.73,64.2265,64.0847,64.5445,64.4176,64.8588,64.7472,65.1699,65.0752,65.4784,65.3996,65.7797,65.7163,66.0729,66.0257,66.3646,66.3405,66.6435,66.657,66.9199,66.9649,67.1975,67.2639,67.476,67.5583,67.7566,67.8545,68.0462,68.1624,68.3362,68.4219,68.6103,68.7049,68.8679,68.9875,69.1259,69.2581,69.3911,69.5271,69.669,69.378,71.3532,66.4144,77.8504,55.6368,96.6423,25.6533,143.939
65.0274,65.1006,65.0192,65.4805,65.3426,65.8002,65.6788,66.1136,66.0105,66.426,66.3392,66.7372,66.6643,67.0419,66.9819,67.3373,67.2912,67.63,67.6083,67.909,67.9265,68.1864,68.2353,68.4656,68.5351,68.7457,68.83,69.0278,69.127,69.3191,69.4375,69.6138,69.6975,69.8886,69.9828,70.147,70.2673,70.4065,70.5394,70.6731,70.81,70.9535,70.6585,72.6485,67.6813,79.1678,56.8749,98.0135,26.8,146.97
66.1925,66.3009,66.2955,66.7408,66.6064,67.0602,66.9458,67.3732,67.2791,67.687,67.6084,68.001,67.9341,68.309,68.2528,68.6068,68.5618,68.9003,68.8813,69.1792,69.2012,69.4578,69.5108,69.7386,69.8111,70.0203,70.1066,70.3037,70.404,70.5966,70.7172,70.8962,70.9777,71.1715,71.2654,71.4307,71.5517,71.6916,71.8252,71.9597,72.0973,72.2424,71.9436,73.9478,68.9532,80.4885,58.1185,99.3875,27.9445,148.485
67.5494,67.6385,67.5446,68.0094,67.8761,68.3243,68.2186,68.6372,68.553,68.9528,68.8825,69.2696,69.2088,69.5811,69.5287,69.8814,69.8374,70.1753,70.1596,70.4541,70.4809,70.7339,70.7912,71.0164,71.0919,71.2996,71.3878,71.5843,71.6857,71.8786,72.0013,72.1832,72.2624,72.459,72.5525,72.7189,72.8405,72.9811,73.1155,73.2506,73.389,73.5356,73.2332,75.2511,70.23,81.8126,59.3673,100.764,29.0961,150
67.5494,69.1613,68.7889,69.2823,69.1523,69.5922,69.4972,69.9057,69.8319,70.2234,70.1615,70.543,70.4883,70.8581,70.8097,71.1612,71.1181,71.455,71.443,71.7336,71.7657,72.0147,72.0764,72.2989,72.3774,72.5837,72.6737,72.8695,72.9719,73.165,73.2899,73.475,73.5517,73.751,73.8441,74.0116,74.1338,74.275,74.4101,74.5459,74.685,74.8332,74.5272,76.5582,71.5117,83.14,60.6214,102.144,30.2639,150
70.1076,70.1798,70.0945,70.554,70.4357,70.8636,70.7815,71.1787,71.1159,71.4986,71.4452,71.8212,71.7724,72.1397,72.0955,72.4459,72.4037,72.7393,72.7315,73.0177,73.0554,73.3002,73.3663,73.5861,73.6676,73.8724,73.9641,74.1592,74.2626,74.4558,74.5827,74.7713,74.8454,75.0473,75.1402,75.3086,75.4314,75.5732,75.709,75.8454,75.9852,76.1349,75.8255,77.8691,72.7982,84.4707,61.8807,103.527,31.4356,153.03
71.2978,71.4042,71.3905,71.8289,71.7261,72.1384,72.0713,72.456,72.4046,72.7785,72.7333,73.1039,73.061,73.4261,73.3861,73.7356,73.6942,74.028,74.0251,74.3062,74.3498,74.5903,74.6609,74.8779,74.9624,75.1656,75.2591,75.4534,75.5576,75.7509,75.8798,76.0721,76.1434,76.348,76.4405,76.6099,76.7333,76.8757,77.0121,77.1492,77.2897,77.4408,77.1282,79.1838,74.0894,85.8046,63.145,104.912,32.6051,154.545
72.6724,72.7621,72.6663,73.1077,73.0235,73.4168,73.3664,73.7378,73.698,74.0631,74.0258,74.3913,74.354,74.717,74.6812,75.0302,74.9896,75.3211,75.3237,75.5992,75.6491,75.8848,75.9602,76.1742,76.2617,76.4633,76.5585,76.7521,76.857,77.0502,77.1809,77.3774,77.4457,77.653,77.7452,77.9155,78.0394,78.1824,78.3195,78.4572,78.5982,78.7508,78.435,80.5023,75.3853,87.1418,64.4142,106.299,33.7812,156.061
72.6724,74.2924,73.9447,74.3867,74.328,74.6989,74.6665,75.0242,74.9958,75.3524,75.3226,75.6832,75.651,76.0123,75.9808,76.3296,76.2898,76.6183,76.6272,76.8965,76.953,77.1839,77.2639,77.475,77.5654,77.7655,77.8624,78.0551,78.1607,78.3537,78.4862,78.6872,78.7523,78.9622,79.054,79.2252,79.3497,79.4933,79.6309,79.7692,79.9109,80.0648,79.7461,81.8244,76.6857,88.4821,65.6884,107.69,34.9728,156.061
75.2569,75.3402,75.2872,75.662,75.6389,75.9851,75.9713,76.3152,76.2979,76.6462,76.6234,76.9795,76.9521,77.3119,77.2846,77.6338,77.595,77.9197,77.9356,78.1981,78.2616,78.4873,78.5721,78.7803,78.8736,79.0721,79.1705,79.3625,79.4686,79.6613,79.7954,80.0012,80.0631,80.2756,80.3671,80.5391,80.6642,80.8082,80.9464,81.0853,81.2275,81.3828,81.0613,83.1501,77.9906,89.8256,66.9674,109.083,36.168,159.091
76.4189,76.5575,76.6341,76.9391,76.9549,77.2761,77.2802,77.6109,77.604,77.9448,77.9282,78.2802,78.2571,78.6156,78.5926,78.9426,78.9049,79.2251,79.2488,79.5039,79.5746,79.7951,79.8847,80.0898,80.186,80.383,80.4829,80.6741,80.7807,80.9729,81.1085,81.3195,81.378,81.5931,81.6842,81.857,81.9826,82.1272,82.266,82.4053,82.5482,82.7047,82.3805,84.4795,79.3,91.1723,68.2511,110.478,37.361,160.606
77.6816,77.8383,77.9723,78.223,78.2743,78.5723,78.593,78.9115,78.914,79.248,79.2368,79.5853,79.5659,79.9235,79.9045,80.256,80.2197,80.5344,80.5667,80.8138,80.8921,81.1072,81.2016,81.4037,81.5027,81.6982,81.7995,81.9899,82.0969,82.2886,82.4254,82.642,82.697,82.9146,83.0054,83.1789,83.3051,83.4502,83.5895,83.7294,83.8727,84.0305,83.7038,85.8123,80.6138,92.522,69.5396,111.876,38.5602,162.121
78.9799,79.1442,79.302,79.5161,79.5959,79.8742,79.9094,80.2171,80.2278,80.5558,80.5491,80.8946,80.8783,81.2352,81.2203,81.5738,81.5395,81.8474,81.8893,82.1279,82.2139,82.4235,82.5227,82.7218,82.8236,83.0175,83.1203,83.3098,83.4171,83.6081,83.746,83.9687,84.02,84.2401,84.3306,84.5048,84.6315,84.7771,84.9169,85.0572,85.2011,85.3601,85.031,87.1487,81.9318,93.8748,70.8326,113.277,39.7656,163.636
80.2927,80.4599,80.6266,80.8196,80.9187,81.1823,81.2291,81.5277,81.5452,81.8683,81.8651,82.2082,82.1943,82.5507,82.5396,82.8959,82.8641,83.1642,83.2165,83.4461,83.54,83.7441,83.848,84.0442,84.1485,84.3411,84.4452,84.6339,84.7414,84.9316,85.0703,85.2994,85.347,85.5695,85.6597,85.8346,85.9618,86.1078,86.2481,86.389,86.5333,86.6935,86.3622,88.4884,83.2541,95.2307,72.1303,114.68,40.9772,165.152
81.6116,81.7798,81.9492,82.1334,82.2424,82.4965,82.5518,82.8434,82.8661,83.1855,83.1847,83.526,83.5137,83.8699,83.8623,84.222,84.1937,84.4845,84.5482,84.7683,84.8703,85.0687,85.1773,85.3706,85.4776,85.6687,85.7741,85.962,86.0696,86.2589,86.3981,86.6342,86.678,86.9028,86.9927,87.1683,87.296,87.4423,87.5831,87.7244,87.8692,88.0306,87.6972,89.8316,84.5806,96.5895,73.4324,116.085,42.1947,166.667
82.9342,83.1022,83.2712,83.457,83.5669,83.817,83.8776,84.1642,84.1904,84.5073,84.5078,84.8479,84.8366,85.1926,85.1882,85.5521,85.5282,85.8084,85.8843,86.0945,86.2047,86.3975,86.5107,86.7011,86.8106,87.0003,87.1069,87.2941,87.4018,87.59,87.7294,87.9729,88.0128,88.2398,88.3296,88.5057,88.6339,88.7806,88.9219,89.0636,89.2089,89.3714,89.036,91.1781,85.9111,97.9513,74.7389,117.493,43.4181,168.182
84.2609,84.4276,84.5926,84.7901,84.8926,85.1434,85.2063,85.4902,85.518,85.8338,85.8344,86.1738,86.1628,86.5187,86.5171,86.8857,86.8679,87.1358,87.2247,87.4247,87.5431,87.7303,87.8481,88.0357,88.1476,88.336,88.4437,88.6302,88.7378,88.9248,89.0641,89.3154,89.3514,89.5807,89.6702,89.8468,89.9755,90.1227,90.2643,90.4065,90.5522,90.7157,90.3785,92.528,87.2458,99.3161,76.0498,118.903,44.6474,169.697
85.5958,85.7584,85.9117,86.1317,86.2204,86.4754,86.538,86.8213,86.8488,87.1648,87.1645,87.5039,87.4923,87.8482,87.8489,88.2228,88.2126,88.4665,88.5694,88.7588,88.8855,89.0672,89.1893,89.3742,89.4884,89.6756,89.7844,89.9701,90.0776,90.2634,90.4021,90.6618,90.6938,90.9252,91.0145,91.1917,91.3208,91.4683,91.6104,91.753,91.8991,92.0636,91.7248,93.881,88.5844,100.684,77.3651,120.315,45.8823,171.212
86.9489,87.1016,87.2263,87.4804,87.5511,87.8126,87.8727,88.1574,88.1829,88.5004,88.498,88.8379,88.8251,89.1809,89.1832,89.563,89.5624,89.8006,89.9183,90.0968,90.2317,90.4079,90.5344,90.7167,90.8331,91.0191,91.1288,91.3139,91.4213,91.6056,91.7434,92.0119,92.0399,92.2734,92.3625,92.5401,92.6698,92.8176,92.9601,93.1031,93.2495,93.4151,93.0747,95.2373,89.927,102.054,78.6846,121.729,47.1229,172.727
88.3429,88.4736,88.5356,88.8339,88.8859,89.1546,89.2104,89.4987,89.5202,89.8405,89.8351,90.1759,90.1613,90.5168,90.5201,90.9058,90.9174,91.1381,91.2711,91.4387,91.5817,91.7526,91.8832,92.063,92.1815,92.3663,92.4771,92.6615,92.7687,92.9515,93.0879,93.3657,93.3898,93.6251,93.7142,93.8922,94.0223,94.1704,94.3133,94.4567,94.6035,94.7699,94.4282,96.5968,91.2735,103.428,80.0083,123.145,48.369,174.242
89.8073,89.9095,89.8441,90.1886,90.2259,90.5012,90.5512,90.8448,90.8608,91.1851,91.1756,91.5179,91.5007,91.8558,91.8592,92.251,92.2775,92.4789,92.6279,92.7845,92.9355,93.1012,93.2357,93.4131,93.5337,93.7174,93.829,94.0129,94.1198,94.301,94.4355,94.7231,94.7432,94.9804,95.0694,95.2478,95.3783,95.5267,95.67,95.8137,95.9609,96.1282,95.7852,97.9594,92.6238,104.804,81.3362,124.563,49.6205,175.758
89.8073,91.4637,91.1692,91.5403,91.5717,91.8522,91.895,92.196,92.2047,92.5341,92.5197,92.8639,92.8436,93.1979,93.2005,93.5981,93.6428,93.823,93.9885,94.1341,94.2928,94.4536,94.5919,94.767,94.8895,95.0722,95.1846,95.3679,95.4745,95.654,95.7861,96.084,96.1003,96.3392,96.4281,96.6068,96.7378,96.8865,97.0302,97.1742,97.3217,97.4899,97.1458,99.325,93.9778,106.182,82.6682,125.984,50.8853,175.758
92.5189,92.6011,92.5492,92.887,92.9231,93.2078,93.2418,93.5519,93.5519,93.8874,93.8674,94.2137,94.1899,94.5432,94.5438,94.9467,95.0132,95.1705,95.3527,95.4875,95.6538,95.8098,95.9517,96.1247,96.2488,96.4307,96.5438,96.7266,96.8329,97.0106,97.1397,97.4484,97.4608,97.7014,97.7903,97.9693,98.1007,98.2497,98.3937,98.5381,98.6858,98.8548,98.5098,100.694,95.3356,107.564,84.0042,127.406,52.1531,178.788
93.7391,93.8746,93.9402,94.2327,94.2791,94.5682,94.5915,94.9126,94.9025,95.2449,95.2188,95.5675,95.5396,95.8916,95.8891,96.2962,96.3887,96.5214,96.7206,96.8447,97.0182,97.1697,97.315,97.486,97.6118,97.7928,97.9066,98.0889,98.1948,98.3708,98.4962,98.8162,98.8249,99.0671,99.1559,99.3352,99.4671,99.6163,99.7606,99.9053,100.053,100.223,99.8773,102.065,96.6971,108.948,85.3443,128.83,53.4185,180.303
95.051,95.2049,95.3292,95.5818,95.6383,95.9337,95.9441,96.278,96.2565,96.6066,96.5739,96.9252,96.893,97.2433,97.2364,97.646,97.7691,97.8758,98.0918,98.2057,98.3861,98.5333,98.6817,98.8509,98.9782,99.1585,99.2729,99.4548,99.5603,99.7344,99.8555,100.187,100.192,100.436,100.525,100.704,100.837,100.986,101.131,101.276,101.424,101.595,101.248,103.44,98.0622,110.335,86.6883,130.256,54.6889,181.818
96.3977,96.5605,96.7132,96.9377,96.9992,97.3049,97.2995,97.6478,97.6141,97.9724,97.9328,98.2867,98.2501,98.5982,98.5858,98.9957,99.1542,99.2338,99.4664,99.5705,99.7573,99.9005,100.052,100.219,100.348,100.528,100.643,100.824,100.929,101.102,101.218,101.562,101.563,101.808,101.897,102.077,102.21,102.359,102.504,102.649,102.798,102.969,102.622,104.818,99.4309,111.725,88.0362,131.683,55.9644,183.333
97.7601,97.9269,98.0923,98.3032,98.3604,98.6819,98.6577,99.022,98.9754,99.3421,99.2956,99.6522,99.6109,99.9567,99.9372,100.345,100.544,100.595,100.844,100.939,101.132,101.271,101.425,101.591,101.721,101.9,102.016,102.197,102.302,102.472,102.582,102.939,102.938,103.184,103.273,103.453,103.586,103.736,103.881,104.026,104.175,104.347,104,106.198,100.803,113.117,89.388,133.113,57.2449,184.848
99.1294,99.2975,99.4669,99.68,99.721,100.065,100.019,100.4,100.341,100.716,100.662,101.022,100.976,101.319,101.291,101.692,101.938,101.961,102.225,102.311,102.51,102.646,102.802,102.967,103.098,103.276,103.392,103.573,103.678,103.846,103.95,104.32,104.315,104.563,104.652,104.832,104.965,105.115,105.261,105.406,105.555,105.728,105.38,107.581,102.179,114.511,90.7437,134.544,58.5302,186.364
100.504,100.67,100.836,101.07,101.081,101.453,101.383,101.782,101.71,102.093,102.033,102.395,102.344,102.685,102.647,103.038,103.336,103.33,103.609,103.687,103.89,104.024,104.182,104.346,104.478,104.656,104.772,104.953,105.057,105.224,105.32,105.704,105.696,105.944,106.034,106.214,106.348,106.498,106.644,106.79,106.939,107.112,106.764,108.968,103.558,115.908,92.1031,135.977,59.8205,187.879
101.886,102.047,102.197,102.473,102.439,102.847,102.751,103.168,103.083,103.474,103.408,103.772,103.717,104.055,104.007,104.38,104.737,104.703,104.996,105.067,105.274,105.405,105.566,105.728,105.861,106.039,106.155,106.336,106.44,106.605,106.693,107.091,107.081,107.329,107.419,107.599,107.733,107.884,108.03,108.176,108.325,108.499,108.151,110.356,104.941,117.308,93.4663,137.412,61.1154,189.394
103.29,103.436,103.544,103.889,103.798,104.246,104.123,104.557,104.46,104.858,104.786,105.153,105.094,105.429,105.37,105.72,106.142,106.08,106.385,106.45,106.661,106.79,106.952,107.114,107.247,107.425,107.542,107.722,107.826,107.989,108.068,108.48,108.468,108.717,108.807,108.987,109.122,109.273,109.419,109.565,109.715,109.889,109.542,111.748,106.326,118.71,94.8332,138.848,62.4151,190.909
104.742,104.857,104.875,105.317,105.158,105.648,105.499,105.949,105.841,106.246,106.169,106.538,106.476,106.807,106.737,107.056,107.549,107.462,107.777,107.837,108.052,108.178,108.342,108.503,108.637,108.814,108.931,109.112,109.215,109.377,109.445,109.873,109.858,110.109,110.198,110.379,110.514,110.664,110.811,110.957,111.107,111.281,110.935,113.142,107.716,120.114,96.2037,140.286,63.7193,192.424
106.28,106.351,106.188,106.754,106.521,107.053,106.88,107.344,107.227,107.638,107.556,107.926,107.861,108.19,108.108,108.387,108.957,108.848,109.172,109.227,109.445,109.57,109.734,109.895,110.029,110.207,110.324,110.505,110.607,110.768,110.825,111.268,111.252,111.503,111.593,111.773,111.908,112.059,112.206,112.353,112.503,112.677,112.331,114.539,109.108,121.521,97.5779,141.725,65.0282,193.939
106.28,107.985,107.495,108.192,107.891,108.459,108.266,108.742,108.617,109.032,108.947,109.319,109.252,109.578,109.486,109.714,110.367,110.238,110.569,110.621,110.841,110.965,111.13,111.29,111.425,111.603,111.72,111.901,112.003,112.163,112.207,112.666,112.649,112.9,112.99,113.17,113.306,113.457,113.604,113.751,113.901,114.076,113.73,115.939,110.504,122.93,98.9557,143.166,66.3486,193.939
109.383,109.325,108.827,109.627,109.269,109.865,109.657,110.142,110.011,110.43,110.343,110.715,110.646,110.971,110.87,111.036,111.776,111.632,111.969,112.018,112.239,112.363,112.529,112.689,112.824,113.001,113.118,113.3,113.402,113.561,113.592,114.067,114.049,114.3,114.39,114.571,114.707,114.858,115.005,115.152,115.302,115.477,115.133,117.341,111.903,124.341,100.337,144.608,67.6716,196.97
109.383,110.964,110.167,111.052,110.657,111.272,111.054,111.544,111.41,111.831,111.742,112.115,112.045,112.369,112.262,112.352,113.185,113.031,113.371,113.419,113.641,113.764,113.93,114.09,114.225,114.403,114.52,114.702,114.804,114.963,114.979,115.47,115.451,115.703,115.794,115.974,116.11,116.261,116.408,116.556,116.706,116.881,116.538,118.746,113.305,125.755,101.722,146.052,68.999,196.97
110.394,112.521,111.624,112.538,112.13,112.751,112.53,113.022,112.886,113.308,113.219,113.591,113.521,113.845,113.736,113.736,114.665,114.508,114.849,114.896,115.118,115.241,115.407,115.568,115.703,115.881,115.998,116.179,116.281,116.44,116.44,116.948,116.929,117.18,117.272,117.452,117.588,117.739,117.886,118.034,118.184,118.36,118.016,120.224,114.782,127.236,103.194,147.543,70.4516,197.98
