SPACE_POINTS_X
50,51.0067,52.0134,53.0201,54.0268,55.0336,56.0403,57.047,58.0537,59.0604,60.0671,61.0738,62.0805,63.0872,64.094,65.1007,66.1074,67.1141,68.1208,69.1275,70.1342,71.1409,72.1477,73.1544,74.1611,75.1678,76.1745,77.1812,78.1879,79.1946,80.2013,81.2081,82.2148,83.2215,84.2282,85.2349,86.2416,87.2483,88.255,89.2617,90.2685,91.2752,92.2819,93.2886,94.2953,95.302,96.3087,97.3154,98.3221,99.3289,100.336,101.342,102.349,103.356,104.362,105.369,106.376,107.383,108.389,109.396,110.403,111.409,112.416,113.423,114.43,115.436,116.443,117.45,118.456,119.463,120.47,121.477,122.483,123.49,124.497,125.503,126.51,127.517,128.523,129.53,130.537,131.544,132.55,133.557,134.564,135.57,136.577,137.584,138.591,139.597,140.604,141.611,142.617,143.624,144.631,145.638,146.644,147.651,148.658,149.664,150.671,151.678,152.685,153.691,154.698,155.705,156.711,157.718,158.725,159.732,160.738,161.745,162.752,163.758,164.765,165.772,166.779,167.785,168.792,169.799,170.805,171.812,172.819,173.826,174.832,175.839,176.846,177.852,178.859,179.866,180.872,181.879,182.886,183.893,184.899,185.906,186.913,187.919,188.926,189.933,190.94,191.946,192.953,193.96,194.966,195.973,196.98,197.987,198.993,200
SPACE_POINTS_Y
0,0.0244898,0.0489796,0.0734694,0.0979592,0.122449,0.146939,0.171429,0.195918,0.220408,0.244898,0.269388,0.293878,0.318367,0.342857,0.367347,0.391837,0.416327,0.440816,0.465306,0.489796,0.514286,0.538776,0.563265,0.587755,0.612245,0.636735,0.661224,0.685714,0.710204,0.734694,0.759184,0.783673,0.808163,0.832653,0.857143,0.881633,0.906122,0.930612,0.955102,0.979592,1.00408,1.02857,1.05306,1.07755,1.10204,1.12653,1.15102,1.17551,1.2
VALUES
0,0,0,0,0,0,0,0,0,0,0,0,0,0,0,0,0,0,0,0,0,0,0,0,0,0,0,0,0,0,0,0,0,0,0,0,0,0,0,0,0,0,0,0,0,0,0,0,0,0
0.596617,0.563445,0.462473,0.59503,0.481974,0.576476,0.504917,0.566381,0.520984,0.562475,0.532893,0.561891,0.542429,0.563137,0.550422,0.565443,0.55737,0.568411,0.56359,0.571799,0.569281,0.575425,0.574513,0.579138,0.579331,0.582877,0.583833,0.586648,0.588091,0.590379,0.592063,0.594014,0.595822,0.597747,0.600613,0.605592,0.580229,0.648272,0.521973,0.749629,0.395613,0.932329,0.159125,1.24876,-0.262414,1.82552,-1.11335,3.28644,-5.0039,51.0067
0.596617,1.31011,0.898049,1.1762,0.967478,1.14402,1.00989,1.1278,1.04082,1.12171,1.06436,1.12139,1.08342,1.12437,1.09949,1.1293,1.11348,1.13545,1.12602,1.14238,1.13748,1.14976,1.14803,1.15728,1.15773,1.16484,1.1668,1.17244,1.17537,1.17996,1.18336,1.18728,1.19091,1.19476,1.20045,1.21095,1.15913,1.29693,1.04172,1.50065,0.787911,1.86756,0.313285,2.50268,-0.532604,3.66048,-2.24234,6.60165,-9.78577,51.0067
1.69521,1.63112,1.42625,1.72716,1.46311,1.701,1.51777,1.68389,1.5611,1.67782,1.59539,1.67879,1.6237,1.68406,1.64775,1.69194,1.66879,1.70148,1.68768,1.7121,1.70497,1.72333,1.72088,1.73474,1.73552,1.74618,1.74918,1.75766,1.7621,1.76901,1.77414,1.78005,1.78552,1.79128,1.79975,1.81628,1.737,1.94604,1.55972,2.25286,1.17769,2.80501,0.463977,3.75996,-0.807218,5.49949,-3.37484,9.89968,-13.9485,53.0201
1.69521,2.3458,1.89403,2.26802,1.96889,2.2476,2.03015,2.23467,2.08295,2.231,2.12681,2.2344,2.16387,2.24255,2.19572,2.25371,2.22373,2.26685,2.24896,2.28128,2.27209,2.29644,2.29337,2.31181,2.31297,2.32717,2.33126,2.34257,2.34854,2.35778,2.36466,2.37255,2.37987,2.38754,2.39872,2.42176,2.31413,2.59567,2.07638,3.00608,1.56568,3.74401,0.612602,5.01892,-1.0831,7.33743,-4.4992,13.1425,-17.5476,53.0201
2.27947,2.81996,2.42359,2.78727,2.48506,2.78519,2.54759,2.7806,2.60714,2.78154,2.65927,2.7885,2.70447,2.80014,2.74381,2.81492,2.77867,2.83185,2.81018,2.85022,2.83912,2.86939,2.86579,2.88875,2.89034,2.90807,2.91327,2.92741,2.93493,2.94648,2.95513,2.965,2.97417,2.98373,2.99757,3.02756,2.89078,3.24588,2.59213,3.76012,1.9526,4.68395,0.760468,6.27796,-1.35729,9.1695,-5.60467,16.3023,-20.6494,54.0268
3.20337,3.15922,2.98595,3.29564,3.00821,3.31613,3.06992,3.32243,3.13411,3.32985,3.19324,3.34142,3.24592,3.35714,3.29242,3.37587,3.33394,3.39677,3.37165,3.41918,3.40636,3.44242,3.43838,3.46582,3.46789,3.4891,3.49544,3.51239,3.52147,3.53533,3.54574,3.5576,3.56862,3.58004,3.59647,3.63383,3.46718,3.89672,3.10733,4.51482,2.33907,5.62424,0.908798,7.53561,-1.62705,10.9913,-6.68172,19.36,-23.3296,56.0403
3.20337,3.81756,3.48556,3.8118,3.53426,3.84291,3.59655,3.86112,3.66402,3.87637,3.72911,3.89349,3.78859,3.91384,3.84187,3.93683,3.88985,3.96188,3.93363,3.98841,3.97405,4.01576,4.01139,4.04322,4.04582,4.07049,4.07798,4.09771,4.10836,4.12452,4.13669,4.15052,4.16338,4.17664,4.19559,4.2407,4.04357,4.54823,3.62234,5.27002,2.72571,6.56435,1.05872,8.7905,-1.88986,12.7988,-7.72214,22.3027,-25.6183,56.0403
4.23765,4.19546,4.01318,4.32831,4.06276,4.36743,4.1268,4.3977,4.19692,4.42163,4.26711,4.44504,4.33277,4.47052,4.39245,4.49806,4.44667,4.5274,4.49639,4.55814,4.54243,4.58965,4.58502,4.62117,4.62434,4.65242,4.66107,4.68357,4.69578,4.71422,4.72815,4.74394,4.75862,4.7737,4.79509,4.84831,4.62016,5.20045,4.13748,6.02556,3.11307,7.50378,1.2113,10.0413,-2.14341,14.5884,-8.7191,25.123,-27.5734,58.0537
4.23765,4.89841,4.49507,4.8477,4.59386,4.89118,4.66004,4.93315,4.73272,4.96615,4.80741,4.99643,4.87872,5.02744,4.94441,5.05979,5.00463,5.09357,5.06014,5.12857,5.11169,5.16426,5.15948,5.19986,5.20363,5.23506,5.24489,5.27012,5.2839,5.3046,5.32027,5.338,5.35449,5.37137,5.39511,5.45676,5.19713,5.85342,4.65307,6.7813,3.50167,8.44204,1.36749,11.287,-2.38561,16.357,-9.66708,27.8173,-29.225,58.0537
4.80713,5.38031,5.03774,5.35562,5.12853,5.41544,5.19573,5.46835,5.27132,5.51044,5.35015,5.54797,5.42661,5.58488,5.49797,5.62224,5.56394,5.66057,5.62508,5.6999,5.68204,5.73978,5.73493,5.77944,5.78386,5.81859,5.8296,5.85752,5.87285,5.89579,5.9132,5.93284,5.95113,5.96976,5.99579,6.06617,5.77468,6.50715,5.16937,7.5371,3.89201,9.37871,1.52818,12.5264,-2.61461,18.1018,-10.5618,30.3851,-30.6119,59.0604
5.70066,5.70005,5.62594,5.8588,5.66458,5.94157,5.73348,6.00406,5.81263,6.05499,5.89537,6.10001,5.97662,6.14306,6.0533,6.18562,6.12478,6.22861,6.19138,6.2723,6.25363,6.31638,6.31155,6.36009,6.36518,6.40315,6.41534,6.44591,6.46279,6.48793,6.50706,6.5286,6.54865,6.56901,6.59724,6.67661,6.35295,7.16167,5.68666,8.29283,4.28451,10.3134,1.6942,13.7586,-2.82873,19.8207,-11.4002,32.8285,-31.7837,61.0738
6.16547,6.18766,6.16953,6.37696,6.19859,6.47064,6.27312,6.54086,6.35656,6.60025,6.44313,6.65286,6.52885,6.70223,6.61057,6.75013,6.68734,6.79784,6.75923,6.84593,6.82663,6.8942,6.88947,6.94193,6.94772,6.98887,7.00225,7.03543,7.05384,7.08115,7.10198,7.12538,7.14718,7.16923,7.19957,7.28819,6.9321,7.81701,6.20517,9.04838,4.67961,11.2457,1.8663,14.9827,-3.02652,21.5118,-12.18,35.1512,-32.759,62.0805
6.75621,6.75816,6.66178,6.91412,6.73027,7.0029,6.81472,7.07917,6.90307,7.14663,6.99346,7.20681,7.08341,7.26261,7.16992,7.31594,7.25174,7.36843,7.32874,7.42093,7.40117,7.47338,7.46882,7.52511,7.53162,7.57588,7.59043,7.62618,7.6461,7.67555,7.69805,7.72329,7.74682,7.77052,7.80288,7.90096,7.51228,8.47317,6.72514,9.80363,5.07766,12.1753,2.04514,16.198,-3.20673,23.1735,-12.9001,37.3581,-33.5552,63.0872
6.75621,7.50642,7.12616,7.45924,7.26276,7.53783,7.35857,7.61932,7.45213,7.69448,7.54635,7.76214,7.64038,7.8244,7.73144,7.88322,7.81812,7.94053,7.90006,7.99744,7.97737,8.05405,8.04974,8.10973,8.11699,8.16429,8.18001,8.21827,8.23969,8.27123,8.29539,8.32244,8.34765,8.37297,8.40726,8.51501,8.09361,9.13017,7.24676,10.5585,5.47903,13.1018,2.23134,17.4037,-3.36828,24.8047,-13.56,39.4547,-34.1866,63.0872
7.37685,7.99551,7.65947,7.9944,7.79983,8.07474,7.90499,8.16154,8.00376,8.24413,8.10184,8.3191,8.19983,8.38779,8.29525,8.45211,8.38659,8.51426,8.47331,8.57557,8.55536,8.63631,8.63232,8.6959,8.70393,8.75419,8.77108,8.8118,8.83469,8.86829,8.89408,8.92289,8.94977,8.97667,9.01279,9.13038,8.67621,9.78801,7.77023,11.3128,5.88404,14.025,2.42546,18.5994,-3.51027,26.4048,-14.1599,41.4472,-34.6824,64.094
8.33113,8.33452,8.23819,8.5219,8.34238,8.6133,8.45424,8.70605,8.55795,8.79585,8.65993,8.87791,8.76181,8.95296,8.86143,9.02277,8.95725,9.08974,9.04857,9.15543,9.13523,9.22027,9.21666,9.28372,9.29253,9.34568,9.36372,9.40685,9.43119,9.46681,9.49419,9.52475,9.55325,9.58169,9.61956,9.74714,9.26018,10.4467,8.29572,12.0665,6.29297,14.9447,2.62799,19.7844,-3.63196,27.973,-14.7005,43.3423,-35.0754,66.1074
8.85108,8.86712,8.78278,9.05415,8.88944,9.15359,9.00647,9.25307,9.11471,9.34987,9.22062,9.43878,9.32636,9.52006,9.43005,9.59532,9.53018,9.66709,9.62594,9.73712,9.71706,9.80601,9.80284,9.87327,9.88287,9.93884,9.95801,10.0035,10.0293,10.0669,10.0958,10.1281,10.1582,10.1881,10.2276,10.3653,9.84563,11.1063,8.8234,12.8196,6.7061,15.8605,2.83937,20.9583,-3.73276,29.5093,-15.1829,45.1468,-35.3721,67.1141
8.85108,9.55908,9.3006,9.59163,9.44076,9.69587,9.56167,9.80279,9.67405,9.90642,9.78395,10.0019,9.89352,10.0892,10.0012,10.1699,10.1055,10.2464,10.2055,10.3207,10.3009,10.3936,10.391,10.4646,10.475,10.5337,10.554,10.6018,10.629,10.6685,10.699,10.7329,10.7646,10.796,10.837,10.985,10.4326,11.7667,9.35342,13.5719,7.12367,16.7723,3.06,22.1208,-3.81221,31.0136,-15.6087,46.8672,-35.5705,67.1141
9.97842,9.9817,9.85753,10.1271,9.99665,10.2405,10.1198,10.3554,10.236,10.4657,10.3499,10.5674,10.4633,10.6606,10.5749,10.7465,10.6831,10.8278,10.7873,10.9064,10.8869,10.9832,10.9811,11.0579,11.0691,11.1304,11.1519,11.2019,11.2304,11.2718,11.3038,11.3393,11.3725,11.4053,11.4479,11.6061,11.0213,12.4279,9.8859,14.3233,7.54589,17.6798,3.29021,23.2716,-3.87,32.4861,-15.9796,48.5099,-35.698,69.1275
9.97842,10.6163,10.4095,10.6629,10.5565,10.7882,10.6805,10.9112,10.8005,11.0277,10.9186,11.1354,11.0358,11.2343,11.1511,11.3254,11.2633,11.4112,11.3715,11.494,11.4751,11.5747,11.5732,11.653,11.6651,11.729,11.7515,11.8037,11.8336,11.8768,11.9103,11.9474,11.9821,12.0162,12.0602,12.2288,11.6117,13.0901,10.421,15.0738,7.97298,18.583,3.53031,24.4104,-3.90591,33.9272,-16.2977,50.0811,-35.7566,69.1275
10.9837,11.0215,10.9972,11.1986,11.1193,11.3396,11.2438,11.4704,11.3676,11.5927,11.4899,11.706,11.611,11.8104,11.73,11.9065,11.846,11.9969,11.958,12.0839,12.0655,12.1684,12.1675,12.2502,12.263,12.3295,12.3531,12.4074,12.4386,12.4836,12.5185,12.5571,12.5932,12.6287,12.674,12.8531,12.2038,13.753,10.9587,15.8234,8.40511,19.4816,3.78055,25.537,-3.91984,35.3373,-16.565,51.5868,-35.763,71.1409
11.4738,11.5364,11.572,11.742,11.6833,11.8952,11.8095,12.033,11.9374,12.1608,12.064,12.2794,12.189,12.389,12.3116,12.49,12.4312,12.5849,12.5469,12.6759,12.6582,12.7641,12.7639,12.8494,12.8631,12.932,12.9565,13.0129,13.0454,13.0922,13.1284,13.1686,13.2061,13.2429,13.2893,13.4789,12.7979,14.4168,11.4993,16.5719,8.84243,20.3755,4.04115,26.6513,-3.91175,36.7172,-16.7838,53.0327,-35.7244,72.1477
12.0294,12.0929,12.1276,12.2963,12.2476,12.4557,12.3774,12.5992,12.5098,12.732,12.6408,12.8555,12.7697,12.9702,12.8959,13.076,13.019,13.1752,13.1383,13.2701,13.2532,13.362,13.3625,13.4507,13.4652,13.5364,13.562,13.6204,13.6541,13.7026,13.7402,13.7818,13.8207,13.8587,13.9062,14.1064,13.3938,15.0815,12.0428,17.3193,9.2851,21.2646,4.31229,27.7532,-3.88171,38.0675,-16.9564,54.424,-35.6405,73.1544
12.644,12.6937,12.6681,12.8603,12.8123,13.021,12.9476,13.1691,13.085,13.3063,13.2204,13.4346,13.3532,13.5541,13.4829,13.6644,13.6094,13.7678,13.7321,13.8666,13.8505,13.9621,13.9633,14.0541,14.0694,14.1429,14.1695,14.2298,14.2647,14.3148,14.3538,14.3968,14.437,14.4762,14.5248,14.7354,13.9916,15.7469,12.5893,18.0655,9.73324,22.1488,4.59414,28.8426,-3.82985,39.389,-17.0851,55.7656,-35.5171,74.1611
12.644,13.3892,13.2095,13.4295,13.3781,13.5912,13.5202,13.7425,13.663,13.8838,13.8029,14.0165,13.9395,14.1406,14.0727,14.2553,14.2025,14.3628,14.3285,14.4655,14.4503,14.5644,14.5664,14.6596,14.6757,14.7514,14.779,14.8412,14.8772,14.9289,14.9692,15.0136,15.0551,15.0954,15.1449,15.3661,14.5915,16.4132,13.1388,18.8106,10.187,23.028,4.8868,29.9195,-3.75636,40.6827,-17.1721,57.062,-35.3525,74.1611
13.7632,13.8116,13.7946,13.9999,13.9458,14.1658,14.0954,14.3195,14.2439,14.4645,14.3882,14.6014,14.5286,14.7298,14.6651,14.8488,14.7982,14.9603,14.9274,15.0666,15.0524,15.169,15.1717,15.2674,15.2842,15.362,15.3905,15.4546,15.4917,15.545,15.5865,15.6322,15.6749,15.7164,15.7667,15.9984,15.1933,17.0803,13.6914,19.5545,10.6464,23.9021,5.19037,30.984,-3.66149,41.9494,-17.2198,58.3175,-35.1646,76.1745
14.266,14.3378,14.374,14.5765,14.5154,14.7446,14.6735,14.8999,14.8277,15.0483,14.9764,15.1892,15.1205,15.3218,15.2604,15.4449,15.3966,15.5603,15.5288,15.6702,15.6569,15.7759,15.7793,15.8773,15.8949,15.9747,16.0042,16.0699,16.1082,16.163,16.2056,16.2526,16.2966,16.3391,16.3902,16.6323,15.7972,17.7482,14.2472,20.297,11.1115,24.7711,5.50491,32.036,-3.54551,43.1901,-17.2303,59.5362,-34.9573,77.1812
14.8441,14.9118,14.9347,15.1621,15.0875,15.327,15.2548,15.4837,15.4146,15.6354,15.5675,15.7801,15.7153,15.9167,15.8584,16.0437,15.9976,16.1628,16.1328,16.2761,16.2639,16.385,16.3893,16.4894,16.5078,16.5895,16.6199,16.6873,16.7267,16.7829,16.8267,16.8749,16.9201,16.9636,17.0154,17.2679,16.4032,18.4169,14.8062,21.0383,11.5825,25.6349,5.83048,33.0757,-3.40876,44.4058,-17.2058,60.7215,-34.7273,78.1879
15.5033,15.5464,15.4759,15.7547,15.6632,15.9125,15.8395,16.0707,16.0045,16.2256,16.1616,16.3739,16.3129,16.5143,16.4592,16.6451,16.6013,16.7678,16.7394,16.8845,16.8733,16.9965,17.0015,17.1037,17.1229,17.2065,17.2377,17.3068,17.3472,17.4047,17.4497,17.4991,17.5454,17.5899,17.6423,17.9051,17.0114,19.0863,15.3685,21.7782,12.0594,26.4935,6.1671,34.1031,-3.25159,45.5974,-17.1482,61.8768,-34.4774,79.1946
15.5033,16.311,16.0135,16.3483,16.2442,16.5005,16.4279,16.6608,16.5977,16.819,16.7587,16.9708,16.9134,17.1147,17.0628,17.2491,17.2077,17.3753,17.3485,17.4952,17.4851,17.6102,17.6161,17.7202,17.7401,17.8256,17.8576,17.9283,17.9696,18.0285,18.0746,18.1252,18.1725,18.218,18.2708,18.5439,17.6216,19.7565,15.9341,22.5167,12.5422,27.3468,6.51476,35.1184,-3.07436,46.7658,-17.0597,63.005,-34.2038,79.1946
16.1226,16.8785,16.5988,16.9357,16.8315,17.0909,17.02,17.2541,17.194,17.4155,17.3587,17.5706,17.5168,17.718,17.6691,17.8558,17.8168,17.9853,17.9602,18.1084,18.0994,18.2264,18.233,18.339,18.3596,18.4468,18.4797,18.5518,18.5941,18.6543,18.7014,18.7531,18.8014,18.8478,18.9011,19.1843,18.234,20.4274,16.503,23.2539,13.031,28.1948,6.87347,36.1217,-2.87749,47.9121,-16.942,64.109,-33.9144,80.2013
17.2473,17.2885,17.2233,17.5181,17.4252,17.6834,17.616,17.8504,17.7935,18.0151,17.9617,18.1735,18.123,18.3241,18.2783,18.4652,18.4285,18.5979,18.5744,18.7241,18.7161,18.8448,18.8522,18.96,18.9814,19.0702,19.1038,19.1774,19.2206,19.282,19.3301,19.3829,19.4322,19.4794,19.5331,19.8264,18.8485,21.0991,17.0753,23.9896,13.5259,29.0375,7.24318,37.113,-2.66138,49.0372,-16.797,65.1912,-33.6235,82.2148
17.7673,17.8363,17.8385,18.1021,18.0242,18.2784,18.2157,18.4497,18.3963,18.6178,18.5677,18.7793,18.7321,18.9331,18.8901,19.0773,19.0429,19.2131,19.1912,19.3421,19.3352,19.4655,19.4738,19.5832,19.6053,19.6957,19.73,19.805,19.8491,19.9117,19.9608,20.0145,20.0648,20.1129,20.1668,20.4701,19.4652,21.7715,17.651,24.7239,14.0267,29.875,7.62386,38.0927,-2.42644,50.142,-16.6264,66.2541,-33.3271,83.2215
18.3942,18.4605,18.4375,18.691,18.6275,18.876,18.8191,19.0521,19.0023,19.2236,19.1767,19.3882,19.344,19.5449,19.5048,19.6921,19.66,19.8308,19.8105,19.9626,19.9568,20.0886,20.0976,20.2087,20.2314,20.3233,20.3584,20.4347,20.4797,20.5434,20.5933,20.6481,20.6993,20.7481,20.8022,21.1154,20.084,22.4445,18.2301,25.4568,14.5336,30.7071,8.01546,39.0608,-2.1731,51.2273,-16.4316,67.2997,-33.0204,84.2282
18.3942,19.172,19.0323,19.2843,19.2346,19.4767,19.4261,19.6576,19.6114,19.8325,19.7886,20,19.9588,20.1595,20.1221,20.3095,20.2796,20.451,20.4323,20.5855,20.5808,20.714,20.7238,20.8364,20.8597,20.9531,20.9889,21.0664,21.1122,21.177,21.2278,21.2835,21.3356,21.3851,21.4393,21.7623,20.7051,23.1183,18.8126,26.1882,15.0465,31.5339,8.4179,40.0176,-1.90178,52.2941,-16.2143,68.3297,-32.6984,84.2282
19.5882,19.6548,19.654,19.8807,19.8448,20.0806,20.0365,20.2663,20.2237,20.4445,20.4035,20.6147,20.5764,20.7769,20.7422,20.9296,20.9019,21.0738,21.0567,21.2109,21.2072,21.3418,21.3523,21.4663,21.4903,21.5849,21.6214,21.7001,21.7467,21.8125,21.8642,21.9207,21.9737,22.0239,22.0782,22.4107,21.3283,23.7927,19.3985,26.918,15.5655,32.3555,8.83111,40.9631,-1.61291,53.3432,-15.9757,69.3459,-32.3735,86.2416
20.1335,20.2229,20.2726,20.4825,20.4576,20.688,20.6501,20.8781,20.8391,21.0595,21.0214,21.2324,21.1969,21.3971,21.3651,21.5524,21.5269,21.6991,21.6836,21.8386,21.836,21.9718,21.983,22.0984,22.123,22.2189,22.256,22.3359,22.3832,22.45,22.5025,22.5598,22.6136,22.6644,22.7187,23.0607,21.9537,24.4678,19.9878,27.6464,16.0905,33.1718,9.25501,41.8976,-1.30691,54.3753,-15.7173,70.3498,-32.0472,87.2483
20.7441,20.8332,20.8817,21.091,21.0729,21.2991,21.2668,21.4932,21.4575,21.6776,21.6422,21.8529,21.8201,22.0201,21.9906,22.1778,22.1543,22.3269,22.3129,22.4687,22.4672,22.6041,22.616,22.7327,22.7578,22.855,22.8927,22.9737,23.0216,23.0894,23.1426,23.2008,23.2553,23.3067,23.3609,23.7123,22.5812,25.1435,20.5806,28.3733,16.6216,33.9829,9.68951,42.8212,-0.984198,55.3913,-15.4402,71.3427,-31.7145,88.255
21.4081,21.4865,21.4831,21.7054,21.6905,21.9139,21.8865,22.1114,22.079,22.2987,22.266,22.4764,22.4462,22.6458,22.6187,22.8058,22.7844,22.9572,22.9447,23.1013,23.1007,23.2387,23.2513,23.3691,23.3948,23.4932,23.5314,23.6134,23.6621,23.7307,23.7846,23.8436,23.8988,23.9508,24.0048,24.3653,23.2109,25.8198,21.1767,29.0987,17.1586,34.7888,10.1345,43.7342,-0.645172,56.3917,-15.1454,72.3258,-31.376,89.2617
21.4081,22.2097,22.0877,22.3233,22.3109,22.5325,22.5091,22.733,22.7035,22.9228,22.8926,23.1027,23.075,23.2743,23.2496,23.4364,23.417,23.59,23.579,23.7361,23.7365,23.8755,23.8888,24.0077,24.034,24.1334,24.1722,24.2552,24.3044,24.3739,24.4285,24.4882,24.544,24.5966,24.6504,25.0199,23.8428,26.4967,21.7763,29.8225,17.7016,35.5895,10.5899,44.6367,-0.290235,57.3774,-14.8341,73.3001,-31.0265,89.2617
22.6441,22.7163,22.7196,22.9431,22.9341,23.1546,23.1347,23.3577,23.3309,23.5498,23.5221,23.7318,23.7066,23.9054,23.883,24.0696,24.0521,24.2253,24.2156,24.3734,24.3747,24.5146,24.5285,24.6485,24.6753,24.7757,24.815,24.8989,24.9487,25.0189,25.0742,25.1345,25.191,25.2441,25.2977,25.676,24.4767,27.1742,22.3793,30.5449,18.2506,36.3851,11.0556,45.529,0.0802273,58.3488,-14.5072,74.2666,-30.6768,91.2752
23.2077,23.3018,23.3521,23.5664,23.5602,23.7804,23.763,23.9856,23.9612,24.1799,24.1545,24.3637,24.3409,24.5393,24.5191,24.7054,24.6897,24.863,24.8547,25.0129,25.0152,25.1559,25.1704,25.2914,25.3186,25.4201,25.4598,25.5445,25.5949,25.6659,25.7218,25.7827,25.8398,25.8933,25.9465,26.3335,25.1129,27.8523,22.9856,31.2657,18.8054,37.1756,11.5314,46.4111,0.465838,59.3067,-14.1655,75.2261,-30.3284,92.2819
23.8354,23.9289,23.9779,24.1942,24.189,24.4098,24.3942,24.6168,24.5944,24.8128,24.7897,24.9984,24.9779,25.1758,25.1577,25.3437,25.3298,25.5031,25.4961,25.6548,25.658,25.7994,25.8145,25.9364,25.9641,26.0664,26.1066,26.1921,26.243,26.3147,26.3712,26.4327,26.4903,26.5443,26.5971,26.9926,25.7511,28.5309,23.5954,31.985,19.3662,37.961,12.0173,47.2833,0.866235,60.2516,-13.8099,76.1794,-29.976,93.2886
24.5142,24.5981,24.5981,24.8264,24.8207,25.0426,25.0282,25.251,25.2306,25.4486,25.4277,25.6358,25.6176,25.8149,25.7989,25.9846,25.9724,26.1456,26.1399,26.299,26.3029,26.445,26.4608,26.5835,26.6116,26.7147,26.7554,26.8416,26.893,26.9653,27.0223,27.0844,27.1425,27.1969,27.2492,27.653,26.3915,29.21,24.2084,32.7027,19.9328,38.7414,12.5132,48.1457,1.28107,61.184,-13.4411,77.1271,-29.6199,94.2953
24.5142,25.331,25.2218,25.4616,25.4553,25.6788,25.665,25.8884,25.8695,26.0872,26.0684,26.276,26.2599,26.4566,26.4426,26.6279,26.6173,26.7905,26.786,26.9454,26.9502,27.0929,27.1092,27.2326,27.2611,27.365,27.4061,27.493,27.5449,27.6177,27.6752,27.7378,27.7964,27.8511,27.903,28.3148,27.0339,29.8897,24.8248,33.4189,20.5052,39.5168,13.0188,48.9986,1.71,62.1044,-13.0597,78.0698,-29.255,94.2953
25.7862,25.8623,25.8688,26.0984,26.0929,26.3183,26.3046,26.5287,26.5113,26.7286,26.7119,26.9188,26.9048,27.1009,27.0887,27.2737,27.2646,27.4378,27.4344,27.594,27.5996,27.7428,27.7596,27.8838,27.9127,28.0173,28.0587,28.1463,28.1985,28.2719,28.3299,28.3929,28.452,28.507,28.5583,28.9781,27.6784,30.5699,25.4446,34.1336,21.0833,40.2873,13.5342,49.8421,2.1527,63.0132,-12.6663,79.0079,-28.8909,96.3087
26.3686,26.4661,26.5167,26.7386,26.7333,26.9611,26.9471,27.1719,27.1559,27.3728,27.3581,27.5642,27.5523,27.7477,27.7374,27.9219,27.9143,28.0874,28.085,28.2449,28.2512,28.3949,28.4122,28.537,28.5662,28.6715,28.7132,28.8014,28.854,28.9279,28.9863,29.0497,29.1093,29.1645,29.2152,29.6427,28.325,31.2505,26.0676,34.8468,21.6671,41.0529,14.0591,50.6763,2.60888,63.9109,-12.2615,79.9418,-28.5291,97.3154
27.0132,27.1097,27.159,27.3832,27.3765,27.6069,27.5923,27.8181,27.8033,28.0197,28.0071,28.2122,28.2024,28.3971,28.3885,28.5725,28.5663,28.7392,28.7379,28.8979,28.9049,29.0491,29.0668,29.1921,29.2217,29.3276,29.3696,29.4583,29.5113,29.5856,29.6444,29.7082,29.7681,29.8237,29.8736,30.3087,28.9736,31.9317,26.6939,35.5585,22.2566,41.8137,14.5935,51.5015,3.07821,64.7978,-11.8458,80.8721,-28.1644,98.3221
27.7056,27.7937,27.7965,28.032,28.0222,28.2559,28.2405,28.467,28.4536,28.6692,28.6586,28.8629,28.8549,29.0489,29.0419,29.2255,29.2206,29.3934,29.393,29.5531,29.5608,29.7053,29.7234,29.8493,29.8792,29.9855,30.0278,30.117,30.1703,30.2451,30.3042,30.3684,30.4286,30.4844,30.5336,30.976,29.6242,32.6133,27.3234,36.2686,22.8516,42.5698,15.1372,52.3177,3.56046,65.6743,-11.4195,81.799,-27.797,99.3289
27.7056,28.5352,28.4367,28.6842,28.6708,28.9077,28.8916,29.1186,29.1066,29.3213,29.3128,29.516,29.51,29.7032,29.6978,29.8808,29.8771,30.0497,30.0502,30.2105,30.2187,30.3636,30.3821,30.5084,30.5385,30.6454,30.6879,30.7775,30.8311,30.9062,30.9657,31.0302,31.0907,31.1466,31.1951,31.6446,30.2768,33.2953,27.9561,36.9772,23.4522,43.321,15.6901,53.1252,4.05529,66.5406,-10.9831,82.7225,-27.4219,99.3289
29.0105,29.0886,29.096,29.3388,29.3222,29.5623,29.5456,29.7728,29.7623,29.9761,29.9696,30.1716,30.1675,30.3598,30.3559,30.5385,30.5359,30.7083,30.7096,30.8699,30.8787,31.0238,31.0427,31.1694,31.1998,31.307,31.3498,31.4398,31.4936,31.5691,31.6288,31.6936,31.7544,31.8105,31.8582,32.3145,30.9314,33.9778,28.592,37.6844,24.0582,44.0677,16.2521,53.9241,4.56255,67.3972,-10.5369,83.6432,-27.0478,101.342
29.6115,29.7092,29.7548,29.9969,29.9764,30.2195,30.2026,30.4295,30.4208,30.6333,30.6289,30.8298,30.8274,31.0189,31.0164,31.1984,31.1969,31.3691,31.3711,31.5314,31.5407,31.686,31.7052,31.8322,31.8629,31.9705,32.0134,32.1037,32.1578,32.2335,32.2935,32.3585,32.4196,32.4758,32.5226,32.9856,31.588,34.6607,29.231,38.39,24.6697,44.8096,16.823,54.7145,5.08188,68.2441,-10.0812,84.5609,-26.6764,102.349
30.2761,30.3701,30.407,30.6591,30.6337,30.8791,30.8625,31.0888,31.082,31.293,31.2907,31.4903,31.4896,31.6803,31.6791,31.8606,31.8601,32.032,32.0347,32.195,32.2047,32.3502,32.3697,32.497,32.5278,32.6357,32.6789,32.7694,32.8237,32.8997,32.9599,33.0251,33.0863,33.1426,33.1886,33.658,32.2465,35.3439,29.8732,39.0942,25.2865,45.5471,17.4027,55.4965,5.61315,69.0818,-9.61618,85.4761,-26.3025,103.356
30.9932,31.0749,31.0531,31.3248,31.2942,31.5411,31.5255,31.7504,31.7459,31.9552,31.955,32.1533,32.1542,32.344,32.344,32.525,32.5254,32.697,32.7003,32.8606,32.8707,33.0163,33.0361,33.1636,33.1946,33.3027,33.346,33.4368,33.4912,33.5674,33.6278,33.6931,33.7546,33.8109,33.856,34.3316,32.9069,36.0276,30.5185,39.7969,25.9086,46.28,17.9911,56.2704,6.15609,69.9102,-9.14217,86.3886,-25.9263,104.362
30.9932,31.8443,31.7007,31.9921,31.9583,32.2051,32.1914,32.4144,32.4124,32.6199,32.6217,32.8186,32.8211,33.0101,33.0111,33.1916,33.1927,33.3641,33.368,33.5281,33.5387,33.6843,33.7043,33.832,33.8631,33.9714,34.0148,34.1058,34.1604,34.2367,34.2972,34.3627,34.4243,34.4807,34.5248,35.0064,33.5691,36.7116,31.1668,40.4981,26.5359,47.0084,18.5881,57.0362,6.71053,70.7298,-8.65929,87.2986,-25.5428,104.362
32.3991,32.4526,32.3669,32.6595,32.6262,32.8713,32.8603,33.0808,33.0815,33.2869,33.2908,33.4863,33.4903,33.6783,33.6804,33.8604,33.8622,34.0332,34.0376,34.1976,34.2085,34.3542,34.3744,34.5021,34.5334,34.6419,34.6854,34.7765,34.8311,34.9076,34.9682,35.0338,35.0955,35.1519,35.195,35.6823,34.2333,37.396,31.8181,41.1978,27.1684,47.7325,19.1936,57.794,7.27625,71.5405,-8.16769,88.2059,-25.1605,106.376
32.3991,33.1605,33.041,33.3268,33.2978,33.5393,33.5321,33.7495,33.7531,33.9562,33.9623,34.1563,34.1616,34.3488,34.3518,34.5313,34.5337,34.7044,34.7093,34.8691,34.8802,35.0258,35.0462,35.174,35.2054,35.314,35.3575,35.4487,35.5035,35.58,35.6407,35.7064,35.7681,35.8245,35.8665,36.3594,34.8993,38.0807,32.4724,41.8961,27.806,48.4522,19.8074,58.544,7.8531,72.3426,-7.66751,89.1108,-24.7756,106.376
33.6614,33.7362,33.7294,33.9946,33.9731,34.2094,34.2067,34.4204,34.4272,34.6279,34.636,34.8286,34.8352,35.0215,35.0252,35.2042,35.2072,35.3776,35.3828,35.5424,35.5538,35.6993,35.7199,35.8477,35.8791,35.9877,36.0313,36.1226,36.1773,36.2539,36.3147,36.3804,36.4421,36.4985,36.5395,37.0377,35.567,38.7657,33.1296,42.593,28.4487,49.1675,20.4294,59.2862,8.44089,73.1362,-7.15881,90.0131,-24.3919,108.389
34.2811,34.3776,34.4165,34.6642,34.6519,34.8814,34.8842,35.0936,35.1037,35.302,35.312,35.5031,35.5108,35.6963,35.7008,35.8792,35.8826,36.0527,36.0582,36.2176,36.2292,36.3746,36.3952,36.523,36.5545,36.6631,36.7067,36.7979,36.8527,36.9293,36.9901,37.0558,37.1176,37.1739,37.2137,37.717,36.2366,39.4511,33.7897,43.2884,29.0963,49.8787,21.0595,60.0209,9.03947,73.9213,-6.64168,90.9129,-24.0104,109.396
34.9617,35.0577,35.0986,35.3363,35.334,35.5554,35.5642,35.7691,35.7825,35.9783,35.9902,36.1798,36.1886,36.3733,36.3783,36.5563,36.56,36.7297,36.7355,36.8946,36.9064,37.0516,37.0723,37.2,37.2315,37.3401,37.3836,37.4749,37.5296,37.6062,37.6669,37.7326,37.7944,37.8506,37.8893,38.3974,36.908,40.1367,34.4527,43.9824,29.7488,50.5856,21.6976,60.748,9.6487,74.698,-6.11613,91.81,-23.6267,110.403
35.6841,35.775,35.7772,36.0109,36.019,36.2315,36.2469,36.4469,36.4637,36.6568,36.6705,36.8587,36.8684,37.0523,37.0578,37.2353,37.2393,37.4086,37.4146,37.5734,37.5853,37.7303,37.7511,37.8786,37.9102,38.0186,38.0621,38.1533,38.208,38.2844,38.3452,38.4108,38.4725,38.5286,38.5662,39.0789,37.581,40.8226,35.1186,44.675,30.4061,51.2884,22.3435,61.4677,10.2684,75.4664,-5.58221,92.7043,-23.2407,111.409
35.6841,36.5387,36.4595,36.6871,36.7069,36.9099,36.9319,37.127,37.147,37.3376,37.3529,37.5398,37.5502,37.7334,37.7392,37.9162,37.9205,38.0894,38.0955,38.254,38.266,38.4107,38.4316,38.5588,38.5904,38.6987,38.7422,38.8331,38.8878,38.9642,39.0248,39.0904,39.152,39.208,39.2443,39.7614,38.2558,41.5088,35.7872,45.3662,31.0682,51.9871,22.9972,62.1801,10.8985,76.2265,-5.0399,93.5958,-22.8476,111.409
37.0584,37.1399,37.1578,37.3646,37.3974,37.5905,37.6192,37.8093,37.8325,38.0207,38.0374,38.2229,38.2341,38.4165,38.4226,38.5991,38.6035,38.772,38.7782,38.9363,38.9484,39.0928,39.1136,39.2407,39.2722,39.3802,39.4237,39.5145,39.569,39.6453,39.7058,39.7712,39.8328,39.8886,39.9237,40.4449,38.9323,42.1953,36.4586,46.0561,31.735,52.6818,23.6585,62.8853,11.5389,76.9785,-4.48914,94.4842,-22.4553,113.423
37.6856,37.7918,37.8599,38.0441,38.0903,38.2735,38.3087,38.494,38.5201,38.7059,38.7239,38.9082,38.9198,39.1016,39.1078,39.2839,39.2883,39.4564,39.4627,39.6204,39.6324,39.7765,39.7973,39.924,39.9555,40.0633,40.1066,40.1972,40.2517,40.3277,40.3882,40.4534,40.5148,40.5704,40.6043,41.1294,39.6105,42.882,37.1327,46.7445,32.4065,53.3725,24.3274,63.5833,12.1894,77.7222,-3.92995,95.3695,-22.0648,114.43
38.3526,38.467,38.562,38.7262,38.7852,38.959,39.0002,39.181,39.2097,39.3933,39.4123,39.5955,39.6075,39.7886,39.7949,39.9705,39.9749,40.1426,40.1488,40.3061,40.3181,40.4617,40.4825,40.6089,40.6403,40.7478,40.791,40.8814,40.9357,41.0115,41.0718,41.1369,41.1981,41.2535,41.2862,41.8149,40.2902,43.5689,37.8095,47.4316,33.0825,54.0593,25.0037,64.2743,12.85,78.4577,-3.36223,96.2515,-21.672,115.436
39.0359,39.1544,39.2633,39.4116,39.4818,39.6471,39.6937,39.8703,39.9013,40.0828,40.1027,40.2849,40.297,40.4776,40.4838,40.659,40.6632,40.8305,40.8366,40.9934,41.0054,41.1486,41.1693,41.2953,41.3266,41.4338,41.4768,41.5669,41.621,41.6966,41.7567,41.8216,41.8826,41.9378,41.9692,42.5013,40.9716,44.2561,38.489,48.1174,33.763,54.7422,25.6872,64.9583,13.5204,79.1849,-2.7859,97.1299,-21.2766,116.443
39.728,39.8484,39.9639,40.1005,40.1799,40.3379,40.389,40.5619,40.5948,40.7745,40.795,40.9763,40.9884,41.1684,41.1744,41.3492,41.3533,41.5201,41.5261,41.6824,41.6943,41.837,41.8576,41.9832,42.0143,42.1211,42.164,42.2538,42.3077,42.383,42.4429,42.5075,42.5684,42.6232,42.6534,43.1886,41.6546,44.9434,39.171,48.8018,34.4479,55.4212,26.378,65.6355,14.2008,79.904,-2.20089,98.0046,-20.8787,117.45
40.4253,40.5462,40.6646,40.793,40.8794,41.0314,41.0859,41.2558,41.2901,41.4683,41.4891,41.6696,41.6815,41.8611,41.8668,42.0412,42.045,42.2113,42.2171,42.3729,42.3847,42.5269,42.5474,42.6725,42.7035,42.8099,42.8526,42.942,42.9957,43.0706,43.1304,43.1947,43.2553,43.3099,43.3387,43.8769,42.3392,45.631,39.8556,49.4849,35.1372,56.0965,27.0759,66.3058,14.8908,80.6148,-1.60708,98.8754,-20.478,118.456
41.1258,41.2467,41.366,41.4891,41.58,41.7277,41.7846,41.952,41.9872,42.1641,42.185,42.3648,42.3764,42.5556,42.5609,42.7348,42.7384,42.9042,42.9098,43.0651,43.0767,43.2183,43.2386,43.3632,43.394,43.5,43.5425,43.6314,43.6849,43.7595,43.819,43.883,43.9433,43.9977,44.0252,44.566,43.0252,46.3187,40.5427,50.1667,35.8308,56.7681,27.7808,66.9693,15.5906,81.3173,-1.00436,99.7421,-20.0747,119.463
41.8286,41.9491,42.0684,42.1886,42.2818,42.4266,42.4848,42.6505,42.6861,42.8619,42.8826,43.0619,43.0731,43.2518,43.2567,43.4302,43.4334,43.5987,43.604,43.7587,43.7701,43.9111,43.9313,44.0553,44.0859,44.1914,44.2336,44.3222,44.3754,44.4497,44.5088,44.5725,44.6325,44.6865,44.7127,45.256,43.7128,47.0067,41.2323,50.8472,36.5287,57.436,28.4926,67.6262,16.3,82.0114,-0.392606,100.604,-19.6686,120.47
42.5334,42.6534,42.7723,42.8914,42.9846,43.1283,43.1866,43.3512,43.3867,43.5618,43.582,43.7609,43.7714,43.9498,43.9541,44.1272,44.1299,44.2947,44.2998,44.4538,44.465,44.6053,44.6254,44.7488,44.7792,44.8841,44.9261,45.0142,45.0671,45.141,45.1998,45.2631,45.3229,45.3765,45.4014,45.9468,44.4019,47.6947,41.9244,51.5264,37.2306,58.1002,29.2112,68.2765,17.0189,82.6972,0.22833,101.462,-19.2595,121.477
43.2401,43.3594,43.4775,43.5975,43.6885,43.8327,43.8899,44.054,44.0889,44.2636,44.2831,44.4617,44.4714,44.6496,44.6532,44.8259,44.8281,44.9923,44.997,45.1504,45.1614,45.301,45.3208,45.4436,45.4738,45.5781,45.6198,45.7074,45.76,45.8334,45.8919,45.9549,46.0143,46.0676,46.0911,46.6385,45.0924,48.383,42.6189,52.2043,37.9367,58.7609,29.9365,68.9202,17.7473,83.3745,0.858593,102.315,-18.8475,122.483
43.9488,44.0672,44.1838,44.3068,44.3934,44.5396,44.5948,44.7591,44.7928,44.9674,44.9858,45.1643,45.173,45.351,45.3538,45.5261,45.5277,45.6914,45.6957,45.8484,45.8591,45.998,46.0176,46.1397,46.1696,46.2733,46.3148,46.4018,46.4541,46.527,46.5852,46.6477,46.7068,46.7597,46.7818,47.3309,45.7843,49.0713,43.3157,52.881,38.6469,59.418,30.6683,69.5574,18.4851,84.0433,1.49834,103.162,-18.4324,123.49
44.66,44.7771,44.8909,45.0193,45.0995,45.2489,45.3011,45.4662,45.4984,45.673,45.6902,45.8686,45.8763,46.054,46.056,46.2279,46.2289,46.392,46.3959,46.5478,46.5582,46.6964,46.7158,46.837,46.8668,46.9698,47.0109,47.0974,47.1493,47.2218,47.2795,47.3417,47.4003,47.4528,47.4736,48.0242,46.4777,49.7599,44.0149,53.5565,39.361,60.0717,31.4067,70.1883,19.2322,84.7035,2.14773,104.004,-18.014,124.497
45.3749,45.4896,45.5983,45.7349,45.8069,45.9606,46.0089,46.1753,46.2055,46.3805,46.3961,46.5746,46.5811,46.7586,46.7597,46.9312,46.9315,47.094,47.0974,47.2486,47.2587,47.396,47.4152,47.5357,47.5651,47.6675,47.7083,47.7941,47.8456,47.9176,47.975,48.0366,48.0948,48.147,48.1664,48.7182,47.1724,50.4485,44.7164,54.2307,40.079,60.7219,32.1515,70.8127,19.9886,85.3551,2.80695,104.841,-17.5924,125.503
46.0955,46.2064,46.3055,46.4533,46.5155,46.6745,46.7183,46.8864,46.9141,47.0898,47.1037,47.2824,47.2874,47.4648,47.4649,47.6359,47.6356,47.7974,47.8004,47.9508,47.9605,48.097,48.1158,48.2355,48.2647,48.3663,48.4068,48.492,48.5431,48.6145,48.6714,48.7326,48.7904,48.8421,48.8601,49.4129,47.8685,51.1372,45.4201,54.9037,40.8008,61.3687,32.9026,71.4309,20.7543,85.998,3.47618,105.671,-17.1673,126.51
46.8258,46.9301,47.012,47.1743,47.2257,47.3904,47.4292,47.5994,47.6244,47.8008,47.8127,47.9917,47.9953,48.1726,48.1716,48.3422,48.3411,48.5022,48.5047,48.6543,48.6636,48.7992,48.8178,48.9366,48.9655,49.0663,49.1064,49.1909,49.2416,49.3124,49.3689,49.4296,49.487,49.5382,49.5548,50.1084,48.5659,51.8261,46.126,55.5755,41.5264,62.0122,33.6599,72.0428,21.5291,86.632,4.15556,106.495,-16.7387,127.517
47.5727,47.6661,47.7182,47.8975,47.9375,48.1083,48.1417,48.3143,48.3361,48.5136,48.5233,48.7027,48.7046,48.8819,48.8797,49.0499,49.048,49.2084,49.2103,49.359,49.368,49.5027,49.5209,49.6388,49.6674,49.7674,49.8071,49.8909,49.9412,50.0114,50.0674,50.1276,50.1845,50.2353,50.2505,50.8045,49.2647,52.515,46.8341,56.2461,42.2557,62.6524,34.4233,72.6485,22.3131,87.2572,4.84537,107.313,-16.3061,128.523
48.3373,48.4233,48.4255,48.6222,48.6511,48.828,48.8557,49.031,49.0494,49.2281,49.2354,49.4153,49.4154,49.5926,49.5892,49.7589,49.7562,49.9159,49.9172,50.065,50.0737,50.2073,50.2252,50.3422,50.3704,50.4696,50.5089,50.592,50.6418,50.7114,50.7669,50.8265,50.8829,50.9332,50.9471,51.5014,49.9647,53.204,47.5444,56.9155,42.9887,63.2894,35.1928,73.2481,23.1062,87.8734,5.54572,108.123,-15.8702,129.53
48.3373,49.2108,49.1374,49.3478,49.3667,49.5494,49.5713,49.7494,49.7641,49.9442,49.9489,50.1293,50.1277,50.3048,50.3002,50.4694,50.4658,50.6247,50.6254,50.7723,50.7805,50.9132,50.9307,51.0467,51.0746,51.1729,51.2118,51.2941,51.3434,51.4124,51.4674,51.5264,51.5823,51.6321,51.6446,52.1989,50.666,53.8931,48.2567,57.5838,43.7252,63.9232,35.9682,73.8416,23.9083,88.4805,6.25681,108.927,-15.4253,129.53
49.8041,49.8674,49.8601,50.074,50.0843,50.2724,50.2886,50.4695,50.4804,50.662,50.6639,50.8449,50.8413,51.0184,51.0124,51.1811,51.1766,51.3348,51.3349,51.4808,51.4886,51.6202,51.6374,51.7524,51.7798,51.8772,51.9157,51.9972,52.0461,52.1143,52.1688,52.2272,52.2825,52.3319,52.3429,52.8971,51.3685,54.5823,48.9712,58.2509,44.4653,64.5537,36.7495,74.429,24.7195,89.0784,6.97897,109.722,-14.9796,131.544
50.4857,50.5669,50.5853,50.801,50.8039,50.9969,51.0074,51.1913,51.1981,51.3813,51.3803,51.562,51.5564,51.7334,51.726,51.8942,51.8888,52.0461,52.0456,52.1905,52.1978,52.3283,52.3451,52.4591,52.4862,52.5826,52.6206,52.7013,52.7496,52.8172,52.8711,52.9289,52.9837,53.0325,53.0422,53.5958,52.0722,55.2715,49.6876,58.9169,45.2088,65.1812,37.5366,75.0105,25.5396,89.6672,7.71221,110.51,-14.5323,132.55
51.2167,51.295,51.31,51.5291,51.5256,51.7228,51.7278,51.9146,51.9172,52.1021,52.0981,52.2804,52.2728,52.4497,52.441,52.6086,52.6022,52.7586,52.7575,52.9013,52.9081,53.0375,53.054,53.1668,53.1935,53.289,53.3266,53.4064,53.4542,53.521,53.5743,53.6315,53.6857,53.734,53.7423,54.2952,52.7771,55.9608,50.4061,59.5818,45.9558,65.8056,38.3293,75.586,26.3686,90.2466,8.45689,111.29,-14.0809,133.557
51.9756,52.0522,52.0341,52.2583,52.2493,52.4501,52.4498,52.6394,52.6377,52.8244,52.8173,53.0003,52.9905,53.1673,53.1572,53.3242,53.3168,53.4724,53.4705,53.6132,53.6196,53.7478,53.7639,53.8756,53.9019,53.9964,54.0334,54.1124,54.1596,54.2257,54.2784,54.335,54.3885,54.4362,54.4432,54.9952,53.4832,56.6501,51.1265,60.2455,46.7061,66.427,39.1276,76.1557,27.2065,90.8166,9.21319,112.06,-13.625,134.564
51.9756,52.8416,52.7608,52.9885,52.975,53.1788,53.1733,53.3657,53.3597,53.5481,53.5379,53.7215,53.7096,53.8862,53.8746,54.041,54.0327,54.1873,54.1848,54.3263,54.3322,54.4592,54.4748,54.5854,54.6112,54.7047,54.7413,54.8193,54.866,54.9312,54.9834,55.0392,55.0922,55.1393,55.1449,55.6958,54.1904,57.3394,51.8488,60.9082,47.4596,67.0454,39.9315,76.7195,28.0532,91.377,9.98121,112.822,-13.1592,134.564
53.4539,53.5106,53.4953,53.7196,53.7025,53.9088,53.8984,54.0935,54.0831,54.2733,54.2597,54.4441,54.4299,54.6064,54.5934,54.759,54.7497,54.9033,54.9001,55.0405,55.0458,55.1716,55.1868,55.2962,55.3216,55.414,55.45,55.5272,55.5732,55.6377,55.6891,55.7443,55.7966,55.8432,55.8474,56.3969,54.8987,58.0287,52.573,61.5697,48.2164,67.6609,40.7408,77.2776,28.9088,91.9279,10.7614,113.575,-12.6916,136.577
54.1455,54.2204,54.2307,54.4518,54.4319,54.6401,54.625,54.8227,54.8078,54.9998,54.983,55.1679,55.1515,55.3278,55.3133,55.4782,55.4679,55.6204,55.6165,55.7557,55.7605,55.885,55.8998,56.0079,56.0329,56.1241,56.1597,56.2359,56.2813,56.3449,56.3958,56.4502,56.5019,56.5479,56.5507,57.0986,55.6081,58.7181,53.299,62.2302,48.9763,68.2734,41.5554,77.8299,29.7731,92.4691,11.5537,114.317,-12.221,137.584
54.8853,54.9574,54.9649,55.1855,55.1629,55.3727,55.353,55.5533,55.5339,55.7276,55.7075,55.893,55.8744,56.0504,56.0344,56.1985,56.1872,56.3386,56.334,56.4719,56.4762,56.5994,56.6137,56.7206,56.7451,56.8352,56.8702,56.9454,56.9902,57.053,57.1032,57.1569,57.2079,57.2533,57.2548,57.8008,56.3186,59.4075,54.0269,62.8897,49.7394,68.8832,42.3753,78.3765,30.6461,93.0006,12.3585,115.051,-11.7452,138.591
55.6505,55.7219,55.6981,55.9207,55.8956,56.1067,56.0825,56.2853,56.2613,56.4568,56.4333,56.6193,56.5985,56.7742,56.7566,56.92,56.9076,57.0579,57.0526,57.1892,57.193,57.3147,57.3286,57.4342,57.4582,57.5472,57.5816,57.6558,57.6999,57.7619,57.8114,57.8644,57.9146,57.9594,57.9596,58.5035,57.0302,60.0969,54.7566,63.5481,50.5054,69.4901,43.2003,78.9175,31.5278,93.5222,13.176,115.772,-11.2639,139.597
55.6505,56.5161,56.4331,56.6571,56.6298,56.842,56.8134,57.0185,56.9901,57.1872,57.1603,57.3469,57.3238,57.4991,57.48,57.6425,57.6291,57.7782,57.7722,57.9074,57.9107,58.031,58.0444,58.1487,58.1722,58.26,58.2939,58.367,58.4105,58.4716,58.5203,58.5725,58.6221,58.6662,58.6651,59.2067,57.7427,60.7862,55.4879,64.2055,51.2745,70.0942,44.0305,79.4529,32.4182,94.0338,14.0063,116.484,-10.7712,139.597
57.1465,57.1966,57.175,57.3947,57.3655,57.5787,57.5456,57.7531,57.7202,57.9188,57.8886,58.0756,58.0502,58.2251,58.2046,58.3661,58.3517,58.4996,58.4928,58.6266,58.6293,58.7482,58.7612,58.864,58.8871,58.9736,59.0069,59.079,59.1218,59.182,59.23,59.2814,59.3303,59.3738,59.3714,59.9104,58.4563,61.4756,56.221,64.8618,52.0465,70.6956,44.8657,79.9828,33.3171,94.5354,14.8499,117.184,-10.2758,141.611
57.8471,57.9152,57.9176,58.1337,58.1025,58.3167,58.2792,58.4889,58.4515,58.6516,58.6182,58.8054,58.7779,58.9522,58.9302,59.0907,59.0753,59.2219,59.2144,59.3468,59.3489,59.4664,59.4788,59.5803,59.6028,59.6881,59.7208,59.7918,59.8339,59.8931,59.9404,59.9911,60.0392,60.082,60.0783,60.6145,59.1709,62.1649,56.9558,65.5172,52.8214,71.2943,45.7058,80.5072,34.2246,95.027,15.7066,117.873,-9.77549,142.617
58.5944,58.6597,58.6592,58.8743,58.8409,59.056,59.0141,59.226,59.1842,59.3856,59.3489,59.5364,59.5066,59.6804,59.6569,59.8164,59.7999,59.9452,59.9369,60.0678,60.0694,60.1853,60.1973,60.2973,60.3193,60.4033,60.4354,60.5053,60.5467,60.605,60.6515,60.7014,60.7487,60.7908,60.7859,61.3191,59.8864,62.8542,57.6922,66.1715,53.5991,71.8904,46.5508,81.0261,35.1405,95.5084,16.5769,118.55,-9.26867,143.624
59.3648,59.4303,59.3998,59.6164,59.5804,59.7968,59.7503,59.9642,59.9181,60.1207,60.0809,60.2684,60.2366,60.4096,60.3847,60.543,60.5255,60.6694,60.6604,60.7898,60.7908,60.9052,60.9166,61.0152,61.0366,61.1194,61.1508,61.2196,61.2603,61.3176,61.3633,61.4123,61.4589,61.5004,61.4941,62.0242,60.6029,63.5435,58.4303,66.8249,54.3796,72.4838,47.4006,81.5397,36.065,95.9796,17.461,119.213,-8.75512,144.631
59.3648,60.2283,60.1423,60.36,60.321,60.5389,60.4877,60.7036,60.6533,60.8569,60.814,61.0015,60.9676,61.1399,61.1135,61.2706,61.2521,61.3946,61.3849,61.5126,61.5131,61.6259,61.6368,61.7338,61.7547,61.8362,61.867,61.9346,61.9745,62.0309,62.0758,62.1239,62.1697,62.2105,62.203,62.7296,61.3203,64.2328,59.1699,67.4773,55.1628,73.0747,48.255,82.048,36.9978,96.4405,18.3589,119.864,-8.22823,144.631
60.8759,60.919,60.8907,61.105,61.0627,61.2824,61.2263,61.4442,61.3897,61.5942,61.5484,61.7356,61.6997,61.8711,61.8433,61.9992,61.9796,62.1206,62.1102,62.2363,62.2362,62.3474,62.3577,62.4533,62.4736,62.5537,62.5838,62.6503,62.6895,62.7448,62.7889,62.8362,62.8812,62.9212,62.9126,63.4355,62.0385,64.9219,59.911,68.1288,55.9486,73.6631,49.1141,82.5509,37.939,96.891,19.2712,120.502,-7.69754,146.644
61.5843,61.6454,61.6398,61.8515,61.8054,62.0272,61.9661,62.1859,62.1273,62.3325,62.2838,62.4707,62.4328,62.6033,62.5741,62.7287,62.7081,62.8476,62.8364,62.9609,62.9602,63.0696,63.0795,63.1735,63.1932,63.2719,63.3014,63.3667,63.4051,63.4594,63.5027,63.5491,63.5932,63.6326,63.6227,64.1417,62.7577,65.6111,60.6537,68.7793,56.7371,74.249,49.9778,83.0487,38.8885,97.3311,20.1976,121.126,-7.15966,147.651
62.338,62.3963,62.3877,62.5999,62.549,62.7734,62.7072,62.9287,62.8662,63.0718,63.0204,63.2069,63.167,63.3364,63.3059,63.4591,63.4375,63.5753,63.5634,63.6862,63.6849,63.7927,63.802,63.8944,63.9136,63.9909,64.0197,64.0837,64.1213,64.1746,64.2171,64.2626,64.3059,64.3445,64.3334,64.8483,63.4778,66.3001,61.3978,69.4289,57.5281,74.8324,50.8459,83.5413,39.8462,97.7607,21.1387,121.736,-6.61373,148.658
63.1125,63.1718,63.1346,63.3501,63.2936,63.5208,63.4494,63.6725,63.6063,63.8121,63.7582,63.9439,63.9023,64.0705,64.0386,64.1904,64.1678,64.304,64.2914,64.4124,64.4105,64.5165,64.5252,64.616,64.6346,64.7105,64.7386,64.8014,64.8382,64.8904,64.932,64.9766,65.0191,65.057,65.0447,65.5553,64.1986,66.9892,62.1434,70.0776,58.3216,75.4134,51.7184,84.0287,40.8122,98.1798,22.0945,122.331,-6.05948,149.664
63.1125,63.9727,63.8827,64.1021,64.039,64.2696,64.1929,64.4174,64.3476,64.5534,64.497,64.6819,64.6385,64.8055,64.7723,64.9225,64.899,65.0334,65.0201,65.1393,65.1368,65.2411,65.2492,65.3384,65.3564,65.4308,65.4582,65.5197,65.5557,65.6069,65.6476,65.6913,65.7328,65.77,65.7566,66.2626,64.9203,67.6781,62.8904,70.7254,59.1175,75.9921,52.5952,84.5111,41.7863,98.5883,23.0651,122.911,-5.48964,149.664
64.6371,64.6723,64.6353,64.8558,64.7853,65.0196,64.9375,65.1632,65.09,65.2956,65.2369,65.4209,65.3758,65.5414,65.5069,65.6555,65.631,65.7637,65.7496,65.867,65.8639,65.9663,65.9739,66.0614,66.0788,66.1517,66.1784,66.2387,66.2738,66.3239,66.3637,66.4064,66.4471,66.4835,66.4691,66.9703,65.6428,68.367,63.6388,71.3722,59.9159,76.5684,53.4763,84.9885,42.7684,98.9861,24.0512,123.476,-4.91462,151.678
65.3535,65.4058,65.3877,65.6115,65.5326,65.7707,65.6834,65.91,65.8337,66.0388,65.9779,66.1607,66.114,66.2781,66.2424,66.3893,66.3639,66.4947,66.4799,66.5954,66.5917,66.6923,66.6993,66.7851,66.8018,66.8732,66.8992,66.9582,66.9925,67.0415,67.0804,67.1222,67.162,67.1976,67.182,67.6783,66.3661,69.0557,64.3886,72.0182,60.7166,77.1424,54.3616,85.4609,43.7586,99.3734,25.0523,124.024,-4.32977,152.685
66.1157,66.1635,66.1378,66.3691,66.2808,66.523,66.4305,66.6578,66.5785,66.7828,66.72,66.9014,66.8532,67.0157,66.9788,67.1239,67.0975,67.2265,67.211,67.3245,67.3203,67.419,67.4254,67.5094,67.5255,67.5954,67.6206,67.6783,67.7118,67.7596,67.7976,67.8384,67.8773,67.9121,67.8955,68.3865,67.0902,69.7444,65.1397,72.6634,61.5196,77.7142,55.2509,85.9284,44.7568,99.7499,26.069,124.557,-3.73501,153.691
66.8993,66.9464,66.8857,67.1286,67.0301,67.2762,67.1789,67.4065,67.3245,67.5278,67.4631,67.643,67.5933,67.7541,67.716,67.8593,67.832,67.959,67.9428,68.0544,68.0495,68.1463,68.1521,68.2344,68.2498,68.3182,68.3426,68.399,68.4316,68.4783,68.5154,68.5552,68.5931,68.6272,68.6095,69.0951,67.815,70.433,65.892,73.3076,62.3248,78.2837,56.1443,86.3911,45.7628,100.116,27.1014,125.072,-3.13003,154.698
66.8993,67.7566,67.6332,67.8897,67.7806,68.0305,67.9285,68.156,68.0717,68.2736,68.2073,68.3855,68.3344,68.4933,68.4541,68.5955,68.5673,68.6923,68.6754,68.7849,68.7794,68.8742,68.8795,68.96,68.9747,69.0415,69.0652,69.1202,69.1519,69.1975,69.2336,69.2724,69.3094,69.3427,69.324,69.804,68.5405,71.1215,66.6457,73.9511,63.1323,78.8511,57.0416,86.849,46.7767,100.471,28.1495,125.571,-2.50681,154.698
68.4648,68.4754,68.3837,68.6521,68.5324,68.7856,68.6794,68.9064,68.82,69.0202,68.9525,69.1287,69.0764,69.2334,69.193,69.3324,69.3034,69.4263,69.4087,69.5161,69.51,69.6028,69.6075,69.6861,69.7002,69.7654,69.7883,69.842,69.8728,69.9172,69.9524,69.9901,70.0262,70.0586,70.039,70.5132,69.2668,71.81,67.4006,74.5937,63.9419,79.4163,57.9428,87.3021,47.7984,100.815,29.2138,126.051,-1.8767,156.711
69.2185,69.2365,69.1334,69.4155,69.2856,69.5416,69.4316,69.6576,69.5694,69.7677,69.6986,69.8728,69.8193,69.9742,69.9328,70.07,70.0402,70.1609,70.1426,70.2479,70.2412,70.332,70.336,70.4129,70.4263,70.4899,70.512,70.5642,70.5941,70.6373,70.6716,70.7083,70.7434,70.775,70.7545,71.2226,69.9937,72.4983,68.1567,75.2354,64.7537,79.9794,58.8478,87.7506,48.8277,101.149,30.2942,126.513,-1.23347,157.718
70.0245,70.0366,69.8823,70.1797,70.0404,70.2983,70.1852,70.4097,70.32,70.516,70.4458,70.6177,70.563,70.7158,70.6733,70.8084,70.7777,70.8963,70.8773,70.9804,70.9731,71.0618,71.0652,71.1402,71.1529,71.2149,71.2362,71.287,71.316,71.358,71.3912,71.427,71.4611,71.4919,71.4704,71.9322,70.7213,73.1864,68.914,75.8764,65.5674,80.5405,59.7565,88.1945,49.8647,101.471,31.391,126.957,-0.579714,158.725
70.0245,70.8804,70.6329,70.9441,70.7969,71.0557,70.9401,71.1625,71.0718,71.2651,71.194,71.3634,71.3077,71.4581,71.4147,71.5475,71.5159,71.6323,71.6126,71.7135,71.7056,71.7922,71.795,71.868,71.8801,71.9404,71.9609,72.0103,72.0383,72.0791,72.1114,72.146,72.1792,72.2091,72.1867,72.6421,71.4496,73.8745,69.6724,76.5166,66.3833,81.0995,60.6689,88.6339,50.9092,101.783,32.504,127.381,0.0932542,158.725
70.6695,71.6513,71.391,71.7084,71.5552,71.8137,71.6963,71.9162,71.8246,72.0151,71.9431,72.1099,72.0531,72.2012,72.1568,72.2873,72.2549,72.3689,72.3486,72.4472,72.4387,72.5232,72.5253,72.5964,72.6077,72.6664,72.686,72.734,72.7611,72.8007,72.8319,72.8655,72.8977,72.9268,72.9035,73.3522,72.1785,74.5625,70.432,77.1559,67.201,81.6565,61.5848,89.0687,51.9612,102.085,33.6338,127.787,0.781506,159.732
72.3656,72.3389,72.1561,72.4724,72.3154,72.5724,72.4539,72.6706,72.5786,72.7658,72.6931,72.8571,72.7995,72.945,72.8996,73.0277,72.9946,73.1062,73.0852,73.1815,73.1724,73.2547,73.2562,73.3253,73.3359,73.3928,73.4117,73.4582,73.4844,73.5227,73.5529,73.5854,73.6165,73.6448,73.6207,74.0626,72.908,75.2503,71.1927,77.7946,68.0207,82.2115,62.5043,89.4992,53.0205,102.375,34.7805,128.171,1.4791,161.745
73.0896,73.084,72.9222,73.2363,73.0775,73.3316,73.2129,73.4258,73.3336,73.5174,73.4441,73.6052,73.5466,73.6895,73.6433,73.7689,73.7349,73.8441,73.8224,73.9164,73.9066,73.9867,73.9875,74.0547,74.0646,74.1198,74.1378,74.1828,74.208,74.2451,74.2743,74.3057,74.3358,74.3632,74.3383,74.7731,73.6382,75.938,71.9545,78.4324,68.8423,82.7646,63.4273,89.9252,54.0872,102.655,35.9438,128.535,2.19159,162.752
73.879,73.8758,73.6882,74.0001,73.8417,74.0915,73.9732,74.1819,74.0898,74.2697,74.1961,74.354,74.2946,74.4347,74.3876,74.5106,74.4759,74.5826,74.5603,74.6518,74.6414,74.7193,74.7194,74.7846,74.7937,74.8472,74.8643,74.9079,74.9321,74.9679,74.9961,75.0264,75.0555,75.0819,75.0563,75.4839,74.3689,76.6256,72.7173,79.0695,69.6658,83.3159,64.3536,90.347,55.1611,102.924,37.1243,128.879,2.91715,163.758
73.879,74.7136,74.4561,74.7637,74.6077,74.852,74.7348,74.9387,74.847,75.0229,74.9489,75.1035,75.0434,75.1807,75.1327,75.253,75.2176,75.3217,75.2987,75.3878,75.3768,75.4524,75.4518,75.515,75.5233,75.5751,75.5913,75.6334,75.6566,75.6911,75.7182,75.7474,75.7755,75.8011,75.7747,76.1948,75.1003,77.313,73.4811,79.7058,70.491,83.8652,65.2832,90.7645,56.2421,103.182,38.3217,129.2,3.6652,163.758
74.5138,75.485,75.2307,75.5271,75.3757,75.6131,75.4978,75.6963,75.6053,75.7768,75.7027,75.8538,75.7929,75.9273,75.8784,75.9961,75.9598,76.0613,76.0377,76.1243,76.1126,76.1859,76.1847,76.2459,76.2534,76.3034,76.3187,76.3593,76.3815,76.4147,76.4407,76.4688,76.4958,76.5205,76.4934,76.9059,75.8321,78.0003,74.246,80.3414,71.318,84.4128,66.216,91.1779,57.3302,103.429,39.5363,129.501,4.43127,164.765
76.2022,76.1767,76.0118,76.2905,76.1456,76.3749,76.2622,76.4547,76.3647,76.5316,76.4573,76.6048,76.5433,76.6746,76.6249,76.7397,76.7028,76.8015,76.7773,76.8613,76.849,76.92,76.9181,76.9771,76.9839,77.0321,77.0465,77.0856,77.1067,77.1387,77.1636,77.1906,77.2165,77.2403,77.2125,77.6171,76.5646,78.6875,75.0118,80.9763,72.1467,84.9586,67.152,91.5871,58.4252,103.666,40.7685,129.779,5.20966,166.779
76.9145,76.9177,76.7942,77.0542,76.9172,77.1374,77.0278,77.214,77.1251,77.2871,77.2129,77.3566,77.2944,77.4225,77.3721,77.484,77.4463,77.5423,77.5174,77.5989,77.5859,77.6545,77.6519,77.7089,77.7148,77.7612,77.7747,77.8122,77.8324,77.863,77.8868,77.9127,77.9375,77.9603,77.932,78.3285,77.2975,79.3745,75.7786,81.6105,72.977,85.5026,68.0911,91.9924,59.527,103.893,42.018,130.034,6.00646,167.785
77.6775,77.6939,77.5763,77.8187,77.6906,77.9007,77.7948,77.9741,77.8866,78.0435,77.9693,78.1091,78.0463,78.1711,78.1199,78.2288,78.1904,78.2836,78.258,78.3369,78.3233,78.3895,78.3862,78.441,78.4462,78.4907,78.5033,78.5393,78.5583,78.5876,78.6104,78.6351,78.6588,78.6807,78.6518,79.0401,78.031,80.0613,76.5463,82.244,73.809,86.0449,69.0333,92.3936,60.6357,104.108,43.2848,130.265,6.81869,168.792
77.6775,78.4991,78.359,78.5841,78.4656,78.6649,78.563,78.7351,78.6491,78.8007,78.7266,78.8624,78.7989,78.9204,78.8684,78.9742,78.9351,79.0254,78.9992,79.0754,79.0611,79.1249,79.1208,79.1735,79.1779,79.2206,79.2323,79.2666,79.2847,79.3126,79.3342,79.3578,79.3804,79.4014,79.3719,79.7518,78.765,80.7481,77.3149,82.8768,74.6426,86.5855,69.9784,92.791,61.751,104.313,44.569,130.474,7.65919,168.792
79.2297,79.2289,79.1444,79.3507,79.2421,79.4301,79.3326,79.497,79.4126,79.5588,79.4848,79.6164,79.5523,79.6703,79.6175,79.7202,79.6804,79.7678,79.7409,79.8144,79.7994,79.8607,79.856,79.9065,79.91,79.9508,79.9616,79.9943,80.0113,80.0379,80.0584,80.0808,80.1023,80.1223,80.0923,80.4636,79.4995,81.4346,78.0844,83.5089,75.4777,87.1244,70.9264,93.1845,62.8729,104.508,45.8713,130.658,8.51276,170.805
79.9693,79.9893,79.9299,80.1186,80.0202,80.1963,80.1033,80.2599,80.1772,80.3176,80.2438,80.3711,80.3064,80.4208,80.3673,80.4668,80.4263,80.5106,80.4831,80.5538,80.5382,80.597,80.5915,80.6398,80.6425,80.6814,80.6912,80.7224,80.7383,80.7635,80.7829,80.8041,80.8244,80.8435,80.813,81.1755,80.2344,82.121,78.8547,84.1404,76.3144,87.6618,71.8772,93.5743,64.0013,104.693,47.191,130.817,9.38985,171.812
80.7518,80.771,80.7148,80.888,80.7996,80.9636,80.8754,81.0238,80.9428,81.0774,81.0036,81.1265,81.0613,81.172,81.1178,81.2139,81.1727,81.254,81.2258,81.2937,81.2774,81.3337,81.3274,81.3735,81.3753,81.4124,81.4212,81.4508,81.4655,81.4894,81.5076,81.5276,81.5469,81.565,81.5341,81.8875,80.9698,82.8072,79.6259,84.7712,77.1525,88.1976,72.8307,93.9603,65.136,104.867,48.5284,130.953,10.2871,172.819
81.5464,81.5729,81.5,81.6589,81.5805,81.7321,81.6486,81.7887,81.7094,81.838,81.7644,81.8827,81.8169,81.9238,81.8688,81.9615,81.9197,81.9978,81.969,82.034,82.017,82.0708,82.0637,82.1076,82.1085,82.1437,82.1515,82.1794,82.1931,82.2156,82.2327,82.2515,82.2696,82.2867,82.2554,82.5997,81.7057,83.4933,80.3979,85.4014,77.992,88.7318,73.787,94.3428,66.277,105.031,49.8837,131.061,11.2051,173.826
81.5464,82.3929,82.2873,82.4315,82.3627,82.5019,82.4231,82.5546,82.477,82.5995,82.5259,82.6397,82.5732,82.6762,82.6205,82.7097,82.6672,82.7421,82.7127,82.7747,82.7571,82.8082,82.8004,82.842,82.8421,82.8752,82.8821,82.9084,82.921,82.942,82.958,82.9755,82.9925,83.0086,82.977,83.3119,82.442,84.1792,81.1706,86.0309,78.8329,89.2645,74.7459,94.7216,67.4241,105.184,51.2564,131.145,12.1554,173.826
83.1279,83.1323,83.0792,83.2058,83.1462,83.273,83.1988,83.3216,83.2457,83.3619,83.2884,83.3974,83.3302,83.4293,83.3728,83.4584,83.4152,83.4869,83.4568,83.5159,83.4975,83.546,83.5374,83.5767,83.5759,83.6072,83.613,83.6376,83.6491,83.6688,83.6835,83.6999,83.7156,83.7308,83.6988,84.0242,83.1787,84.8649,81.9442,86.6598,79.6752,89.7957,75.7073,95.097,68.5773,105.328,52.6474,131.203,13.1215,175.839
83.8654,83.8941,83.8732,83.9819,83.9311,84.0457,83.9758,84.0898,84.0154,84.1252,84.0516,84.1558,84.088,84.1829,84.1258,84.2077,84.1638,84.2321,84.2013,84.2574,84.2384,84.2842,84.2748,84.3118,84.3101,84.3394,84.3442,84.3671,84.3775,84.3957,84.4093,84.4244,84.439,84.4532,84.4209,84.7365,83.9158,85.5505,82.7185,87.288,80.5188,90.3254,76.6713,95.469,69.7364,105.462,54.0561,131.232,14.1155,176.846
84.6342,84.6684,84.6683,84.7602,84.7173,84.8199,84.754,84.8592,84.7861,84.8895,84.8158,84.915,84.8465,84.9372,84.8793,84.9574,84.9129,84.9777,84.9463,84.9994,84.9796,85.0227,85.0125,85.0472,85.0446,85.0718,85.0756,85.0969,85.1061,85.1229,85.1353,85.1492,85.1626,85.1757,85.1433,85.449,84.6533,86.2359,83.4935,87.9157,81.3637,90.8538,77.6377,95.8377,70.9013,105.586,55.4822,131.236,15.1331,177.852
85.4139,85.4512,85.4642,85.5408,85.5049,85.5958,85.5335,85.6298,85.5579,85.6548,85.5808,85.675,85.6057,85.6921,85.6334,85.7077,85.6624,85.7239,85.6918,85.7417,85.7212,85.7616,85.7505,85.7829,85.7793,85.8046,85.8073,85.827,85.835,85.8504,85.8615,85.8742,85.8864,85.8985,85.8658,86.1615,85.3912,86.9211,84.2692,88.5428,82.2099,91.3807,78.6064,96.2031,72.072,105.7,56.9265,131.212,16.1777,178.859
86.2014,86.2402,86.2607,86.3239,86.2939,86.3734,86.3142,86.4017,86.3307,86.4211,86.3466,86.4357,86.3656,86.4477,86.3881,86.4585,86.4125,86.4704,86.4376,86.4844,86.4632,86.5008,86.4889,86.5189,86.5144,86.5376,86.5393,86.5572,86.5641,86.578,86.588,86.5994,86.6104,86.6215,86.5887,86.874,86.1295,87.6061,85.0456,89.1692,83.0572,91.9063,79.5774,96.5653,73.2482,105.804,58.3885,131.16,17.2501,179.866
86.9947,87.0338,87.0582,87.1097,87.0843,87.1528,87.0964,87.1749,87.1047,87.1883,87.1134,87.1973,87.1262,87.2038,87.1435,87.2098,87.1631,87.2174,87.1839,87.2275,87.2055,87.2404,87.2276,87.2552,87.2497,87.2709,87.2715,87.2877,87.2934,87.3059,87.3146,87.3247,87.3346,87.3446,87.3117,87.5866,86.8681,88.2909,85.8226,89.7951,83.9057,92.4306,80.5507,96.9243,74.4298,105.899,59.8682,131.08,18.3509,180.872
87.7926,87.8312,87.8569,87.8982,87.8763,87.9342,87.8799,87.9495,87.8797,87.9567,87.881,87.9596,87.8876,87.9605,87.8994,87.9616,87.9142,87.9648,87.9306,87.971,87.9481,87.9802,87.9666,87.9917,87.9853,88.0045,88.004,88.0185,88.023,88.034,88.0414,88.0503,88.0589,88.0679,88.0349,88.2992,87.6071,88.9756,86.6003,90.4205,84.7554,92.9535,81.5261,97.2803,75.6169,105.985,61.3656,130.971,19.481,181.879
88.5943,88.6319,88.6571,88.6895,88.67,88.7176,88.6648,88.7256,88.6559,88.7261,88.6495,88.7227,88.6497,88.7179,88.6559,88.7139,88.6657,88.7126,88.6776,88.7148,88.6911,88.7204,88.7058,88.7285,88.7211,88.7382,88.7367,88.7494,88.7527,88.7622,88.7685,88.776,88.7834,88.7913,88.7583,89.0119,88.3463,89.66,87.3787,91.0452,85.6062,93.4752,82.5037,97.6334,76.8091,106.061,62.8806,130.833,20.6413,182.886
89.3996,89.4357,89.4593,89.4839,89.4654,89.5031,89.4512,89.5032,89.4332,89.4966,89.419,89.4866,89.4125,89.4759,89.413,89.4667,89.4177,89.4608,89.4251,89.4589,89.4345,89.4608,89.4454,89.4656,89.4572,89.4722,89.4696,89.4805,89.4826,89.4907,89.4957,89.5019,89.5081,89.5149,89.482,89.7245,89.086,90.3443,88.1576,91.6695,86.458,93.9957,83.4833,97.9835,78.0065,106.128,64.4132,130.666,21.8328,183.893
90.2083,90.2428,90.2639,90.2814,90.2628,90.2908,90.2392,90.2824,90.2118,90.2682,90.1894,90.2514,90.176,90.2345,90.1707,90.2199,90.1702,90.2094,90.173,90.2034,90.1781,90.2016,90.1852,90.203,90.1935,90.2065,90.2027,90.2119,90.2127,90.2193,90.223,90.228,90.2329,90.2386,90.2058,90.4372,89.8259,91.0284,88.9371,92.2931,87.3109,94.515,84.4649,98.3309,79.2088,106.186,65.9633,130.469,23.0562,184.899
91.0205,91.0532,91.0711,91.0821,91.0623,91.0809,91.0288,91.0633,90.9915,91.041,90.9607,91.017,90.9403,90.9938,90.9289,90.9737,90.9232,90.9584,90.9212,90.9482,90.9221,90.9426,90.9253,90.9405,90.9301,90.9409,90.936,90.9434,90.943,90.9481,90.9505,90.9542,90.9579,90.9624,90.9298,91.1499,90.5661,91.7123,89.7172,92.9163,88.1648,95.033,85.4484,98.6755,80.416,106.235,67.5309,130.242,24.3125,185.906
91.8365,91.8671,91.8814,91.8861,91.8641,91.8735,91.8201,91.8459,91.7726,91.8151,91.733,91.7834,91.7054,91.7537,91.6878,91.728,91.6766,91.7079,91.6698,91.6934,91.6663,91.6839,91.6656,91.6783,91.6668,91.6755,91.6695,91.6751,91.6735,91.677,91.6782,91.6806,91.683,91.6864,91.6539,91.8626,91.3066,92.396,90.4978,93.5389,89.0197,95.55,86.4338,99.0174,81.6279,106.276,69.1158,129.984,25.6028,186.913
92.6566,92.685,92.6951,92.6938,92.6683,92.6686,92.6133,92.6303,92.555,92.5904,92.5063,92.5508,92.4713,92.5142,92.4472,92.4827,92.4305,92.4577,92.4188,92.4388,92.4109,92.4255,92.4062,92.4164,92.4038,92.4104,92.4031,92.407,92.4041,92.4061,92.406,92.407,92.4082,92.4105,92.3782,92.5753,92.0474,93.0795,91.279,94.161,89.8755,96.0658,87.4209,99.3567,82.8444,106.308,70.7178,129.696,26.9279,187.919
93.4812,93.5073,93.5126,93.5052,93.4753,93.4664,93.4084,93.4166,93.3387,93.367,93.2807,93.319,93.2379,93.2753,93.2073,93.238,93.1848,93.2079,93.1681,93.1846,93.1558,93.1673,93.147,93.1546,93.141,93.1454,93.137,93.139,93.1348,93.1353,93.1339,93.1336,93.1335,93.1347,93.1027,93.2879,92.7885,93.7628,92.0607,94.7826,90.7322,96.5806,88.4099,99.6935,84.0654,106.332,72.337,129.377,28.2889,188.926
94.3108,94.3344,94.3345,94.3206,94.2853,94.2672,94.2055,94.2049,94.1239,94.1449,94.0561,94.0882,94.0053,94.0372,93.9679,93.9937,93.9396,93.9584,93.9178,93.9307,93.9009,93.9094,93.8881,93.8931,93.8783,93.8805,93.871,93.8712,93.8657,93.8647,93.8619,93.8603,93.859,93.8589,93.8273,94.0005,93.5298,94.4459,92.8428,95.4037,91.5898,97.0942,89.4005,100.028,85.2907,106.347,73.9731,129.026,29.6867,189.933
95.146,95.1669,95.161,95.1403,95.0986,95.071,95.0049,94.9952,94.9107,94.9242,94.8326,94.8583,94.7735,94.7997,94.7292,94.7499,94.6949,94.7094,94.6678,94.6771,94.6463,94.6517,94.6293,94.6317,94.6159,94.6159,94.6051,94.6035,94.5968,94.5942,94.5901,94.5872,94.5845,94.5833,94.552,94.7132,94.2714,95.1288,93.6255,96.0243,92.4483,97.6069,90.3927,100.36,86.5202,106.354,75.6262,128.644,31.1221,190.94
95.9874,96.0053,95.9927,95.9647,95.9155,95.878,95.8066,95.7878,95.699,95.705,95.6102,95.6293,95.5426,95.5628,95.491,95.5067,95.4506,95.4607,95.4182,95.4237,95.392,95.3942,95.3708,95.3706,95.3536,95.3514,95.3394,95.3359,95.3279,95.3238,95.3184,95.3141,95.3101,95.3078,95.2769,95.4257,95.0132,95.8115,94.4085,96.6445,93.3076,98.1186,91.3865,100.69,87.7537,106.354,77.2962,128.231,32.5956,191.946
96.8359,96.8506,96.8302,96.7941,96.7362,96.6886,96.6108,96.5827,96.489,96.4872,96.3891,96.4014,96.3124,96.3267,96.2535,96.2639,96.2068,96.2124,96.1689,96.1707,96.1379,96.137,96.1125,96.1096,96.0915,96.0871,96.0739,96.0685,96.0592,96.0535,96.0467,96.0411,96.0358,96.0323,96.0019,96.1383,95.7553,96.4939,95.1921,97.2641,94.1677,98.6294,92.3818,101.017,88.991,106.346,78.9827,127.783,34.1086,192.953
97.6925,97.7035,97.6742,97.6289,97.5613,97.5028,97.4177,97.3799,97.2807,97.2711,97.1691,97.1745,97.0832,97.0912,97.0166,97.0216,96.9634,96.9645,96.92,96.918,96.8841,96.88,96.8544,96.8488,96.8295,96.8229,96.8084,96.8012,96.7906,96.7832,96.7752,96.7682,96.7616,96.7568,96.727,96.8508,96.4975,97.176,95.976,97.8832,95.0286,99.1389,93.3787,101.342,90.2321,106.33,80.6848,127.301,35.6648,193.96
98.5583,98.5651,98.5254,98.4697,98.391,98.3209,98.2275,98.1798,98.0744,98.0565,97.9504,97.9486,97.8548,97.8565,97.7803,97.7799,97.7204,97.717,97.6713,97.6655,97.6306,97.6232,97.5965,97.5882,97.5677,97.5588,97.5431,97.534,97.522,97.5131,97.5036,97.4953,97.4874,97.4813,97.4521,97.5632,97.2397,97.858,96.7604,98.5019,95.8903,99.6475,94.377,101.665,91.4773,106.307,82.4005,126.789,37.2705,194.966
99.4345,99.4366,99.3847,99.3171,99.2259,99.1433,99.0404,98.9823,98.8699,98.8436,98.733,98.7238,98.6274,98.6225,98.5446,98.5386,98.4779,98.4698,98.4231,98.4133,98.3773,98.3667,98.3388,98.3278,98.3061,98.295,98.278,98.267,98.2537,98.2432,98.2325,98.2227,98.2135,98.2063,98.1778,98.276,97.9825,98.5404,97.5455,99.1209,96.753,100.156,95.3769,101.986,92.7266,106.278,84.1295,126.261,38.9205,195.973
100.323,100.319,100.253,100.172,100.066,99.9704,99.8566,99.7879,99.6677,99.6327,99.5172,99.5003,99.4011,99.3896,99.31,99.2983,99.2364,99.2235,99.1756,99.162,99.1249,99.111,99.082,99.0683,99.0454,99.032,99.0138,99.001,98.9864,98.9743,98.9623,98.9512,98.9407,98.9322,98.9047,98.9894,98.7267,99.2236,98.3321,99.7407,97.617,100.665,96.3784,102.308,93.9803,106.241,85.8793,125.728,40.5588,196.98
101.225,101.215,101.132,101.035,100.913,100.802,100.676,100.596,100.467,100.422,100.301,100.276,100.174,100.155,100.073,100.055,99.9915,99.9735,99.9241,99.9062,99.8675,99.85,99.8195,99.8027,99.7783,99.7623,99.7425,99.7274,99.7112,99.6972,99.6835,99.6707,99.6586,99.6486,99.6219,99.6914,99.4624,99.893,99.112,100.343,98.4774,101.151,97.3823,102.596,95.2498,106.146,87.6929,125.066,42.1114,197.987
102.134,102.111,101.994,101.864,101.713,101.576,101.427,101.328,101.183,101.123,100.993,100.955,100.847,100.817,100.732,100.705,100.638,100.613,100.561,100.537,100.497,100.474,100.441,100.42,100.394,100.374,100.353,100.335,100.316,100.3,100.284,100.269,100.255,100.243,100.217,100.269,100.083,100.425,99.7942,100.781,99.274,101.427,98.3813,102.597,96.6172,105.622,89.8151,123.634,44.3906,198.993
103.108,103.081,102.952,102.811,102.651,102.505,102.349,102.243,102.093,102.028,101.895,101.852,101.742,101.709,101.622,101.592,101.525,101.497,101.445,101.419,101.377,101.353,101.32,101.297,101.27,101.25,101.227,101.208,101.189,101.172,101.155,101.14,101.125,101.113,101.087,101.132,100.961,101.273,100.693,101.598,100.211,102.191,99.3854,103.269,97.7442,106.118,91.1936,123.827,45.8214,200
