SPACE_POINTS_X
50,50.1306,50.2613,50.3919,50.5225,50.6531,50.7838,50.9144,51.045,51.1756,51.3063,51.4369,51.5675,51.6981,51.8288,51.9594,52.09,52.2207,52.3513,52.4819,52.6125,52.7432,52.8738,53.0044,53.135,53.2657,53.3963,53.5269,53.6576,53.7882,53.9188,54.0494,54.1801,54.3107,54.4413,54.5719,54.7026,54.8332,54.9638,55.0944,55.2251,55.3557,55.4863,55.617,55.7476,55.8782,56.0088,56.1395,56.2701,56.4007,56.5313,56.662,56.7926,56.9232,57.0539,57.1845,57.3151,57.4457,57.5764,57.707,57.8376,57.9682,58.0989,58.2295,58.3601,58.4907,58.6214,58.752,58.8826,59.0133,59.1439,59.2745,59.4051,59.5358,59.6664,59.797,59.9276,60.0583,60.1889,60.3195,60.4502,60.5808,60.7114,60.842,60.9727,61.1033,61.2339,61.3645,61.4952,61.6258,61.7564,61.887,62.0177,62.1483,62.2789,62.4096,62.5402,62.6708,62.8014,62.9321,63.0627,63.1933,63.3239,63.4546,63.5852,63.7158,63.8464,63.9771,64.1077,64.2383,64.369,64.4996,64.6302,64.7608,64.8915,65.0221,65.1527,65.2833,65.414,65.5446,65.6752,65.8059,65.9365,66.0671,66.1977,66.3284,66.459,66.5896,66.7202,66.8509,66.9815,67.1121,67.2427,67.3734,67.504,67.6346,67.7653,67.8959,68.0265,68.1571,68.2878,68.4184,68.549,68.6796,68.8103,68.9409,69.0715,69.2022,69.3328,69.4634
SPACE_POINTS_Y
0,0.0079599,0.0159198,0.0238797,0.0318396,0.0397995,0.0477594,0.0557193,0.0636792,0.0716391,0.079599,0.0875589,0.0955189,0.103479,0.111439,0.119399,0.127358,0.135318,0.143278,0.151238,0.159198,0.167158,0.175118,0.183078,0.191038,0.198998,0.206958,0.214917,0.222877,0.230837,0.238797,0.246757,0.254717,0.262677,0.270637,0.278597,0.286557,0.294516,0.302476,0.310436,0.318396,0.326356,0.334316,0.342276,0.350236,0.358196,0.366156,0.374116,0.382075,0.390035
VALUES
0,0,0,0,0,0,0,0,0,0,0,0,0,0,0,0,0,0,0,0,0,0,0,0,0,0,0,0,0,0,0,0,0,0,0,0,0,0,0,0,0,0,0,0,0,0,0,0,0,0
0,4.70465,-0.0947762,4.74133,-0.109329,4.74459,-0.0602468,4.62505,0.100293,4.35732,0.358987,4.06148,0.61153,3.87481,0.767628,3.81939,0.832396,3.80207,0.906887,3.71241,1.09528,3.50876,1.41137,3.23559,1.7785,2.97314,2.1053,2.78974,2.35516,2.7103,2.53653,2.71918,2.67973,2.78954,2.814,2.90625,2.96868,3.07009,3.16456,3.2931,3.43058,3.60848,3.81731,4.09272,4.44917,4.95983,5.75232,7.27741,12,50
0,9.16675,-0.122362,9.28315,-0.167297,9.3391,-0.0759795,9.11568,0.25352,8.59176,0.763436,8.02263,1.24944,7.67238,1.5455,7.57742,1.66779,7.55008,1.81617,7.3725,2.19364,6.96625,2.82382,6.42371,3.553,5.90517,4.19982,5.54451,4.69291,5.38969,5.05042,5.40896,5.33291,5.54909,5.59792,5.77986,5.90297,6.10292,6.28863,6.54139,6.81085,7.1592,7.56645,8.10189,8.79033,9.76746,11.2531,13.9529,20.6673,50
0,13.5126,-0.134371,13.6938,-0.189164,13.791,-0.0224053,13.4412,0.497639,12.6676,1.24339,11.8553,1.93317,11.3714,2.34579,11.2568,2.51382,11.2292,2.73202,10.9676,3.296,10.3619,4.23523,9.55542,5.31884,8.78809,6.27705,8.25645,7.00545,8.02983,7.53273,8.06007,7.94943,8.26805,8.34015,8.60844,8.78921,9.08361,9.35555,9.72626,10.1195,10.6274,11.2179,11.9914,12.9771,14.3603,16.4135,19.9513,27.5314,50
0,17.7644,-0.147174,18.0052,-0.176713,18.0777,0.144064,17.5556,0.870874,16.5527,1.81954,15.5394,2.67381,14.9566,3.17548,14.8437,3.37513,14.8267,3.65694,14.4863,4.40243,13.6859,5.64314,12.6224,7.07136,11.6143,8.33071,10.9181,9.2853,10.6228,9.97501,10.6637,10.5197,10.9365,11.0298,11.3804,11.6147,11.9984,12.35,12.8307,13.3371,13.991,14.7456,15.7299,16.971,18.6894,21.1741,25.2396,32.9403,50
0,21.9285,-0.166553,22.1917,-0.0564598,22.1068,0.503041,21.4011,1.40494,20.2265,2.49906,19.066,3.47299,18.4195,4.03603,18.3285,4.25329,18.3323,4.59172,17.919,5.51213,16.9297,7.04474,15.617,8.80596,14.3769,10.3548,13.5225,11.5254,13.1613,12.3693,13.2118,13.035,13.5451,13.6568,14.0852,14.3677,14.8347,15.258,15.8394,16.4465,17.2306,18.1273,19.2917,20.7415,22.7201,25.5014,29.8296,37.1869,50
0,26.0204,-0.109831,26.0507,0.39136,25.7144,1.1425,24.9381,2.10563,23.6903,3.27156,22.4383,4.32306,21.7585,4.92389,21.7056,5.14696,21.7384,5.5355,21.2574,6.62346,20.0855,8.43696,18.5323,10.5181,17.0693,12.3435,16.0633,13.7193,15.6385,14.7083,15.6968,15.487,16.0856,16.212,16.7132,17.038,17.5814,18.0676,18.7392,19.4333,20.3301,21.345,22.6567,24.2669,26.4307,29.3837,33.7619,40.5154,50
0,29.6807,0.681156,29.0173,1.47233,28.7899,2.06628,28.1954,2.93224,26.974,4.10904,25.6709,5.20928,24.977,5.83184,24.9724,6.05257,25.0395,6.48603,24.4952,7.73405,23.1471,9.81652,21.3623,12.2033,19.6859,14.2917,18.5348,15.8609,18.0483,16.9855,18.1121,17.8686,18.5505,18.6875,19.2561,19.6164,20.2291,20.7683,21.5191,22.2853,23.2766,24.3848,25.8105,27.5331,29.8113,32.8263,37.0926,43.1277,50
4.6688,29.4177,3.76184,30.7645,3.05137,31.5412,3.09848,31.2932,3.79918,30.1294,4.97312,28.7835,6.1137,28.0813,6.7507,28.1288,6.96501,28.2321,7.44003,27.6272,8.84101,26.109,11.18,24.1019,13.8576,22.2216,16.1943,20.9317,17.9447,20.3853,19.1948,20.4518,20.1733,20.9334,21.0762,21.7067,22.0952,22.7697,23.3516,24.1702,24.9931,26.0605,27.2371,28.7443,30.5337,32.8623,35.8474,39.8847,45.1673,51.0067
4.6688,32.9544,4.43366,33.6521,4.02166,34.4966,3.96077,34.383,4.61388,33.2075,5.82805,31.7942,7.01976,31.0776,7.67118,31.1756,7.87853,31.3139,8.39358,30.6499,9.94108,28.967,12.524,26.7468,15.4768,24.6722,18.047,23.2498,19.966,22.6449,21.3312,22.7109,22.3957,23.2287,23.3722,24.059,24.4683,25.1968,25.8108,26.6857,27.5501,28.6754,29.896,31.4539,33.2684,35.5919,38.4742,42.2045,46.7117,51.0067
4.6688,36.6563,4.464,37.1541,4.39481,37.7661,4.54418,37.5367,5.32737,36.234,6.6533,34.7126,7.91585,33.9699,8.5852,34.1137,8.78738,34.2837,9.34254,33.5603,11.0309,31.7178,13.8451,29.2934,17.0573,27.0341,19.8457,25.4853,21.9207,24.8232,23.3903,24.8852,24.5312,25.4322,25.5709,26.3085,26.7306,27.5058,28.1411,29.0612,29.9518,31.1177,32.3594,33.9398,35.7424,38.0148,40.7399,44.1193,47.8921,51.0067
4.6688,40.2342,4.43045,40.7452,4.48685,41.193,4.91587,40.7199,5.95321,39.1995,7.44852,37.5377,8.79655,36.7597,9.48662,36.9441,9.68637,37.1408,10.2828,36.3568,12.107,34.359,15.1402,31.739,18.596,29.3045,21.5871,27.6353,23.8051,26.917,25.3686,26.9713,26.5762,27.5403,27.6685,28.4517,28.8787,29.6932,30.3394,31.2939,32.1964,33.3866,34.6283,36.2063,37.9655,40.1503,42.6802,45.6917,48.7965,51.0067
4.6688,43.6993,4.39703,44.2523,4.51029,44.5806,5.22206,43.8309,6.55036,42.0682,8.22851,40.2608,9.66133,39.4461,10.3712,39.667,10.5711,39.8848,11.2107,39.0381,13.1664,36.8887,16.4063,34.0818,20.0899,31.4812,23.2683,29.6975,25.6164,28.924,27.2632,28.967,28.5279,29.5506,29.6626,30.4863,30.9104,31.7574,32.4043,33.3832,34.2839,35.4839,36.7065,38.2608,39.9505,42.0204,44.3319,46.9788,49.4956,51.0067
4.6688,47.0528,4.35846,47.6069,4.61762,47.7424,5.62215,46.7539,7.18797,44.7989,9.01152,42.8713,10.5115,42.0273,11.236,42.2822,11.4381,42.5155,12.1231,41.6035,14.2062,39.306,17.6409,36.3203,21.5364,33.5628,24.8869,31.6703,27.3525,30.8426,29.0721,30.8704,30.3846,31.4617,31.5516,32.4112,32.8248,33.698,34.3357,35.3301,36.2164,37.4133,38.6002,40.113,41.7129,43.649,45.7306,48.0307,50.0459,51.0067
4.6688,50.3059,4.39945,50.6087,5.03467,50.4904,6.24259,49.4096,7.90841,47.3674,9.80725,45.3632,11.3474,44.502,12.079,44.7896,12.2849,45.0325,13.0173,44.0525,15.224,41.6104,18.8417,38.454,22.9337,35.5485,26.4411,33.5529,29.0117,32.6719,30.7939,32.6809,32.1452,33.273,33.335,34.2264,34.6219,35.5157,36.1351,37.1369,37.9975,39.1803,40.3174,41.7748,43.2695,45.0604,46.9103,48.8904,50.4934,51.0067
4.6688,53.1039,5.14794,52.7403,6.03409,52.7232,7.10385,51.8012,8.70232,49.7794,10.6106,47.7379,12.1668,46.8701,12.8986,47.1888,13.1096,47.4359,13.8914,46.3853,16.2178,43.8018,20.0068,40.4827,24.2801,37.4381,27.9295,35.3449,30.5931,34.4115,32.4281,34.3984,33.8096,34.9848,35.0132,35.9327,36.3031,37.2125,37.8051,38.8074,39.6324,40.7919,41.8676,43.259,44.6381,46.2788,47.9022,49.5934,50.8749,51.0067
9.08227,52.2028,7.99704,53.7425,7.47456,54.6353,8.05477,54.0256,9.51144,52.0657,11.4048,50.0024,12.9657,49.1323,13.6937,49.4795,13.9114,49.7253,14.7442,48.6019,17.1863,45.8808,21.135,42.4071,25.5744,39.2321,29.3514,37.0466,32.0962,36.0619,33.9747,36.0233,35.3781,36.598,36.5872,37.5319,37.8704,38.7913,39.3493,40.3464,41.127,42.2561,43.2611,44.5796,45.8367,47.3272,48.7346,50.1683,51.1988,52.0134
9.08227,54.8309,8.63516,55.7426,8.37342,56.6959,8.85329,56.2132,10.2646,54.2631,12.1712,52.1648,13.7404,51.2895,14.4639,51.6615,14.69,51.901,15.5749,50.7031,18.1284,47.8483,22.2252,44.2279,26.8159,40.9312,30.7065,38.659,33.5212,37.6241,35.4343,37.557,36.852,38.1145,38.059,39.0265,39.3267,40.2559,40.7723,41.7597,42.4885,43.5819,44.5092,45.7505,46.8829,48.2275,49.4328,50.6396,51.4342,52.0134
9.08227,57.6078,8.65631,58.2976,8.72293,59.0155,9.40102,58.4294,10.9241,56.3911,12.9003,54.2293,14.4896,53.3418,15.2098,53.7344,15.446,53.963,16.3834,52.6897,19.0435,49.7055,23.2768,45.9467,28.0042,42.5369,31.9947,40.1834,34.8687,39.0995,36.808,39.0013,38.233,39.5365,39.431,40.4197,40.6757,41.6108,42.0793,43.0536,43.7245,44.7787,45.6232,46.7859,47.7937,48.9999,50.0194,51.0297,51.623,52.0134
9.08227,60.249,8.61309,60.9265,8.8058,61.4612,9.75658,60.6474,11.5043,58.4423,13.5969,56.1934,15.2156,55.2883,15.9328,55.698,16.1801,55.9117,17.1699,54.5628,19.9314,51.4543,24.2894,47.5653,29.1396,44.051,33.2167,41.6215,36.1397,40.4902,38.0974,40.3585,39.5234,40.8671,40.7064,41.7152,41.9216,42.8609,43.276,44.2351,44.8431,45.8562,46.6148,47.6995,48.5853,49.6627,50.5138,51.3573,51.7816,52.0134
9.08227,62.7696,8.57137,63.465,8.82399,63.8543,10.0541,62.7797,12.0584,60.3877,14.2772,58.0497,15.9232,57.1275,16.635,57.552,16.8936,57.748,17.9348,56.3241,20.7921,53.0967,25.2633,49.086,30.2222,45.4758,34.3734,42.9755,37.3356,41.7984,39.3046,41.6312,40.7259,42.1093,41.8887,42.9172,43.0689,44.0116,44.3685,45.3113,45.8526,46.8241,47.4951,48.5044,49.2724,50.2324,50.9328,51.6375,51.9241,52.0134
9.08227,65.1766,8.5267,65.8454,8.92932,66.0204,10.4419,64.7257,12.6484,62.1946,14.9592,59.7906,16.6176,58.8579,17.3188,59.297,17.5878,59.4731,18.6787,57.9754,21.626,54.6352,26.1986,50.5113,31.2528,46.8137,35.4659,44.2482,38.4584,43.0269,40.432,42.8227,41.8434,43.2671,42.9817,44.0303,44.1226,45.0688,45.3633,46.2896,46.7613,47.6921,48.2751,49.2131,49.869,50.7234,51.2904,51.8824,52.0626,52.0134
9.08227,67.4847,8.56825,67.8719,9.33956,67.7882,11.0354,66.4186,13.3126,63.8445,15.6538,61.4122,17.3024,60.4794,17.986,60.9338,18.2641,61.0888,19.4025,59.5192,22.4334,56.0724,27.0959,51.8441,32.2324,48.0677,36.4958,45.4422,39.51,44.1788,41.4823,43.9363,42.8795,44.3443,43.9896,45.0592,45.0878,46.0384,46.2668,47.1775,47.5776,48.4696,48.9654,49.8372,50.3873,51.1485,51.5982,52.101,52.208,52.0134
9.08227,69.3371,9.31087,69.0605,10.3018,69.0747,11.8501,67.8657,14.0445,65.3437,16.36,62.9168,17.9788,61.9937,18.6378,62.4644,18.9233,62.5972,20.1067,60.9582,23.2149,57.4116,27.956,53.0876,33.1621,49.2408,37.4649,46.5606,40.4929,45.2573,42.4585,44.9756,43.8376,45.3452,44.9167,46.009,45.9699,46.9264,47.0857,47.9824,48.3094,49.1657,49.5757,50.3873,50.8385,51.5187,51.8658,52.2993,52.3702,52.0134
13.3779,67.6336,12.0371,69.2052,11.6667,70.07,12.7475,69.1554,14.7971,66.7185,17.0671,64.3115,18.6455,63.4038,19.2749,63.8915,19.5662,64.0014,20.7921,62.2956,23.9713,58.656,28.7799,54.2451,34.0434,50.3364,38.3751,47.6069,41.4096,46.266,43.3637,45.9446,44.7216,46.2741,45.7676,46.8847,46.7743,47.7387,47.8264,48.7115,48.9647,49.7889,50.1151,50.8732,51.2324,51.8434,52.1012,52.4807,52.5372,53.0201
13.3779,69.3382,12.675,70.2813,12.5353,71.2019,13.5152,70.4001,15.5152,67.9989,17.7627,65.6053,19.3002,64.7142,19.8971,65.2186,20.1933,65.3046,21.4591,63.5348,24.7032,59.8093,29.5685,55.3202,34.8778,51.3579,39.2285,48.5845,42.2627,47.2084,44.2012,46.847,45.5353,47.1355,46.5468,47.6914,47.5063,48.4815,48.4952,49.3717,49.5509,50.3472,50.5922,51.3037,51.5778,52.1307,52.3106,52.6481,52.6645,53.0201
13.3779,71.2145,12.7032,71.9075,12.8872,72.5713,14.0762,71.6493,16.1742,69.2011,18.4402,66.8053,19.9412,65.9296,20.5041,66.4496,20.8049,66.5108,22.1082,64.6796,25.4114,60.8753,30.323,56.3166,35.667,52.3091,40.0274,49.4969,43.0552,48.0883,44.9744,47.687,46.2826,47.9339,47.2589,48.4342,48.1712,49.1604,49.0982,49.9697,50.0749,50.8481,51.0146,51.6865,51.882,52.3873,52.4995,52.8058,52.7813,53.0201
13.3779,72.9725,12.6624,73.627,13.002,74.0335,14.5073,72.8677,16.7926,70.3216,19.1015,67.916,20.5671,67.0551,21.0951,67.5892,21.401,67.624,22.74,65.7341,26.0968,61.8579,31.0448,57.2381,36.4129,53.1934,40.7743,50.3477,43.7899,48.9094,45.6867,48.4686,46.9676,48.6736,47.9084,49.1181,48.7741,49.7812,49.6414,50.5118,50.5433,51.2986,51.3892,52.0286,52.1517,52.619,52.6722,52.9571,52.8954,53.0201
13.3779,74.6355,12.6221,75.2393,13.1369,75.3722,14.958,73.9733,17.4132,71.3459,19.7525,68.9403,21.1773,68.0959,21.6694,68.6421,21.9816,68.6485,23.355,66.7023,26.7601,62.7611,31.7351,58.0887,37.1172,54.0148,41.4715,51.1407,44.4699,49.6756,46.3416,49.1959,47.5941,49.3592,48.4997,49.748,49.3201,50.3491,50.1302,51.0039,50.9621,51.7048,51.7224,52.3363,52.3925,52.8305,52.8319,53.1044,53.0141,53.0201
13.3779,76.2233,12.675,76.5209,13.5534,76.3826,15.5619,74.8979,18.0699,72.2649,20.3971,69.8827,21.7706,69.0575,22.2265,69.613,22.5469,69.5889,23.9535,67.5885,27.4023,63.5891,32.3953,58.8721,37.782,54.7769,42.1215,51.8795,45.098,50.3906,46.9426,49.8727,48.1659,49.9948,49.0371,50.3286,49.8138,50.8694,50.5699,51.4515,51.3369,52.0726,52.0198,52.6148,52.6092,53.0257,52.9813,53.249,53.1446,53.0201
13.3779,77.3738,13.4234,77.0102,14.4937,76.9707,16.3513,75.6386,18.7612,73.0866,21.0314,70.7501,22.3454,69.9454,22.7659,70.5067,23.097,70.4494,24.5363,68.3968,28.0245,64.3459,33.0269,59.5922,38.4092,55.4835,42.7269,52.5679,45.6772,51.058,47.4929,50.5031,48.6869,50.5848,49.5247,50.8642,50.2598,51.3468,50.9654,51.8598,51.6729,52.407,52.2862,52.8689,52.8058,53.2078,53.1224,53.3909,53.294,53.0201
17.5817,75.1005,16.0614,76.5411,15.8069,77.3127,17.2063,76.2711,19.448,73.8354,21.6457,71.5516,22.8995,70.7646,23.2875,71.3277,23.6326,71.2344,25.1042,69.1315,28.6276,65.0354,33.6314,60.253,39.0007,56.1383,43.2901,53.2093,46.2104,51.6817,47.9959,51.0908,49.1607,51.133,49.9666,51.3593,50.6624,51.7859,51.3212,52.2334,51.9746,52.7127,52.5261,53.1025,52.9857,53.3795,53.2565,53.5291,53.4485,54.0268
17.5817,76.1542,16.7085,76.9671,16.6591,77.8046,17.9309,76.9002,20.08,74.5393,22.2298,72.2955,23.4321,71.5198,23.7919,72.0798,24.1545,71.9477,25.6579,69.7964,29.2128,65.6618,34.2103,60.8582,39.5587,56.7448,43.8134,53.8073,46.7004,52.265,48.4548,51.6395,49.5907,51.6433,50.3664,51.8178,51.0255,52.1909,51.6414,52.5765,52.2461,52.9937,52.7432,53.3191,53.1519,53.5431,53.3852,53.6629,53.5637,54.0268
17.5817,77.4134,16.7507,77.9513,17.0147,78.5568,18.4403,77.5814,20.6315,75.2136,22.7802,72.9863,23.944,72.2141,24.2803,72.7666,24.6636,72.5934,26.1986,70.3955,29.7813,66.2288,34.7652,61.4115,40.0849,57.3067,44.2995,54.3653,47.1501,52.8114,48.8727,52.1526,49.9803,52.1195,50.7278,52.2435,51.353,52.5656,51.9299,52.8932,52.4913,53.2538,52.9409,53.5218,53.3067,53.7002,53.5095,53.7942,53.6669,54.0268
17.5817,78.5838,16.7231,79.0616,17.1152,79.4643,18.7824,78.2952,21.1166,75.8531,23.3033,73.6239,24.4384,72.8498,24.7545,73.3914,25.1614,73.1749,26.7274,70.9326,30.3343,66.7402,35.2974,61.9165,40.5813,57.8274,44.7504,54.8866,47.562,53.3242,49.2524,52.6335,50.3327,52.5648,51.054,52.64,51.6482,52.9138,52.1902,53.1868,52.7134,53.4961,53.122,53.713,53.4521,53.8523,53.6305,53.9243,53.7648,54.0268
17.5817,79.6823,16.6983,80.1357,17.1524,80.3675,19.0754,78.9701,21.5801,76.4371,23.8127,74.2054,24.9195,73.4286,25.2164,73.9571,25.6492,73.6957,27.2454,71.4112,30.8729,67.1997,35.8086,62.3768,41.0498,58.3101,45.1686,55.3745,47.9387,53.8066,49.5968,53.0854,50.6507,52.9825,51.3482,53.0105,51.9143,53.2385,52.4254,53.4605,52.9154,53.7234,53.289,53.8948,53.5898,54.0007,53.7489,54.0545,53.8635,54.0268
17.5817,80.7213,16.6738,81.1001,17.2796,81.1042,19.4517,79.5231,22.0728,76.9425,24.3225,74.7275,25.3916,73.9522,25.6682,74.4664,26.1285,74.1591,27.7539,71.8348,31.3985,67.6107,36.3001,62.7956,41.4922,58.7581,45.5561,55.8319,48.2827,54.2614,49.9086,53.5113,50.9372,53.3757,51.6133,53.3581,52.1542,53.5428,52.6383,53.7171,53.0999,53.9381,53.444,54.0692,53.7211,54.1463,53.8652,54.1859,53.9694,54.0268
17.5817,81.7156,16.7474,81.7615,17.7013,81.523,20.0108,79.9016,22.6244,77.3586,24.8398,75.1907,25.857,74.4227,26.1114,74.9221,26.6008,74.5681,28.254,72.2069,31.9121,67.9767,36.7732,63.1763,41.91,59.1746,45.9149,56.2618,48.5962,54.6916,50.1903,53.914,51.1949,53.7471,51.8519,53.6856,52.3706,53.8294,52.8314,53.9591,53.269,54.1424,53.5888,54.2375,53.8473,54.2899,53.9799,54.3187,54.0887,54.0268
17.5817,82.2962,17.5123,81.686,18.6235,81.5636,20.7601,80.1172,23.2269,77.6948,25.3621,75.5996,26.3161,74.8435,26.5473,75.327,27.0674,74.926,28.7471,72.5306,32.4149,68.301,37.2293,63.5221,42.3049,59.5623,46.247,56.6668,48.8813,55.0998,50.4441,54.296,51.4261,54.0994,52.0665,53.9954,52.5658,54.1008,53.0072,54.1887,53.4249,54.338,53.725,54.401,53.969,54.432,54.093,54.4521,54.228,54.0268
21.7015,79.5895,20.0723,80.7448,19.8875,81.4029,21.5767,80.2493,23.8379,77.9766,25.8792,75.9623,26.768,75.2179,26.977,75.684,27.5295,75.2355,29.234,72.8091,32.9077,68.5869,37.6696,63.8359,42.6784,59.9241,46.5543,57.0497,49.1402,55.4884,50.6723,54.6599,51.6331,54.4349,52.2594,54.2899,52.7422,54.359,53.1675,54.4079,53.5693,54.5265,53.8538,54.5609,54.0873,54.5732,54.2049,54.5844,54.3732,55.0336
21.7015,80.1358,20.7389,80.6674,20.7241,81.4063,22.2766,80.3985,24.4073,78.2325,26.3798,76.2868,27.2113,75.5496,27.4013,75.9959,27.9883,75.4998,29.7157,73.0455,33.3915,68.8373,38.095,64.1207,43.0319,60.2627,46.8383,57.4128,49.3747,55.8598,50.8768,55.0078,51.8179,54.7558,52.4325,54.5713,52.9015,54.6061,53.3141,54.6183,53.7035,54.7093,53.9763,54.7179,54.2025,54.7138,54.3156,54.7148,54.4813,55.0336
21.7015,80.926,20.8044,81.1612,21.0865,81.6813,22.7787,80.6181,24.9086,78.4786,26.8588,76.5784,27.6463,75.8413,27.8213,76.2652,28.4446,75.7218,30.1928,73.2431,33.8669,69.0556,38.5064,64.3794,43.3665,60.5805,47.1007,57.7585,49.5865,56.2161,51.0597,55.3419,51.9825,55.0641,52.5878,54.8413,53.0456,54.8438,53.4487,54.8215,53.829,54.8875,54.0934,54.8727,54.3152,54.8543,54.4255,54.8446,54.579,55.0336
21.7015,81.6568,20.7959,81.8141,21.1978,82.1327,23.1252,80.8917,25.3524,78.7121,27.3199,76.838,28.0747,76.0951,28.2381,76.4947,28.8991,75.9044,30.6659,73.405,34.3343,69.2445,38.9047,64.6146,43.6835,60.8801,47.3429,58.0889,49.7775,56.5593,51.2226,55.664,52.1285,55.3616,52.7269,55.1018,53.176,55.0736,53.5726,55.0186,53.9468,55.062,54.2059,55.0259,54.4258,54.9947,54.535,54.9749,54.6724,55.0336
21.7015,82.3434,20.7899,82.4622,21.2453,82.6073,23.4265,81.1534,25.7785,78.915,27.7741,77.0632,28.4994,76.3127,28.6527,76.6868,29.3524,76.0509,31.1351,73.5343,34.7941,69.4072,39.2904,64.8289,43.9838,61.1636,47.5663,58.406,49.9489,56.8913,51.367,55.9759,52.2576,55.6499,52.8514,55.3541,53.2942,55.2968,53.687,55.2109,54.0578,55.2337,54.3143,55.178,54.5345,55.1353,54.644,55.1069,54.7678,55.0336
21.7015,82.999,20.7854,83.0268,21.3825,82.9473,23.807,81.3265,26.2322,79.0667,28.2332,77.2512,28.9234,76.4955,29.0659,76.8445,29.8046,76.1645,31.6004,73.6344,35.2462,69.5466,39.6641,65.0248,44.2684,61.4331,47.7721,58.7116,50.1023,57.2137,51.4946,56.2792,52.3713,55.9306,52.9627,55.5998,53.4013,55.5146,53.793,55.3993,54.1629,55.4032,54.4193,55.3294,54.6416,55.2763,54.7529,55.2413,54.8712,55.0336
21.7015,83.6355,20.8845,83.3144,21.8066,83.009,24.3587,81.362,26.741,79.1559,28.7043,77.4015,29.3486,76.6458,29.478,76.9708,30.2551,76.2486,32.0612,73.7085,35.6905,69.6656,40.0262,65.2047,44.5381,61.6906,47.9615,59.0075,50.2389,57.5281,51.6065,56.5753,52.4708,56.2049,53.0619,55.8399,53.4985,55.7282,53.8915,55.5845,54.2628,55.571,54.5211,55.4802,54.7472,55.4176,54.8614,55.3781,54.9889,55.0336
21.7015,83.8769,21.6671,82.9152,22.7042,82.7404,25.0866,81.2688,27.2995,79.1884,29.1864,77.5171,29.7747,76.7665,29.8885,77.0692,30.7032,76.307,32.5167,73.76,36.1268,69.7669,40.3768,65.3709,44.7936,61.938,48.1355,59.2952,50.3599,57.8358,51.7041,56.8655,52.5573,56.4741,53.1502,56.0756,53.5867,55.9382,53.9832,55.7674,54.3579,55.7377,54.6202,55.6308,54.8514,55.5593,54.9695,55.5166,55.1272,55.0336
25.7318,80.964,24.1499,81.7335,23.914,82.3085,25.8787,81.1149,27.8736,79.1832,29.6718,77.604,30.1999,76.8616,30.296,77.1437,31.1475,76.3435,32.966,73.7923,36.5544,69.8533,40.7162,65.5255,45.0356,62.1768,48.2951,59.5761,50.4665,58.1382,51.7885,57.151,52.6319,56.7392,53.2286,56.3078,53.6669,56.1456,54.0689,55.9485,54.4489,55.9036,54.7168,55.7813,54.9544,55.7014,55.077,55.655,55.2726,56.0403
25.7318,81.218,24.8363,81.3788,24.7282,82.0437,26.5732,80.9841,28.423,79.1622,30.1511,77.6694,30.6212,76.936,30.6984,77.1988,31.5861,76.3624,33.4077,73.8088,36.9728,69.9274,41.0444,65.6704,45.2647,62.4088,48.4411,59.8515,50.5595,58.4363,51.8606,57.4327,52.6955,57.0011,53.2979,56.5372,53.7397,56.3511,54.1493,56.1282,54.5361,56.0691,54.8111,55.9319,55.0561,55.8439,55.1837,55.7922,55.3838,56.0403
25.7318,81.7441,24.927,81.5992,25.0957,82.0389,27.1054,80.9162,28.9277,79.1385,30.618,77.72,31.0352,76.9947,31.0929,77.2392,32.0167,76.3677,33.8402,73.8129,37.3814,69.9916,41.3616,65.8075,45.4815,62.6351,48.5744,60.1227,50.64,58.7312,51.9214,57.7117,52.7491,57.2606,53.3589,56.7647,53.8058,56.5551,54.2247,56.3071,54.6198,56.2343,54.9034,56.0826,55.1566,55.9866,55.2897,55.9293,55.4874,56.0403
25.7318,82.23,24.9366,81.9975,25.2401,82.1862,27.5273,80.8898,29.3965,79.1125,31.0709,77.7606,31.4385,77.0435,31.4762,77.27,32.4367,76.3636,34.262,73.8076,37.7794,70.0483,41.6678,65.9383,45.6864,62.8572,48.6958,60.3906,50.7087,59.0237,51.9717,57.9887,52.7934,57.5185,53.4124,56.9909,53.8658,56.7582,54.2956,56.4855,54.7005,56.3995,54.9937,56.2335,55.2558,56.1296,55.395,56.0668,55.5895,56.0403
25.7318,82.6965,24.9484,82.3721,25.3896,82.3096,27.9498,80.8486,29.8556,79.0774,31.5106,77.7959,31.8274,77.088,31.8447,77.2964,32.8435,76.3543,34.6716,73.7958,38.1664,70.0993,41.9632,66.0645,45.88,63.0761,48.8059,60.6562,50.7665,59.3147,52.0123,58.2645,52.8291,57.7754,53.459,57.2162,53.9202,56.9609,54.3625,56.6637,54.7782,56.5648,55.0822,56.3846,55.354,56.2728,55.4993,56.2051,55.6963,56.0403
25.7318,83.1584,25.0559,82.5206,25.7613,82.2484,28.4707,80.7446,30.3262,79.0285,31.9364,77.8312,32.1975,77.1345,32.1946,77.3233,33.2344,76.3433,35.0676,73.7802,38.5419,70.1466,42.248,66.1872,46.0629,63.2928,48.9055,60.9203,50.814,59.6049,52.0439,58.5397,52.8569,58.0318,53.4991,57.4412,53.9695,57.1634,54.4257,56.8419,54.8533,56.7305,55.169,56.536,55.4509,56.4162,55.6026,56.3443,55.8142,56.0403
25.7318,83.2828,25.7511,82.0995,26.5217,81.939,29.1122,80.574,30.807,78.9722,32.3429,77.8736,32.5437,77.1891,32.522,77.3555,33.6072,76.334,35.4491,73.763,38.9058,70.1915,42.5225,66.3075,46.2356,63.5082,48.9953,61.1836,50.852,59.8949,52.0672,58.8148,52.8774,58.2883,53.5334,57.6662,54.014,57.366,54.4855,57.0203,54.9259,56.8965,55.2542,56.6877,55.5466,56.5596,55.7047,56.4832,55.9493,56.0403
29.171,80.7545,27.8558,81.0484,27.5342,81.5109,29.7922,80.3854,31.2716,78.9254,32.7198,77.9318,32.8605,77.2574,32.8238,77.3967,33.9604,76.3288,35.8155,73.7456,39.258,70.2351,42.7871,66.4262,46.3986,63.7228,49.0757,61.4467,50.881,60.1852,52.0827,59.0904,52.891,58.5452,53.5622,57.8916,54.0542,57.5691,54.5421,57.1992,54.9962,57.063,55.3379,56.8398,55.6412,56.7031,55.8054,56.6203,56.088,57.047
29.171,80.9077,28.468,80.6829,28.2254,81.2305,30.3786,80.2489,31.6834,78.91,33.0553,78.0148,33.1429,77.3444,33.0978,77.4497,34.2929,76.3295,36.1668,73.7293,39.5991,70.2783,43.0424,66.5441,46.5525,63.9373,49.1476,61.7102,50.9016,60.4763,52.0909,59.3668,52.8983,58.8029,53.586,58.1177,54.0903,57.7729,54.5957,57.3785,55.0643,57.23,55.4201,56.9921,55.7347,56.8466,55.9048,56.7548,56.1904,57.047
29.171,81.311,28.5664,80.8106,28.541,81.1876,30.8027,80.2104,32.0156,78.943,33.3401,78.1294,33.3877,77.4532,33.3428,77.5162,34.6051,76.3368,36.5037,73.7146,39.9296,70.3215,43.289,66.6616,46.6981,64.1522,49.2113,61.9744,50.9143,60.7685,52.0923,59.6443,52.8996,59.0616,53.6051,58.3447,54.1227,57.9774,54.6466,57.5586,55.1303,57.3976,55.5009,57.1449,55.827,56.9902,56.0031,56.8878,56.2821,57.047
29.171,81.6892,28.593,81.1045,28.6426,81.3265,31.0758,80.2748,32.2617,79.031,33.5707,78.2787,33.5939,77.5849,33.5597,77.5962,34.8981,76.3506,36.8275,73.7013,40.2507,70.3649,43.5278,66.7789,46.8358,64.3678,49.2675,62.2397,50.9198,61.0622,52.0873,59.9234,52.8954,59.3216,53.6198,58.5728,54.1515,58.1829,54.695,57.7394,55.1944,57.5658,55.5803,57.2979,55.9183,57.1339,56.1003,57.0202,56.3691,57.047
29.171,82.0532,28.6224,81.426,28.6624,81.5583,31.2482,80.4185,32.433,79.17,33.7498,78.4614,33.7641,77.7379,33.7511,77.6881,35.1743,76.3697,37.1399,73.6889,40.5637,70.4081,43.7596,66.8962,46.9664,64.5843,49.3168,62.5064,50.9183,61.3577,52.0765,60.2041,52.886,59.5831,53.6305,58.8022,54.177,58.3894,54.7409,57.921,55.2566,57.7346,55.6585,57.4514,56.0085,57.2776,56.1965,57.153,56.4569,57.047
29.171,82.4093,28.6545,81.7388,28.6668,81.8164,31.3715,80.6088,32.5498,79.349,33.8856,78.6725,33.9034,77.9085,33.9212,77.7892,35.4371,76.3922,37.4435,73.6764,40.8701,70.451,43.9856,67.0135,47.0906,64.8019,49.3596,62.7748,50.9104,61.6551,52.06,60.4868,52.8718,59.8463,53.6373,59.033,54.1994,58.5971,54.7846,58.1034,55.3171,57.9042,55.7355,57.6052,56.0977,57.4214,56.2919,57.2868,56.5513,57.047
29.171,82.7587,28.6926,82.0279,28.6869,82.0633,31.4815,80.8185,32.6326,79.5537,33.9893,78.9034,34.0196,78.0908,34.076,77.8951,35.6908,76.4154,37.741,73.6622,41.1717,70.4927,44.2067,67.1307,47.2091,65.0207,49.3964,63.0451,50.8964,61.9547,52.0384,60.7716,52.8529,60.1113,53.6406,59.2653,54.2189,58.806,54.8262,58.2868,55.3759,58.0744,55.8113,57.7594,56.186,57.5653,56.3864,57.4215,56.658,57.047
29.171,83.0826,28.7684,82.2713,28.7372,82.2864,31.5939,81.0317,32.6976,79.7705,34.0741,79.1438,34.1224,78.2776,34.2223,78.001,35.9399,76.4363,38.0356,73.6448,41.4703,70.5326,44.424,67.2476,47.3225,65.2407,49.4277,63.3172,50.8768,62.2565,52.0118,61.0585,52.8298,60.3782,53.6405,59.4992,54.2356,59.0161,54.8658,58.4712,55.4332,58.2453,55.886,57.914,56.2734,57.7094,56.4801,57.5564,56.7827,57.047
29.3672,83.2486,28.9297,82.4686,28.8057,82.495,31.7081,81.2418,32.757,79.9864,34.1531,79.3825,34.2221,78.4606,34.3673,78.1016,36.1894,76.4515,38.3303,73.6223,41.7679,70.5699,44.6387,67.3639,47.4315,65.4619,49.4541,63.5914,50.8518,62.5607,51.9807,61.3478,52.8026,60.647,53.6372,59.7348,54.2498,59.2276,54.9036,58.6565,55.489,58.417,55.9597,58.0691,56.3599,57.8536,56.5728,57.69,56.9119,58.0537
29.3672,83.5623,29.0032,82.7046,28.8515,82.7098,31.8186,81.4447,32.8218,80.1885,34.2399,79.6079,34.3289,78.6321,34.5182,78.1915,36.4441,76.4578,38.6284,73.5929,42.0662,70.6037,44.8517,67.4793,47.5368,65.6843,49.4758,63.8677,50.8219,62.8673,51.9452,61.6394,52.7716,60.9179,53.631,59.9721,54.2615,59.4404,54.9395,58.8428,55.5434,58.5893,56.0324,58.2246,56.4457,57.998,56.6647,57.8217,57.0066,58.0537
29.3672,83.8846,29.0463,82.9705,28.8687,82.9348,31.9294,81.6301,32.9062,80.3632,34.3473,79.8098,34.4521,78.7848,34.6815,78.266,36.7084,76.4522,38.9325,73.555,42.3669,70.6331,45.0641,67.5936,47.6388,65.9078,49.4933,64.1461,50.7874,63.1764,51.9056,61.9335,52.7371,61.1909,53.6221,60.2112,54.271,59.6545,54.9739,59.0302,55.5964,58.7624,56.1043,58.3805,56.5308,58.1427,56.756,57.9524,57.0921,58.0537
29.3672,84.1995,29.087,83.2454,28.8744,83.1514,32.0628,81.7771,33.0285,80.4963,34.4867,79.9796,34.5989,78.9132,34.8622,78.3213,36.9859,76.4321,39.2452,73.5071,42.6716,70.6576,45.2767,67.7065,47.7381,66.1323,49.507,64.4267,50.7484,63.488,51.8622,62.23,52.6991,61.4659,53.6105,60.452,54.2783,59.87,55.0067,59.2185,55.6482,58.9363,56.1753,58.537,56.6153,58.2878,56.8469,58.0832,57.1738,58.0537
29.3672,84.5077,29.1265,83.514,28.9042,83.315,32.2594,81.8559,33.2085,80.5761,34.6662,80.1118,34.7739,79.0137,35.064,78.3546,37.2795,76.3956,39.5684,73.4479,42.9814,70.6764,45.4902,67.8177,47.8352,66.3579,49.5171,64.7094,50.7054,63.8021,51.8152,62.529,52.6579,61.743,53.5964,60.6946,54.2836,60.0869,55.038,59.4079,55.6988,59.1108,56.2456,58.6939,56.6993,58.4331,56.9375,58.2147,57.2571,58.0537
29.3672,84.8177,29.1669,83.7288,29.0356,83.3537,32.5695,81.8385,33.4602,80.5967,34.8886,80.2053,34.9789,79.085,35.2887,78.3642,37.5909,76.3412,39.9036,73.3766,43.2974,70.6892,45.7052,67.9271,47.9304,66.5843,49.524,64.9943,50.6584,64.1187,51.7647,62.8304,52.6138,62.0221,53.5801,60.939,54.2869,60.3051,55.068,59.5982,55.7483,59.2861,56.3152,58.8513,56.7828,58.5789,57.0279,58.3477,57.3473,58.0537
29.3672,85.134,29.309,83.7279,29.4043,83.1883,33.0281,81.7148,33.7835,80.562,35.1507,80.2626,35.2127,79.1274,35.537,78.3497,37.9212,76.2684,40.2518,73.2927,43.6201,70.6955,45.9223,68.0347,48.0242,66.8116,49.528,65.2812,50.6079,64.4377,51.711,63.1343,52.5668,62.3033,53.5615,61.1851,54.2885,60.5246,55.0967,59.7896,55.7968,59.4621,56.3841,59.0092,56.8659,58.7252,57.1183,58.4822,57.4502,58.0537
29.3672,85.1141,30.0243,83.2087,30.1277,82.8014,33.6182,81.5078,34.1593,80.4859,35.4432,80.2897,35.4719,79.1432,35.8079,78.3116,38.2706,76.1768,40.6135,73.1961,43.9502,70.6955,46.1416,68.1402,48.1166,67.0397,49.5292,65.5702,50.5538,64.7592,51.6543,63.4405,52.5171,62.5865,53.5409,61.4329,54.2884,60.7455,55.1242,59.982,55.8443,59.6387,56.4525,59.1677,56.9487,58.8719,57.2085,58.6173,57.5711,58.0537
32.6796,82.6157,32.0099,82.1528,31.0646,82.3219,34.2516,81.2735,34.5541,80.3887,35.7545,80.2939,35.7521,79.1353,36.0999,78.2509,38.6388,76.067,40.9887,73.0868,44.2875,70.689,46.3633,68.2438,48.2079,67.2687,49.5278,65.8612,50.4965,65.0831,51.5946,63.7491,52.4649,62.8716,53.5185,61.6825,54.2867,60.9676,55.1506,60.1753,55.891,59.8161,56.5204,59.3266,57.0312,59.0191,57.2986,58.7517,57.6965,59.0604
32.6796,82.6479,32.6428,81.7083,31.7236,81.9777,34.8126,81.0731,34.9349,80.2887,36.0741,80.282,36.0493,79.1066,36.4111,78.1692,39.0246,75.9397,41.377,72.9652,44.6321,70.6762,46.5875,68.3456,48.2982,67.4984,49.5239,66.1543,50.4361,65.4092,51.5323,64.06,52.4103,63.1587,53.4942,61.9338,54.2835,61.191,55.1761,60.3697,55.9368,59.9941,56.5879,59.4861,57.1135,59.1668,57.3888,58.8849,57.7892,59.0604
32.6796,82.9526,32.7702,81.7363,32.0416,81.8478,35.2479,80.9375,35.2852,80.1955,36.3961,80.2582,36.3601,79.0599,36.7394,78.0683,39.427,75.796,41.7777,72.832,44.9836,70.6576,46.814,68.4457,48.3876,67.729,49.5178,66.4494,50.3727,65.7377,51.4674,64.3731,52.3535,63.4477,53.4682,62.1867,54.279,61.4156,55.2006,60.5649,55.9818,60.1727,56.655,59.646,57.1957,59.315,57.4791,59.0178,57.8736,59.0604
32.6796,83.242,32.8168,81.943,32.1609,81.8723,35.5842,80.8535,35.6116,80.1069,36.7206,80.224,36.6826,78.9975,37.0829,77.95,39.8445,75.6373,42.1898,72.6881,45.3415,70.6336,47.0427,68.5443,48.4759,67.9605,49.5095,66.7464,50.3066,66.0683,51.4,64.6885,52.2946,63.7384,53.4407,62.4412,54.2732,61.6414,55.2243,60.7611,56.0263,60.352,56.7218,59.8065,57.2778,59.4638,57.5698,59.1515,57.9553,59.0604
32.6796,83.5222,32.8603,82.1837,32.2307,81.9343,35.8991,80.7758,35.9379,80.0118,37.0517,80.1788,37.0161,78.9209,37.4398,77.8162,40.2754,75.4649,42.6123,72.5345,45.705,70.6047,47.2732,68.6416,48.5632,68.1928,49.4991,67.0453,50.2377,66.401,51.3303,65.0059,52.2338,64.0309,53.4118,62.6974,54.2663,61.8684,55.2473,60.9582,56.0701,60.5318,56.7883,59.9674,57.3598,59.6131,57.6611,59.2865,58.0394,59.0604
32.6796,83.8091,32.9073,82.3682,32.3908,81.9055,36.2819,80.6522,36.2912,79.898,37.3946,80.1211,37.3601,78.8314,37.8086,77.6686,40.7181,75.2806,43.0439,72.3721,46.0734,70.5716,47.505,68.738,48.6494,68.4261,49.4866,67.346,50.1662,66.7358,51.2584,65.3254,52.1711,64.325,53.3815,62.955,54.2583,62.0964,55.2697,61.1562,56.1133,60.7123,56.8547,60.1287,57.4419,59.763,57.7528,59.4236,58.1315,59.0604
32.6796,84.1041,33.0732,82.3115,32.8057,81.6762,36.7948,80.4511,36.6866,79.7584,37.7521,80.0506,37.714,78.7303,38.1876,77.509,41.1709,75.0857,43.4832,72.2023,46.4458,70.5349,47.7379,68.8337,48.7342,68.6605,49.472,67.6486,50.0922,67.0725,51.1844,65.6468,52.1066,64.6207,53.35,63.2142,54.2493,62.3256,55.2914,61.355,56.1561,60.8932,56.9209,60.2904,57.524,59.9132,57.8451,59.5627,58.237,59.0604
32.6796,84.0171,33.8742,81.6941,33.5977,81.2205,37.4343,80.1799,37.1193,79.5958,38.1229,79.9681,38.0768,78.619,38.5752,77.3392,41.6321,74.8821,43.9288,72.0262,46.8212,70.4953,47.9712,68.9291,48.8176,68.8958,49.4553,67.953,50.0157,67.411,51.1084,65.97,52.0406,64.9179,53.3174,63.4748,54.2395,62.5557,55.3127,61.5547,56.1986,61.0746,56.987,60.4525,57.6061,60.0639,57.9378,59.703,58.3615,59.0604
36.3337,81.2326,36.0309,80.5155,34.6103,80.6709,38.118,79.8826,37.568,79.4198,38.5024,79.8761,38.4467,78.4992,38.9697,77.1609,42.0999,74.6712,44.3792,71.845,47.1987,70.4536,48.2045,69.0244,48.8993,69.1323,49.4366,68.2591,49.9369,67.7513,51.0306,66.295,51.9731,65.2165,53.2837,63.7368,54.2289,62.7869,55.3336,61.7551,56.2407,61.2565,57.0531,60.6149,57.6883,60.2149,58.0308,59.8431,58.4918,60.0671
36.3337,81.207,36.7401,79.9833,35.3328,80.2578,38.7367,79.6114,38.0084,79.2415,38.8855,79.7776,38.8215,78.3729,39.3692,76.9759,42.5725,74.4547,44.8331,71.6598,47.5772,70.4104,48.4372,69.12,48.9791,69.37,49.4158,68.5668,49.8558,68.0933,50.9509,66.6216,51.9042,65.5165,53.2491,64.0001,54.2177,63.0189,55.3542,61.9562,56.2827,61.4387,57.1193,60.7776,57.7707,60.3662,58.1241,59.9823,58.5921,60.0671
36.3337,81.4943,36.8862,79.9669,35.6978,80.0541,39.2457,79.3893,38.429,79.0672,39.2681,79.6754,39.1988,78.2418,39.7719,76.7858,43.0484,74.2339,45.2891,71.4717,47.9558,70.3663,48.6687,69.2161,49.0567,69.6088,49.393,68.8762,49.7724,68.4367,50.8696,66.9498,51.8341,65.8176,53.2137,64.2647,54.2059,63.2518,55.3746,62.1581,56.3244,61.6213,57.1856,60.9405,57.8532,60.5176,58.2178,60.1214,58.6867,60.0671
36.3337,81.7656,36.9326,80.1442,35.874,79.9782,39.6834,79.1996,38.8353,78.8964,39.6487,79.5714,39.5766,78.1079,40.176,76.5923,43.5259,74.0104,45.7458,71.2818,48.3335,70.322,48.8986,69.313,49.1321,69.8487,49.3679,69.187,49.6869,68.7815,50.7866,67.2793,51.7627,66.1198,53.1776,64.5304,54.1937,63.4855,55.3949,62.3607,56.3662,61.8042,57.252,61.1036,57.936,60.6692,58.3118,60.2608,58.7812,60.0671
36.3337,82.0369,36.98,80.309,36.0682,79.8839,40.1328,79.003,39.2425,78.7252,40.0268,79.4676,39.9528,77.9732,40.5796,76.3968,44.0035,73.7852,46.2021,71.091,48.7095,70.278,49.1264,69.4109,49.2048,70.0899,49.3407,69.4993,49.5991,69.1275,50.7021,67.6101,51.6903,66.423,53.1408,64.7973,54.1811,63.7199,55.4152,62.5638,56.408,61.9874,57.3188,61.2669,58.019,60.8208,58.4061,60.4008,58.8809,60.0671
36.3337,82.3162,37.1511,80.243,36.482,79.6375,40.6651,78.7679,39.6619,78.5512,40.4012,79.3657,40.3254,77.839,40.9812,76.2006,44.4799,73.5596,46.6568,70.9001,49.0829,70.2348,49.3514,69.5099,49.2748,70.3321,49.3112,69.8129,49.5092,69.4745,50.616,67.942,51.6169,66.7271,53.1034,65.0651,54.1683,63.955,55.4355,62.7675,56.4499,62.1707,57.3859,61.4303,58.1023,60.9724,58.5007,60.5413,58.9912,60.0671
36.3337,82.2146,37.9413,79.6406,37.2444,79.1966,41.29,78.4948,40.0901,78.3779,40.7691,79.2679,40.6927,77.7069,41.3796,76.0047,44.9539,73.3342,47.109,70.7097,49.4529,70.1927,49.5734,69.6103,49.3418,70.5754,49.2794,70.1276,49.4171,69.8225,50.5286,68.2748,51.5426,67.0319,53.0656,65.334,54.1553,64.1906,55.4561,62.9717,56.492,62.3542,57.4534,61.5938,58.186,61.124,58.5955,60.6815,59.1178,60.0671
39.8816,79.5245,40.0094,78.5162,38.2086,78.6767,41.9396,78.2192,40.5095,78.2134,41.1265,79.1761,41.0533,77.5776,41.7737,75.8099,45.4246,73.11,47.5578,70.5205,49.819,70.1521,49.7919,69.7121,49.4055,70.8197,49.2453,70.4433,49.3229,70.1711,50.4398,68.6084,51.4675,67.3372,53.0274,65.6036,54.1424,64.4267,55.477,63.1764,56.5345,62.5377,57.5214,61.7573,58.2702,61.2754,58.6906,60.8201,59.2474,61.0738
39.8816,79.4828,40.7088,77.9943,38.9026,78.2902,42.5132,77.9879,40.8995,78.066,41.47,79.0914,41.4065,77.4516,42.1629,75.6165,45.8912,72.8872,48.0025,70.3327,50.1804,70.1132,50.0065,69.8154,49.4658,71.0647,49.2087,70.76,49.2265,70.5202,50.3496,68.9425,51.3917,67.6429,52.9889,65.8739,54.1295,64.6632,55.4983,63.3814,56.5775,62.7212,57.5901,61.9207,58.3549,61.4267,58.7859,60.9565,59.3453,61.0738
39.8816,79.7559,40.8584,77.966,39.2509,78.1167,42.9616,77.825,41.2503,77.9387,41.7991,79.0135,41.7524,77.3287,42.547,75.4247,46.3532,72.6663,48.4427,70.1467,50.5366,70.0761,50.2168,69.92,49.5224,71.3104,49.1696,71.0772,49.128,70.8696,50.2582,69.277,51.3153,67.9487,52.9502,66.1448,54.1169,64.8999,55.5202,63.5867,56.6211,62.9047,57.6594,62.084,58.4402,61.5779,58.8818,61.0917,59.4352,61.0738
39.8816,80.0147,40.9094,78.137,39.3879,78.1024,43.3079,77.718,41.5696,77.8266,42.1166,78.9407,42.0918,77.2083,42.9259,75.2343,46.8104,72.4473,48.8778,69.9626,50.8872,70.0408,50.4224,70.0261,49.5752,71.5566,49.1278,71.395,49.0274,71.2189,50.1655,69.6116,51.2383,68.2546,52.9113,66.4161,54.1047,65.1368,55.5428,63.7922,56.6653,63.0879,57.7296,62.2472,58.5263,61.7288,58.9783,61.2265,59.5222,61.0738
39.8816,80.2628,40.9543,78.3493,39.4657,78.1349,43.623,77.6267,41.8783,77.7191,42.4275,78.8702,42.4258,77.0897,43.2999,75.0451,47.2625,72.2301,49.3074,69.7805,51.2318,70.0074,50.6232,70.1334,49.6238,71.803,49.0833,71.7129,48.9246,71.5679,50.0716,69.946,51.1608,68.5602,52.8725,66.6876,54.0929,65.3736,55.5661,63.9977,56.7104,63.2709,57.8008,62.4102,58.6133,61.8796,59.0758,61.3615,59.6115,61.0738
39.8816,80.5191,41.005,78.5042,39.6253,78.0914,43.9883,77.5052,42.1993,77.6052,42.7367,78.7996,42.7557,76.972,43.6694,74.8565,47.7095,72.0146,49.7314,69.6002,51.5698,69.9758,50.8186,70.2418,49.6682,72.0494,49.036,72.0308,48.8196,71.9163,49.9765,70.28,51.0829,68.8652,52.8337,66.9591,54.0818,65.6102,55.5905,64.2033,56.7565,63.4535,57.873,62.573,58.7012,62.0302,59.1742,61.4974,59.708,61.0738
39.8816,80.7801,41.1792,78.4253,40.0175,77.8733,44.4586,77.326,42.5452,77.4793,43.0467,78.7271,43.0821,76.8543,44.0346,74.668,48.1512,71.8005,50.1495,69.4218,51.901,69.9457,51.0086,70.3512,49.7081,72.2955,48.9858,72.3484,48.7124,72.2637,49.8803,70.6132,51.0046,69.1695,52.795,67.2305,54.0715,65.8466,55.6159,64.4087,56.8038,63.6356,57.9464,62.7354,58.7902,62.1806,59.2738,61.634,59.817,61.0738
39.8816,80.6594,41.9539,77.8361,40.7411,77.4615,45.0298,77.0957,42.9115,77.3435,43.3565,78.6528,43.4054,76.736,44.3958,74.479,48.5878,71.5875,50.5615,69.245,52.2251,69.9171,51.1927,70.4612,49.7433,72.5409,48.9324,72.6652,48.603,72.6098,49.7829,70.9453,50.9261,69.4727,52.7566,67.5014,54.0621,66.0823,55.6427,64.6138,56.8523,63.8171,58.0211,62.8973,58.8804,62.3307,59.3745,61.7708,59.9435,61.0738
43.3185,78.0655,43.9255,76.7664,41.6482,76.9734,45.6306,76.8524,43.2794,77.206,43.6627,78.5773,43.7254,76.6165,44.7534,74.2889,49.0194,71.3751,50.9672,69.0695,52.5416,69.8897,51.3706,70.5717,49.7735,72.7852,48.8759,72.981,48.4912,72.9541,49.6845,71.276,50.8474,69.7744,52.7184,67.7717,54.0538,66.3174,55.6709,64.8185,56.9024,63.9979,58.0973,63.0588,58.972,62.4806,59.4766,61.9067,60.0746,62.0805
43.3185,78.0029,44.6119,76.2542,42.3056,76.6059,46.1649,76.6427,43.6272,77.0758,43.9619,78.5013,44.0422,76.4952,45.1077,74.0969,49.4458,71.163,51.3665,68.8952,52.8502,69.8631,51.5421,70.6824,49.7984,73.0281,48.816,73.2954,48.3772,73.2963,49.5849,71.6047,50.7685,70.0743,52.6807,68.0408,54.0467,66.5514,55.7007,65.0226,56.9541,64.1778,58.175,63.2196,59.065,62.6301,59.5802,62.0411,60.1764,62.0805
43.3185,78.2555,44.7627,76.2125,42.6373,76.435,46.5851,76.4912,43.9438,76.9575,44.2524,78.4248,44.3559,76.3715,45.459,73.9026,49.8671,70.9508,51.7592,68.7219,53.1505,69.8373,51.7067,70.7928,49.818,73.2691,48.7525,73.6078,48.2608,73.6357,49.4843,71.931,50.6896,70.3718,52.6434,68.3086,54.041,66.7841,55.7323,65.2259,57.0076,64.3567,58.2545,63.3798,59.1596,62.7793,59.6855,62.1751,60.2723,62.0805
43.3185,78.4951,44.8119,76.3669,42.7656,76.4128,46.911,76.3882,44.234,76.848,44.536,78.3464,44.6672,76.2445,45.8076,73.7051,50.2831,70.7382,52.1448,68.5493,53.4422,69.8117,51.8642,70.9028,49.8317,73.5077,48.6854,73.9178,48.1421,73.9719,49.3827,72.2545,50.6107,70.6667,52.6067,68.5746,54.0369,67.0152,55.766,65.4282,57.0632,64.5343,58.3358,63.5391,59.2559,62.9282,59.7926,62.3094,60.3672,62.0805
43.3185,78.7231,44.8537,76.563,42.8356,76.4341,47.2072,76.2983,44.5157,76.7387,44.8164,78.2638,44.9771,76.1134,46.1537,73.5042,50.6937,70.5249,52.5231,68.3772,53.7246,69.7862,52.0142,71.0117,49.8395,73.7433,48.6144,74.2249,48.0209,74.3043,49.2802,72.5746,50.5319,70.9583,52.5707,68.8383,54.0345,67.2444,55.8018,65.6293,57.121,64.7106,58.4192,63.6974,59.3539,63.0765,59.9019,62.4446,60.466,62.0805
43.3185,78.9596,44.9023,76.701,42.9841,76.3835,47.5484,76.1803,44.8093,76.6201,45.0981,78.1749,45.2866,75.9775,46.4974,73.2994,51.0985,70.3108,52.8937,68.2055,53.9973,69.7605,52.1562,71.1194,49.841,73.9754,48.5394,74.5285,47.8974,74.6322,49.1767,72.8907,50.4533,71.2461,52.5354,69.0992,54.0341,67.4713,55.84,65.8289,57.1814,64.8853,58.5048,63.8546,59.454,63.2243,60.0134,62.5813,60.5739,62.0805
43.3185,79.1984,45.0766,76.6096,43.3538,76.1694,47.985,76.0085,45.1272,76.486,45.3838,78.0778,45.5963,75.8362,46.8387,73.0905,51.4969,70.0957,53.2558,68.0342,54.2598,69.7341,52.2899,71.2252,49.836,74.2034,48.4601,74.828,47.7714,74.9551,49.0724,73.2023,50.3752,71.5295,52.5011,69.3568,54.0358,67.6954,55.8809,66.0267,57.2444,65.0583,58.5927,64.0105,59.556,63.3714,60.1271,62.7192,60.6957,62.0805
43.3185,79.0564,45.8332,76.0339,44.0319,75.7764,48.5139,75.7867,45.4676,76.3368,45.6739,77.9721,45.9062,75.6895,47.1772,72.8776,51.8883,69.8797,53.6089,67.8632,54.5113,69.7068,52.4149,71.3288,49.8241,74.4265,48.3764,75.1226,47.6431,75.2721,48.9674,73.5085,50.2975,71.8078,52.4678,69.6105,54.0397,67.9164,55.9245,66.2224,57.3103,65.2293,58.6831,64.165,59.6601,63.5178,60.2431,62.8578,60.8367,62.0805
46.6467,76.5528,47.7104,75.0163,44.8758,75.3119,49.0734,75.5454,45.8173,76.1774,45.9663,77.8583,46.2157,75.5376,47.5122,72.6608,52.2718,69.663,53.9523,67.6924,54.7514,69.6782,52.5306,71.4296,49.8051,74.6442,48.2882,75.4115,47.5124,75.5826,48.8618,73.8088,50.2205,72.0803,52.4357,69.8596,54.0462,68.1335,55.9712,66.4158,57.3794,65.398,58.7762,64.3179,59.7665,63.6632,60.3613,62.9958,60.9841,63.0872
46.6467,76.4671,48.3815,74.5158,45.4907,74.9504,49.5834,75.3206,46.1608,76.0145,46.2582,77.7377,46.5238,75.3812,47.8431,72.4406,52.6465,69.4458,54.285,67.5219,54.9792,69.6479,52.6368,71.5271,49.7788,74.8555,48.1952,75.6941,47.3794,75.8856,48.7558,74.1023,50.1444,72.3463,52.4049,70.1033,54.0552,68.3464,56.0211,66.6064,57.4519,65.5643,58.8721,64.4689,59.8752,63.8075,60.4817,63.1325,61.1054,63.0872
46.6467,76.6951,48.5311,74.4641,45.8083,74.7516,50.0101,75.1286,46.4904,75.8519,46.5474,77.6116,46.8291,75.2212,48.1686,72.2176,53.0112,69.2284,54.6062,67.3518,55.1943,69.6157,52.733,71.6207,49.745,75.0597,48.0974,75.9694,47.2442,76.1803,48.6495,74.3882,50.0694,72.6049,52.3757,70.3409,54.0672,68.5544,56.0745,66.7937,57.5281,65.7279,58.971,64.618,59.9862,63.9507,60.6045,63.2687,61.2235,63.0872
46.6467,76.9111,48.5728,74.5947,45.9613,74.6538,50.3814,74.9582,46.8094,75.6899,46.8324,77.4816,47.1302,75.0586,48.4877,71.9925,53.3647,69.0113,54.9151,67.1821,55.3958,69.5809,52.8189,71.7097,49.7035,75.2559,47.9946,76.2365,47.107,76.4658,48.5433,74.6657,49.996,72.8553,52.3482,70.5715,54.0821,68.7567,56.1314,66.9775,57.6081,65.8885,59.0731,64.765,60.0997,64.0925,60.7296,63.4047,61.3435,63.0872
46.6467,77.1259,48.6157,74.7129,46.1281,74.5396,50.7589,74.7824,47.1271,75.5268,47.1125,77.349,47.4256,74.8949,48.7991,71.7662,53.7058,68.7949,55.2106,67.0129,55.5832,69.5432,52.8941,71.7936,49.6541,75.4432,47.8868,76.4943,46.9678,76.7409,48.4373,74.9338,49.9244,73.0966,52.3229,70.7942,54.1003,68.9528,56.1921,67.1572,57.6922,66.0457,59.1786,64.9095,60.2157,64.2328,60.8572,63.5406,61.4704,63.0872
46.6467,77.34,48.788,74.6171,46.4802,74.3035,51.1947,74.5801,47.45,75.362,47.3862,77.2153,47.7136,74.7311,49.1016,71.5395,54.0334,68.5795,55.4918,66.8441,55.756,69.5021,52.9584,71.8715,49.5968,75.6207,47.774,76.7419,46.8271,77.0046,48.3321,75.1916,49.855,73.3278,52.2999,71.0081,54.1219,69.1416,56.2568,67.3322,57.7806,66.1994,59.2875,65.0514,60.3342,64.3714,60.987,63.6762,61.6091,63.0872
46.6467,77.1772,49.5225,74.0627,47.113,73.9161,51.6947,74.3525,47.7753,75.1986,47.6515,77.0822,47.9927,74.5686,49.3941,71.3132,54.3461,68.3655,55.7579,66.6756,55.9137,69.4568,53.0116,71.9426,49.5317,75.7874,47.6563,76.978,46.6849,77.2558,48.228,75.438,49.7885,73.548,52.2796,71.2121,54.1471,69.3226,56.3254,67.502,57.8735,66.3492,59.4001,65.1906,60.4554,64.5081,61.1193,63.8108,61.7645,63.0872
49.8565,74.7635,51.3055,73.0995,47.897,73.469,52.2078,74.1251,48.0908,75.0423,47.9055,76.9513,48.2619,74.4083,49.6756,71.0881,54.6429,68.1534,56.0083,66.5073,56.0558,69.4068,53.0536,72.0063,49.4589,75.9422,47.5338,77.2015,46.5419,77.4932,48.1255,75.672,49.7254,73.7561,52.2626,71.4052,54.1761,69.4946,56.3983,67.666,57.971,66.4946,59.5164,65.3267,60.5793,64.6429,61.2538,63.9432,61.924,64.094
49.8565,74.65,51.9575,72.6135,48.47,73.1218,52.6606,73.931,48.3826,74.8988,48.1461,76.8236,48.5203,74.251,49.9452,70.865,54.9228,67.9431,56.2422,66.3388,56.1823,69.3512,53.0845,72.0615,49.3785,76.0842,47.4067,77.411,46.3983,77.7155,48.0252,75.8923,49.6663,73.9511,52.2491,71.5863,54.2091,69.6568,56.4753,67.8234,58.0734,66.6354,59.6367,65.4596,60.7058,64.7755,61.3908,64.0729,62.0559,64.094
49.8565,74.8447,52.1069,72.5513,48.7584,72.9396,53.015,73.7877,48.644,74.7703,48.3732,76.6992,48.7675,74.0973,50.2025,70.6446,55.1852,67.7349,56.4593,66.1698,56.293,69.2891,53.1044,72.1074,49.291,76.2121,47.2755,77.6053,46.2548,77.9213,47.9278,76.0979,49.612,74.1319,52.24,71.7543,54.2463,69.8082,56.5566,67.9737,58.1806,66.7711,59.7609,65.589,60.835,64.9057,61.5302,64.2008,62.1825,64.094
49.8565,75.024,52.152,72.6742,48.8625,72.885,53.2859,73.6875,48.8798,74.6537,48.5884,76.5774,49.0037,73.9476,50.4469,70.4273,55.4294,67.5287,56.6594,65.9997,56.388,69.2195,53.1136,72.143,49.1968,76.3249,47.1405,77.783,46.112,78.1092,47.8341,76.2875,49.5635,74.2974,52.2356,71.9082,54.2879,69.9477,56.6421,68.116,58.2927,66.9013,59.8891,65.7147,60.9668,65.0334,61.6723,64.3274,62.3085,64.094
49.8565,75.1841,52.1889,72.8373,48.9095,72.8709,53.5241,73.6028,49.1042,74.5425,48.795,76.4572,49.2289,73.8023,50.6782,70.2135,55.6552,67.3241,56.8427,65.8276,56.4677,69.1412,53.1124,72.1673,49.0964,76.4215,47.0026,77.9426,45.9708,78.2776,47.7448,76.4598,49.5216,74.4465,52.2368,72.0467,54.3343,70.0743,56.7318,68.2495,58.4098,67.0255,60.0213,65.8365,61.1013,65.1584,61.8171,64.4532,62.4384,64.094
49.8565,75.3426,52.2352,72.9479,49.0168,72.8021,53.7888,73.5015,49.3328,74.4295,48.9959,76.3377,49.4433,73.6618,50.8964,70.0035,55.8626,67.1207,57.0094,65.6526,56.5327,69.0532,53.1014,72.1792,48.9908,76.5008,46.8625,78.0827,45.8321,78.4249,47.6611,76.6134,49.4874,74.5781,52.2444,72.1688,54.3855,70.187,56.8256,68.3732,58.5316,67.1432,60.1576,65.954,61.2383,65.2805,61.9646,64.5787,62.5769,64.094
49.8565,75.488,52.3901,72.8692,49.2964,72.606,54.1201,73.3629,49.5751,74.3112,49.1926,76.2189,49.6465,73.5263,51.1015,69.7972,56.0521,66.9176,57.1604,65.4735,56.5838,68.9539,53.0814,72.1776,48.8807,76.5616,46.7212,78.2017,45.6971,78.5496,47.5839,76.7469,49.4622,74.6912,52.2593,72.2734,54.442,70.2845,56.9232,68.4864,58.6582,67.2538,60.2977,66.0671,61.3778,65.3995,62.1147,64.7036,62.7284,64.094
49.8565,75.3066,53.0007,72.4173,49.8085,72.2698,54.5173,73.1891,49.8294,74.189,49.3837,76.1018,49.8381,73.3962,51.2939,69.5942,56.2247,66.7138,57.2968,65.2891,56.6219,68.8422,53.053,72.1615,48.7673,76.6028,46.5801,78.2982,45.567,78.6497,47.5144,76.859,49.447,74.7847,52.2823,72.3596,54.504,70.3659,57.0247,68.588,58.7892,67.3568,60.4415,66.1754,61.5196,65.5151,62.2674,64.8273,62.8975,64.094
52.4575,73.3131,54.4339,71.6399,50.446,71.8696,54.9359,73.0034,50.0834,74.0695,49.5661,75.9882,50.0174,73.2714,51.4745,69.3939,56.3817,66.5078,57.4203,65.0978,56.6484,68.7164,53.0173,72.1297,48.6519,76.6234,46.4405,78.3706,45.4434,78.7236,47.4539,76.9481,49.4433,74.8574,52.3145,72.4263,54.5717,70.4301,57.1296,68.677,58.9243,67.4514,60.5888,66.2785,61.6634,65.6271,62.4226,64.9489,63.0715,65.1007
52.4575,73.1394,54.9813,71.2187,50.9316,71.5299,55.3134,72.8375,50.3207,73.9612,49.7356,75.8799,50.1842,73.1513,51.6448,69.1949,56.5252,66.2979,57.5327,64.8979,56.6649,68.5753,52.9754,72.0811,48.536,76.6222,46.3044,78.4173,45.3281,78.7696,47.4039,77.0126,49.4525,74.9085,52.3569,72.4727,54.6457,70.476,57.2376,68.7524,59.0632,67.5371,60.7391,66.3762,61.8091,65.7351,62.5802,65.0679,63.2194,65.1007
52.4575,73.203,55.1228,71.1181,51.2045,71.3071,55.6105,72.7149,50.5279,73.871,49.8894,75.7778,50.339,73.0346,51.807,68.9953,56.6578,66.0821,57.6365,64.6879,56.673,68.4174,52.9285,72.0148,48.4212,76.5982,46.1737,78.4369,45.2229,78.7857,47.3656,77.0511,49.4758,74.9368,52.4109,72.4979,54.7261,70.5026,57.3486,68.8131,59.2053,67.613,60.8921,66.468,61.9562,65.8387,62.74,65.1852,63.363,65.1007
52.4575,73.234,55.1789,71.1502,51.3345,71.1864,55.822,72.6428,50.6998,73.8017,50.0271,75.6809,50.4839,72.9187,51.9641,68.7926,56.7827,65.8578,57.7345,64.466,56.6748,68.2414,52.878,71.9295,48.3094,76.5504,46.0508,78.4279,45.1302,78.7703,47.3409,77.0618,49.5149,74.9415,52.4774,72.5013,54.8134,70.509,57.462,68.8581,59.35,67.6784,61.0471,66.5534,62.1043,65.9376,62.9018,65.3012,63.5066,65.1007
52.4575,73.2242,55.2335,71.2047,51.3991,71.1265,55.9648,72.6141,50.8397,73.7508,50.1516,75.586,50.6227,72.7997,52.12,68.5835,56.9037,65.6227,57.8298,64.2308,56.6725,68.0463,52.8253,71.8245,48.2026,76.4778,45.9384,78.389,45.0523,78.7217,47.3313,77.0434,49.5712,74.9217,52.5577,72.4824,54.9081,70.4944,57.5775,68.8862,59.4967,67.7324,61.2036,66.6318,62.253,66.0312,63.0655,65.4164,63.6546,65.1007
52.4575,73.1764,55.2927,71.2474,51.4403,71.0914,56.0621,72.6132,50.958,73.7105,50.2695,75.4874,50.7605,72.6727,52.2795,68.3643,57.0249,65.374,57.9256,63.9808,56.6682,67.8311,52.772,71.6988,48.1032,76.3794,45.8394,78.3188,44.9921,78.6381,47.3386,76.994,49.6461,74.8764,52.653,72.4405,55.0105,70.458,57.6945,68.8964,59.6445,67.7742,61.3605,66.7028,62.4015,66.119,63.2304,65.5311,63.8113,65.1007
52.4575,73.0895,55.3374,71.2857,51.4689,71.0588,56.1354,72.6213,51.0694,73.6693,50.3906,75.3771,50.9042,72.5317,52.4478,68.1309,57.1507,65.1091,58.0254,63.7149,56.6645,67.5954,52.7198,71.5516,48.0136,76.2544,45.7571,78.2162,44.9525,78.5182,47.3646,76.9122,49.741,74.8049,52.7644,72.3755,55.1212,70.3991,57.8127,68.8877,59.7925,67.8028,61.5172,66.7657,62.5492,66.2003,63.3961,65.6451,63.9809,65.1007
52.4575,73.0115,55.3118,71.3423,51.487,71.012,56.2039,72.6184,51.1909,73.6132,50.5263,75.246,51.0616,72.3699,52.6304,67.8787,57.2855,64.8255,58.1324,63.4328,56.6635,67.3391,52.6705,71.3823,47.9365,76.1019,45.695,78.0802,44.937,78.3605,47.4115,76.7964,49.8573,74.7063,52.8931,72.2871,55.2405,70.3172,57.9315,68.8589,59.9398,67.8173,61.6724,66.8197,62.6953,66.2742,63.5617,65.7575,64.1677,65.1007
52.0175,73.1812,55.1596,71.4056,51.5147,70.9305,56.2865,72.5847,51.3404,73.527,50.6892,75.0842,51.2406,72.1807,52.8328,67.6036,57.4337,64.5212,58.25,63.1343,56.6679,67.0625,52.626,71.1904,47.8747,75.9211,45.6571,77.9098,44.9489,78.164,47.4811,76.6451,49.9962,74.5801,53.0401,72.1751,55.3691,70.2118,58.0503,68.8092,60.0853,67.8168,61.8251,66.864,62.8388,66.3399,63.7264,65.867,64.3591,66.1074
52.0175,72.9962,55.1534,71.3676,51.5948,70.7899,56.4022,72.5005,51.5354,73.3956,50.8916,74.8821,51.449,71.9576,53.06,67.3016,57.5991,64.1945,58.3809,62.8202,56.6799,66.7667,52.5886,70.9757,47.8315,75.7111,45.6474,77.7043,44.9921,77.9277,47.5756,76.457,50.1588,74.4254,53.2063,72.0398,55.5073,70.0829,58.1688,68.7376,60.228,67.8002,61.974,66.8978,62.9787,66.3963,63.8891,65.9728,64.525,66.1074
52.0175,72.713,55.2183,71.2304,51.7398,70.573,56.5684,72.3466,51.792,73.2056,51.1442,74.6316,51.6933,71.6952,53.3163,66.9693,57.7847,63.8445,58.5275,62.492,56.7018,66.4531,52.5605,70.7381,47.8102,75.4714,45.6701,77.4632,45.0706,77.6509,47.6972,76.2308,50.3459,74.2416,53.3925,71.8811,55.6557,69.9302,58.2863,68.6433,60.3666,67.7668,62.1177,66.9202,63.1139,66.4423,64.0486,66.0752,64.6866,66.1074
52.0175,72.3749,55.3017,71.0195,51.949,70.2657,56.8024,72.1052,52.1237,72.9461,51.4547,74.3268,51.9783,71.3894,53.6047,66.6044,57.9929,63.4713,58.6913,62.1521,56.7357,66.124,52.5441,70.4779,47.8143,75.2011,45.7298,77.1861,45.1885,77.3335,47.8481,75.9655,50.5584,74.028,53.5992,71.6993,55.8149,69.754,58.4024,68.5257,60.4999,67.7156,62.2549,66.9302,63.2431,66.4766,64.2035,66.1738,64.8479,66.1074
52.0175,71.9849,55.3859,70.7398,52.236,69.8458,57.1224,71.7608,52.5396,72.6103,51.8273,73.9646,52.3067,71.0377,53.9271,66.2056,58.2247,63.076,58.8731,61.8038,56.7836,65.7825,52.5424,70.1954,47.8476,74.8998,45.8308,76.8729,45.3499,76.9754,48.0306,75.66,50.7969,73.784,53.8268,71.4947,55.9852,69.5544,58.5168,68.384,60.6269,67.6457,62.3841,66.927,63.3652,66.4978,64.352,66.2681,65.0129,66.1074
52.0175,71.554,55.4805,70.3515,52.6458,69.2814,57.5449,71.3042,53.0418,72.1966,52.2618,73.5449,52.6786,70.6396,54.2837,65.7729,58.4799,62.6608,59.0728,61.4516,56.8472,65.4322,52.5585,69.8917,47.9142,74.567,45.9778,76.5234,45.5591,76.5769,48.2468,75.3138,51.0618,73.509,54.0754,71.2677,56.1672,69.3322,58.6292,68.218,60.7462,67.5564,62.5039,66.9095,63.4789,66.5045,64.4921,66.357,65.1852,66.1074
52.0175,71.072,55.6859,69.7425,53.2472,68.5462,58.0735,70.7369,53.6242,71.7088,52.7533,73.0706,53.092,70.1966,54.6734,65.308,58.7571,62.2291,59.2893,61.1005,56.9282,65.0776,52.5957,69.5677,48.0182,74.2025,46.1752,76.138,45.8201,76.1388,48.4991,74.9264,51.3531,73.2024,54.3448,71.0186,56.3613,69.0879,58.7395,68.0276,60.857,67.4471,62.6131,66.8768,63.5831,66.4952,64.6217,66.4386,65.3686,66.1074
52.0175,70.245,56.315,68.7636,54.0744,67.6524,58.687,70.0746,54.2721,71.1557,53.2931,72.5473,53.5427,69.7118,55.0937,64.8142,59.0532,61.7859,59.5202,60.7568,57.028,64.7237,52.6581,69.2252,48.1643,73.8062,46.4276,75.717,46.137,75.6621,48.7895,74.4976,51.671,72.8635,54.6345,70.7477,56.5678,68.8227,58.8477,67.8128,60.9582,67.3173,62.7102,66.8282,63.6768,66.4685,64.7383,66.5104,65.5663,66.1074
54.444,67.7613,57.6607,67.479,55.0247,66.6763,59.3383,69.3436,54.9651,70.5492,53.8692,71.9822,54.025,69.19,55.5407,64.2964,59.3641,61.3374,59.7626,60.4274,57.1481,64.3763,52.7498,68.8661,48.3572,73.3782,46.739,75.261,46.5133,75.1481,49.1199,74.0276,52.0153,72.4919,54.9438,70.4552,56.7872,68.5377,58.9543,67.5741,61.0492,67.1667,62.7943,66.7627,63.759,66.4229,64.8392,66.5688,65.7646,67.1141
54.444,66.9231,58.2299,66.4764,55.864,65.7244,59.9759,68.5706,55.6815,69.9019,54.4678,71.3836,54.5316,68.6375,56.0096,63.7614,59.6842,60.891,60.0123,60.1196,57.2898,64.0416,52.8758,68.4926,48.6016,72.919,47.1135,74.7709,46.9525,74.5983,49.4922,73.5167,52.3857,72.087,55.2714,70.1412,57.0196,68.2346,59.0599,67.3125,61.1297,66.9952,62.8644,66.6797,63.829,66.3576,64.9219,66.6105,65.933,67.1141
54.444,66.3284,58.4177,65.7496,56.5403,64.8394,60.5748,67.7718,56.403,69.226,55.0744,70.7597,55.0547,68.0616,56.4945,63.2176,60.0069,60.4554,60.2645,59.8413,57.4543,63.7263,53.0413,68.1075,48.9026,72.4294,47.5547,74.2477,47.4575,74.0148,49.9076,72.9655,52.7818,71.6486,55.6162,69.8056,57.265,67.9149,59.1654,67.0295,61.1998,66.8031,62.92,66.5789,63.8866,66.2716,64.9837,66.6327,66.0904,67.1141
54.444,65.7314,58.5112,65.1369,57.1336,63.9925,61.1442,66.9509,57.115,68.532,55.6742,70.1187,55.586,67.4703,56.989,62.6754,60.3249,60.0405,60.5139,59.6005,57.6431,63.4376,53.2524,67.7141,49.2653,71.9105,48.0661,73.6929,48.0306,73.3996,50.3673,72.3745,53.203,71.1765,55.9764,69.4484,57.5232,67.5805,59.2723,66.727,61.2602,66.5909,62.9609,66.4598,63.9317,66.1646,65.0223,66.6322,66.238,67.1141
54.444,65.1475,58.6082,64.4967,57.7664,63.121,61.7096,66.1067,57.804,67.8302,56.2528,69.4676,56.1171,66.8726,57.486,62.1465,60.6303,59.6567,60.755,59.4047,57.8574,63.1826,53.5158,67.3161,49.6946,71.3639,48.6502,73.108,48.6737,72.7552,50.8717,71.7446,53.6486,70.6708,56.3505,69.069,57.7939,67.2333,59.3823,66.4077,61.3123,66.3599,62.9874,66.3225,63.9645,66.037,65.0357,66.605,66.3766,67.1141
54.444,64.5786,58.8338,63.6759,58.5553,62.1757,62.2867,65.2458,58.4532,67.1312,56.7962,68.8127,56.64,66.2776,57.9781,61.6441,60.9156,59.3153,60.9822,59.2612,58.0982,62.9685,53.8387,66.9176,50.1954,70.7915,49.3094,72.4951,49.3884,72.0846,51.4212,71.0762,54.1175,70.1322,56.737,68.6672,58.0762,66.8753,59.4974,66.075,61.3585,66.1116,63.0004,66.1671,63.9856,65.8896,65.0222,66.5471,66.5059,67.1141
54.444,63.6943,59.533,62.5171,59.5479,61.1671,62.8584,64.3912,59.041,66.4468,57.2922,68.1591,57.1472,65.6948,58.458,61.1823,61.1732,59.0275,61.1906,59.1763,58.3663,62.8018,54.229,66.5237,50.7722,70.1955,50.045,71.8565,50.1753,71.3911,52.0155,70.3697,54.6084,69.5613,57.1344,68.2425,58.3692,66.5084,59.62,65.7328,61.4024,65.8487,63.0014,65.9943,63.9959,65.7243,64.9811,66.4537,66.6247,67.1141
57.1887,61.0444,61.0099,61.1114,60.6249,60.1909,63.3715,63.5813,59.5426,65.7879,57.7308,67.5108,57.6321,65.1339,58.9184,60.7756,61.3971,58.8046,61.376,59.1552,58.6619,62.6884,54.6953,66.1401,51.4294,69.5784,50.8573,71.195,51.0348,70.6791,52.6545,69.6253,55.1193,68.9596,57.542,67.7951,58.6717,66.1341,59.7525,65.3859,61.4486,65.5745,62.9928,65.8052,63.9967,65.5437,64.9126,66.3203,66.7141,68.1208
57.1887,60.3199,61.616,60.1142,61.517,59.3872,63.7616,62.8587,59.9369,65.1624,58.1057,66.8709,58.09,64.6048,59.3523,60.4383,61.582,58.6572,61.5355,59.202,58.9841,62.6322,55.246,65.7737,52.1707,68.943,51.7454,70.5134,51.9665,69.9539,53.3387,68.8432,55.6475,68.3285,57.9593,67.3253,58.9823,65.7537,59.8973,65.039,61.5034,65.2936,62.9782,65.6015,63.9892,65.3511,64.8184,66.1436,66.7383,68.1208
57.1887,59.9678,61.7646,59.5462,62.138,58.8388,63.9916,62.2564,60.2131,64.5733,58.4151,66.2415,58.5185,64.1178,59.7543,60.1833,61.7244,58.5949,61.6677,59.3198,59.3311,62.6344,55.8892,65.4327,53,68.2925,52.7068,69.8144,52.9693,69.2218,54.0693,68.0238,56.1892,67.6698,58.3869,66.8347,59.2997,65.3683,60.0562,64.6972,61.5742,65.012,62.9621,65.3856,63.9747,65.151,64.7014,65.9224,66.7092,68.1208
57.1887,59.7044,61.7601,59.2634,62.5313,58.5561,64.0666,61.7923,60.3766,64.0184,58.6607,65.6243,58.9183,63.6845,60.1206,60.0219,61.8224,58.6254,61.7733,59.5112,59.6997,62.6926,56.6309,65.1266,53.921,67.6308,53.737,69.1004,54.0409,68.4906,54.8496,67.1683,56.7396,66.985,58.8261,66.326,59.6232,64.9784,60.2307,64.3649,61.6697,64.737,62.9505,65.161,63.9546,64.9479,64.5662,65.657,66.621,68.1208
57.1887,59.5386,61.6687,59.1658,62.7724,58.5056,64.0265,61.4749,60.4506,63.4931,58.8468,65.0187,59.2928,63.3181,60.452,59.9629,61.875,58.7538,61.8545,59.779,60.0865,62.7993,57.4735,64.8655,54.9376,66.9625,54.8297,68.3732,55.1774,67.769,55.6852,66.2802,57.2924,66.2752,59.2789,65.8041,59.9528,64.5846,60.4214,64.0454,61.7993,64.4778,62.9507,64.9324,63.93,64.7472,64.419,65.3499,66.4666,68.1208
57.1887,59.5187,61.4809,59.1763,62.929,58.6372,63.9239,61.316,60.4774,62.9978,58.9795,64.421,59.6473,63.0346,60.7557,60.0137,61.8827,58.9808,61.9144,60.1272,60.4894,62.9417,58.4129,64.6594,56.0542,66.2942,55.9766,67.6332,56.3725,67.0663,56.5856,65.3665,57.8408,65.54,59.7478,65.2759,60.2902,64.1874,60.6279,63.7404,61.9726,64.2452,62.9718,64.7064,63.9015,64.5537,64.2676,65.0061,66.2383,68.1208
57.1887,59.6781,61.2635,59.1745,63.042,58.9025,63.7954,61.3397,60.5194,62.5482,59.0688,63.8205,59.9849,62.8516,61.049,60.1827,61.8474,59.3016,61.9552,60.5609,60.9097,63.1022,59.436,64.516,57.2753,65.635,57.1677,66.8797,57.6168,66.3912,57.5639,64.4397,58.3779,64.7779,60.2347,64.7508,60.6391,63.788,60.8489,63.4484,62.1986,64.0514,63.0241,64.4917,63.8701,64.372,64.1206,64.6342,65.9279,68.1208
57.1887,59.7968,61.3055,59.0302,63.0785,59.2682,63.63,61.5759,60.6611,62.1899,59.1371,63.1979,60.2988,62.784,61.3629,60.484,61.7759,59.7047,61.9748,61.0859,61.3565,63.2609,60.5169,64.4368,58.6045,64.998,58.3926,66.1105,58.8968,65.7498,58.6368,63.5207,58.8988,63.9852,60.7402,64.2408,61.0066,63.3894,61.0825,63.1646,62.4839,63.91,63.1197,64.2995,63.8363,64.2053,63.9875,64.2462,65.527,68.1208
59.8155,58.697,61.9079,58.8668,62.889,59.7177,63.3486,62.0239,60.9999,62.0103,59.2395,62.5297,60.5628,62.8343,61.7419,60.9448,61.6852,60.1725,61.9628,61.7052,61.8499,63.4013,61.6155,64.4126,60.0422,64.4009,59.642,65.3225,60.1941,65.1431,59.8234,62.6409,59.4028,63.1565,61.2621,63.76,61.4033,62.9967,61.3267,62.88,62.8312,63.8347,63.2716,64.1441,63.8016,64.0553,63.8776,63.8585,65.0116,69.1275
59.8155,59.8585,61.7595,59.3249,62.3446,60.239,62.8159,62.585,61.6113,62.1383,59.4935,61.8066,60.7219,62.9739,62.2377,61.6134,61.6145,60.6866,61.8952,62.4108,62.4244,63.52,62.6785,64.4171,61.5805,63.8665,60.9101,64.5132,61.4857,64.5641,61.1416,61.8443,59.8974,62.2855,61.7934,63.323,61.8445,62.619,61.5811,62.5807,63.2371,63.8388,63.493,64.0436,63.7685,63.9215,63.7986,63.4936,64.3438,69.1275
60.4866,60.9169,62.3811,60.1488,62.8343,61.0839,63.3094,63.4431,62.4862,62.8521,60.2492,62.2367,61.4461,63.6915,63.0741,62.5074,62.262,61.5291,62.5439,63.3172,63.287,64.2308,63.704,65.0897,62.7645,64.3596,62.0039,64.9146,62.5873,65.0423,62.2521,62.2498,60.7334,62.6662,62.6416,63.8485,62.6627,63.1643,62.3371,63.1521,64.0436,64.5114,64.238,64.6813,64.4285,64.548,64.4433,64.0431,64.7923,69.7987
