SPACE_POINTS_X
50,52.248,54.4054,56.4764,58.4649,60.3746,62.2092,63.9722,65.6669,67.2964,68.864,70.3726,71.825,73.2239,74.5721,75.8721,77.1264,78.3373,79.5071,80.6381,81.7323,82.792,83.819,84.8153,85.7829,86.7234,87.6389,88.5309,89.4011,90.2513,91.0829,91.8977,92.6971,93.4827,94.2559,95.0182,95.771,96.5159,97.2541,97.9872,98.7164,99.4432,100.169,100.895,101.623,102.354,103.089,103.83,104.578,105.335,106.103,106.881,107.673,108.48,109.302,110.142,111.001,111.882,112.784,113.711,114.664,115.645,116.655,117.697,118.773,119.884,121.033,122.221,123.452,124.727,126.049,127.421,128.844,130.323,131.858,133.454,135.114,136.84,138.636,140.505,142.451,144.477,146.588,148.787,151.079,153.467,155.957,158.553,161.259,164.082,167.027,170.098,173.303,176.646,180.135,183.776,187.575,191.541,195.68,200
SPACE_POINTS_Y
0,0.00225896,0.0045379,0.00685694,0.0092366,0.0116979,0.0142626,0.0169534,0.0197941,0.0228097,0.026027,0.0294743,0.0331822,0.0371834,0.0415133,0.0462101,0.0513154,0.0568744,0.0629361,0.0695541,0.076787,0.0846987,0.093359,0.102845,0.113239,0.124635,0.137133,0.150842,0.165885,0.182395,0.200517,0.220411,0.242254,0.266238,0.292575,0.321499,0.353265,0.388154,0.426473,0.468563,0.514794,0.565577,0.621359,0.682633,0.749942,0.823879,0.9051,0.994322,1.09233,1.2
VALUES
0,0,0,0,0,0,0,0,0,0,0,0,0,0,0,0,0,0,0,0,0,0,0,0,0,0,0,0,0,0,0,0,0,0,0,0,0,0,0,0,0,0,0,0,0,0,0,0,0,0
0,0,0,0,0,0,0,0,0,4.2039e-45,9.19252e-43,6.09537e-41,3.6123e-39,1.94116e-37,9.51727e-36,4.28044e-34,1.77383e-32,6.79653e-31,2.41389e-29,7.96085e-28,2.44039e-26,6.95643e-25,1.84358e-23,4.53927e-22,1.03716e-20,2.19551e-19,4.29685e-18,7.75527e-17,1.287e-15,1.95699e-14,2.71584e-13,3.42421e-12,3.90265e-11,3.99809e-10,3.65902e-09,2.97194e-08,2.1278e-07,1.334e-06,7.28022e-06,3.44307e-05,0.0001408,0.000498463,0.00153982,0.00428597,0.0121577,0.0454609,0.228826,1.13944,5.37313,52.248
0,0,0,0,0,0,0,0,0,2.81661e-43,1.83276e-41,1.08558e-39,5.8899e-38,2.92325e-36,1.33156e-34,5.58742e-33,2.167e-31,7.78865e-30,2.59935e-28,8.06524e-27,2.32806e-25,6.25197e-24,1.56127e-22,3.62203e-21,7.79503e-20,1.5533e-18,2.85929e-17,4.84866e-16,7.55001e-15,1.07555e-13,1.39591e-12,1.64281e-11,1.74412e-10,1.66101e-09,1.41047e-08,1.06138e-07,7.0347e-07,4.08413e-06,2.06795e-05,9.10872e-05,0.000348967,0.00116597,0.00342097,0.00900836,0.0233905,0.078218,0.381405,1.93076,8.33243,54.4054
0,0,0,0,0,0,1.4013e-45,1.54143e-44,1.96182e-43,7.14522e-42,3.75505e-40,1.9691e-38,9.6751e-37,4.403e-35,1.8535e-33,7.22692e-32,2.61472e-30,8.79259e-29,2.75138e-27,8.01722e-26,2.17572e-24,5.49715e-23,1.292e-21,2.82104e-20,5.71239e-19,1.07037e-17,1.85103e-16,2.94518e-15,4.29614e-14,5.72214e-13,6.9275e-12,7.58469e-11,7.46874e-10,6.57561e-09,5.14442e-08,3.55465e-07,2.15711e-06,1.1444e-05,5.29283e-05,0.000213316,0.000750963,0.00232126,0.00635109,0.0156386,0.0370959,0.108576,0.493805,2.5276,10.7453,56.4764
0,9.94922e-44,1.17709e-43,1.45735e-43,2.07392e-43,3.37713e-43,6.68419e-43,1.8301e-42,1.02225e-41,2.03275e-40,8.13948e-39,3.66411e-37,1.60602e-35,6.63749e-34,2.56435e-32,9.24067e-31,3.10515e-29,9.73296e-28,2.84643e-26,7.76669e-25,1.97639e-23,4.68656e-22,1.03427e-20,2.12073e-19,4.03172e-18,7.08837e-17,1.1491e-15,1.7117e-14,2.33375e-13,2.89948e-12,3.26658e-11,3.31917e-10,3.02414e-09,2.45557e-08,1.76602e-07,1.11834e-06,6.20434e-06,3.00485e-05,0.000126878,0.000467764,0.00151244,0.00431965,0.011001,0.025343,0.0554663,0.142509,0.587015,2.99293,12.7411,58.4649
0,9.065e-42,1.00809e-41,1.24561e-41,1.72822e-41,2.76784e-41,5.36837e-41,1.37285e-40,5.88201e-40,6.83548e-39,1.91109e-37,7.08369e-36,2.71509e-34,1.00704e-32,3.54159e-31,1.17223e-29,3.64053e-28,1.05929e-26,2.88511e-25,7.34866e-24,1.74856e-22,3.88132e-21,8.0233e-20,1.5413e-18,2.7447e-17,4.51754e-16,6.84944e-15,9.52996e-14,1.21156e-12,1.40067e-11,1.46478e-10,1.37776e-09,1.15851e-08,8.65464e-08,5.70931e-07,3.30778e-06,1.67603e-05,7.41044e-05,0.00028601,0.000966799,0.00288012,0.00762666,0.0181379,0.0392575,0.0801931,0.183729,0.67425,3.37062,14.4168,60.3746
0,6.9053e-40,7.66582e-40,9.42763e-40,1.29637e-39,2.04915e-39,3.87893e-39,9.43192e-39,3.45069e-38,2.66892e-37,4.96383e-36,1.44213e-34,4.71302e-33,1.54626e-31,4.90292e-30,1.48018e-28,4.22527e-27,1.13617e-25,2.87089e-24,6.80322e-23,1.50908e-21,3.12697e-20,6.03892e-19,1.08416e-17,1.80404e-16,2.77309e-15,3.92293e-14,5.08572e-13,6.01383e-12,6.45299e-11,6.24794e-10,5.42592e-09,4.20011e-08,2.88007e-07,1.73936e-06,9.20765e-06,4.2593e-05,0.000172046,0.000608135,0.00189067,0.00521001,0.0128482,0.028662,0.0585684,0.112749,0.234706,0.763857,3.69125,15.845,62.2092
0,4.77213e-38,5.28805e-38,6.47322e-38,8.82915e-38,1.37684e-37,2.54731e-37,5.93137e-37,1.94775e-36,1.13604e-35,1.43187e-34,3.12697e-33,8.46627e-32,2.41558e-30,6.83005e-29,1.86597e-27,4.86631e-26,1.20335e-24,2.80931e-23,6.17146e-22,1.27207e-20,2.45332e-19,4.4142e-18,7.38654e-17,1.14558e-15,1.6404e-14,2.15968e-13,2.6021e-12,2.85455e-11,2.83545e-10,2.53508e-09,2.0274e-08,1.44122e-07,9.05198e-07,4.99684e-06,2.41499e-05,0.000102012,0.000376982,0.00122356,0.00351134,0.00898906,0.02074,0.0436013,0.084512,0.154479,0.297181,0.861133,3.97513,17.1216,62.2092
0,2.99847e-36,3.31634e-36,4.04044e-36,5.46607e-36,8.4102e-36,1.52203e-35,3.40865e-35,1.03077e-34,4.9397e-34,4.49142e-33,7.25027e-32,1.58315e-30,3.85669e-29,9.60612e-28,2.3544e-26,5.57276e-25,1.26059e-23,2.70701e-22,5.49171e-21,1.04828e-19,1.87584e-18,3.13537e-17,4.87667e-16,7.03017e-15,9.35282e-14,1.14293e-12,1.2764e-11,1.29553e-10,1.18804e-09,9.78229e-09,7.18623e-08,4.68066e-07,2.68781e-06,1.35463e-05,5.97606e-05,0.000230728,0.000781718,0.00233717,0.00621584,0.0148491,0.0322026,0.0640853,0.118343,0.206617,0.372426,0.969455,4.23579,18.2548,65.6669
0,1.71521e-34,1.89332e-34,2.2956e-34,3.08007e-34,4.67624e-34,8.28342e-34,1.78959e-33,5.0563e-33,2.09797e-32,1.47548e-31,1.78384e-30,3.08691e-29,6.31054e-28,1.36727e-26,2.9789e-25,6.35481e-24,1.30763e-22,2.57091e-21,4.79714e-20,8.44969e-19,1.39835e-17,2.1646e-16,3.12028e-15,4.16932e-14,5.13906e-13,5.81296e-12,6.00059e-11,5.61956e-10,4.74468e-09,3.58851e-08,2.41568e-07,1.43873e-06,7.54266e-06,3.46862e-05,0.00013974,0.000493925,0.00153844,0.00425244,0.0105258,0.0235706,0.0482619,0.0913074,0.161288,0.270265,0.461367,1.09091,4.4842,19.2313,67.2964
0,8.94259e-33,9.85099e-33,1.18854e-32,1.58148e-32,2.36934e-32,4.11016e-32,8.58492e-32,2.28686e-31,8.47988e-31,4.88483e-30,4.57024e-29,6.24847e-28,1.05817e-26,1.97114e-25,3.7829e-24,7.22149e-23,1.34395e-21,2.40754e-20,4.11467e-19,6.66296e-18,1.01631e-16,1.45236e-15,1.93443e-14,2.3888e-13,2.72011e-12,2.83985e-11,2.70203e-10,2.32825e-09,1.805e-08,1.25079e-07,7.69864e-07,4.1855e-06,2.0014e-05,8.39818e-05,0.000309327,0.00100323,0.00288212,0.00739466,0.0171095,0.0360745,0.0700401,0.126481,0.214506,0.34637,0.564651,1.22669,4.72836,20.1138,68.864
0,4.25357e-31,4.67571e-31,5.61306e-31,7.40617e-31,1.09496e-30,1.86094e-30,3.76419e-30,9.51149e-30,3.21521e-29,1.58133e-28,1.18972e-27,1.29883e-26,1.81156e-25,2.87487e-24,4.81972e-23,8.17678e-22,1.36843e-20,2.22275e-19,3.46475e-18,5.13839e-17,7.19865e-16,9.46607e-15,1.16134e-13,1.32136e-12,1.38589e-11,1.33157e-10,1.16442e-09,9.20596e-09,6.53604e-08,4.13994e-07,2.32538e-06,1.15259e-05,5.02501e-05,0.000192532,0.000649524,0.00193852,0.00515555,0.0123297,0.0267843,0.0534031,0.0987176,0.170792,0.279044,0.435705,0.682685,1.37732,4.97307,20.9212,70.3726
0,1.84732e-29,2.02618e-29,2.41992e-29,3.16592e-29,4.619e-29,7.69358e-29,1.50906e-28,3.63299e-28,1.13432e-27,4.90286e-27,3.07201e-26,2.73003e-25,3.14252e-24,4.22649e-23,6.14901e-22,9.21379e-21,1.37914e-19,2.02158e-18,2.86197e-17,3.87246e-16,4.96531e-15,5.98814e-14,6.7454e-13,7.04972e-12,6.78999e-11,5.98613e-10,4.7973e-09,3.47049e-08,2.25088e-07,1.30044e-06,6.65569e-06,3.00538e-05,0.000119495,0.000418625,0.00129671,0.00357334,0.00883294,0.0197751,0.0405072,0.0766902,0.135491,0.225363,0.35581,0.538854,0.81566,1.54292,5.22152,21.6681,71.825
0,7.33024e-28,8.02164e-28,9.53037e-28,1.23614e-27,1.77973e-27,2.90603e-27,5.53327e-27,1.27336e-26,3.70595e-26,1.43633e-25,7.71211e-25,5.70464e-24,5.46539e-23,6.22533e-22,7.82685e-21,1.0307e-19,1.37323e-18,1.8085e-17,2.31594e-16,2.84835e-15,3.33095e-14,3.67195e-13,3.78574e-12,3.62298e-11,3.19477e-10,2.57682e-09,1.88722e-08,1.24601e-07,7.36571e-07,3.87474e-06,1.80507e-05,7.42451e-05,0.00026947,0.000864935,0.00246739,0.00630161,0.0145385,0.0306012,0.0593549,0.107125,0.181533,0.291209,0.445549,0.656213,0.963574,1.72331,5.47576,22.3658,73.2239
0,2.65899e-26,2.90291e-26,3.43047e-26,4.41086e-26,6.26664e-26,1.00332e-25,1.85612e-25,4.09354e-25,1.11791e-24,3.94115e-24,1.85388e-23,1.16612e-22,9.41418e-22,9.11311e-21,9.88712e-20,1.14043e-18,1.34718e-17,1.58778e-16,1.83233e-15,2.04111e-14,2.1696e-13,2.17907e-12,2.04969e-11,1.79068e-10,1.44136e-09,1.06057e-08,7.07945e-08,4.25568e-07,2.28847e-06,1.09469e-05,4.63961e-05,0.000173922,0.000577159,0.00170182,0.00448656,0.0106623,0.0230572,0.0458206,0.0844941,0.14591,0.237948,0.369215,0.548836,0.787994,1.12626,1.9181,5.73663,23.0445,73.2239
0,8.82094e-25,9.6065e-25,1.12904e-24,1.43893e-24,2.01724e-24,3.16737e-24,5.69718e-24,1.2066e-23,3.1074e-23,1.00697e-22,4.22015e-22,2.29999e-21,1.58634e-20,1.3136e-19,1.23134e-18,1.24208e-17,1.2973e-16,1.36396e-15,1.41376e-14,1.42168e-13,1.36915e-12,1.24892e-11,1.06851e-10,8.49615e-10,6.22446e-09,4.16689e-08,2.52883e-07,1.38117e-06,6.74593e-06,2.93203e-05,0.000113075,0.000386782,0.00117623,0.0031962,0.00781701,0.0173587,0.0353342,0.0665674,0.117145,0.194224,0.305745,0.460119,0.66607,0.934235,1.3034,2.12673,6.00436,23.6922,75.8721
0,2.67691e-23,2.90791e-23,3.39858e-23,4.29277e-23,5.93791e-23,9.1447e-23,1.60025e-22,3.26001e-22,7.94811e-22,2.38614e-21,9.02463e-21,4.32849e-20,2.58524e-19,1.84654e-18,1.50059e-17,1.32399e-16,1.22076e-15,1.1422e-14,1.0604e-13,9.59811e-13,8.34982e-12,6.89706e-11,5.35132e-10,3.86171e-09,2.56804e-08,1.56014e-07,8.58951e-07,4.2552e-06,1.88575e-05,7.44595e-05,0.000261513,0.000817797,0.00228558,0.00574419,0.013086,0.027268,0.0524635,0.0940667,0.158544,0.253185,0.385809,0.564496,0.797481,1.09482,1.49457,2.34858,6.27946,24.2918,77.1264
0,7.43267e-22,8.05285e-22,9.35806e-22,1.17134e-21,1.59856e-21,2.41491e-21,4.11331e-21,8.07127e-21,1.86867e-20,5.22878e-20,1.8024e-19,7.70512e-19,4.03433e-18,2.50789e-17,1.77553e-16,1.37255e-15,1.11679e-14,9.28456e-14,7.70366e-13,6.26058e-12,4.90672e-11,3.66014e-10,2.56844e-09,1.6777e-08,1.01019e-07,5.55713e-07,2.77059e-06,1.24343e-05,4.99767e-05,0.000179363,0.000574583,0.00164686,0.00424418,0.00990417,0.0211049,0.0414406,0.0756658,0.129598,0.209901,0.323813,0.478886,0.682761,0.943143,1.26952,1.69923,2.58292,6.56224,24.8681,78.3373
0,1.88826e-20,2.04027e-20,2.35717e-20,2.92339e-20,3.93594e-20,5.83296e-20,9.67468e-20,1.83062e-19,4.03472e-19,1.05725e-18,3.34735e-18,1.28854e-17,5.97825e-17,3.26296e-16,2.02406e-15,1.37474e-14,9.87763e-14,7.29153e-13,5.39878e-12,3.93131e-11,2.76952e-10,1.86114e-09,1.17832e-08,6.95042e-08,3.78115e-07,1.88002e-06,8.47664e-06,3.44421e-05,0.00012558,0.000410153,0.00120108,0.00316502,0.00754966,0.0164262,0.0328794,0.0610864,0.106256,0.174458,0.272367,0.407014,0.585568,0.815174,1.10299,1.45796,1.91679,2.82898,6.85246,25.4243,79.5071
0,4.38883e-19,4.72884e-19,5.43091e-19,6.67286e-19,8.8624e-19,1.2885e-18,2.0818e-18,3.8021e-18,7.99374e-18,1.96906e-17,5.76124e-17,2.01363e-16,8.3542e-16,4.0364e-15,2.20697e-14,1.3217e-13,8.39862e-13,5.50517e-12,3.63405e-11,2.36752e-10,1.49635e-09,9.0402e-09,5.15305e-08,2.7393e-07,1.34402e-06,6.0318e-06,2.45762e-05,9.04071e-05,0.000299311,0.000891334,0.0023928,0.00581781,0.0128967,0.026273,0.0496065,0.0875503,0.145607,0.229917,0.347003,0.50356,0.706301,0.96185,1.27684,1.65971,2.14662,3.08599,7.14977,25.9635,80.6381
0,9.33052e-18,1.00243e-17,1.14428e-17,1.39271e-17,1.82448e-17,2.60241e-17,4.09703e-17,7.22814e-17,1.45212e-16,3.37288e-16,9.16493e-16,2.92803e-15,1.0947e-14,4.71658e-14,2.28647e-13,1.21212e-12,6.82628e-12,3.97592e-11,2.33912e-10,1.36198e-09,7.71173e-09,4.1816e-08,2.14232e-07,1.0247e-06,4.52855e-06,1.83294e-05,6.74785e-05,0.000224899,0.000677195,0.00184351,0.00455212,0.0102524,0.0212103,0.0406297,0.0726586,0.122278,0.195108,0.297189,0.434755,0.61408,0.841383,1.12278,1.4644,1.87426,2.38805,3.35319,7.45375,26.4879,81.7323
0,1.81375e-16,1.9428e-16,2.20403e-16,2.6569e-16,3.43282e-16,4.80396e-16,7.37126e-16,1.25711e-15,2.41668e-15,5.30663e-15,1.34451e-14,3.94806e-14,1.33877e-13,5.17705e-13,2.23746e-12,1.05422e-11,5.27496e-11,2.73321e-10,1.43333e-09,7.45484e-09,3.77769e-08,1.83623e-07,8.44449e-07,3.63034e-06,1.44404e-05,5.27038e-05,0.000175409,0.000530436,0.00145609,0.00363506,0.0082878,0.017363,0.033668,0.0608982,0.103555,0.166776,0.256126,0.377397,0.536441,0.739061,0.990979,1.29783,1.66532,2.10109,2.64042,3.62983,7.76397,26.9993,82.792
0,3.22209e-15,3.44075e-15,3.87882e-15,4.63055e-15,5.9002e-15,8.10084e-15,1.21176e-14,1.99885e-14,3.68151e-14,7.65874e-14,1.81536e-13,4.9219e-13,1.52199e-12,5.31226e-12,2.05723e-11,8.64932e-11,3.85558e-10,1.77995e-09,8.32514e-09,3.8673e-08,1.7529e-07,7.63191e-07,3.14813e-06,1.21575e-05,4.35207e-05,0.000143301,0.000431736,0.00118712,0.00297975,0.00684695,0.0144738,0.0283289,0.0517083,0.0886773,0.143925,0.222569,0.329966,0.471555,0.652743,0.878852,1.15513,1.4868,1.87918,2.33962,2.90306,3.91521,8.07998,27.4993,83.819
0,5.22745e-14,5.56455e-14,6.23282e-14,7.36781e-14,9.25743e-14,1.24701e-13,1.81879e-13,2.90341e-13,5.12878e-13,1.01267e-12,2.25186e-12,5.65865e-12,1.60304e-11,5.07479e-11,1.76902e-10,6.66194e-10,2.653e-09,1.09318e-08,4.56449e-08,1.89435e-07,7.67937e-07,2.994e-06,1.1075e-05,3.84218e-05,0.000123848,0.000368357,0.00100664,0.00252398,0.00581365,0.0123464,0.0243042,0.0446374,0.0770206,0.125728,0.19546,0.291157,0.417846,0.580548,0.784205,1.03368,1.33379,1.6894,2.10553,2.58929,3.17536,4.20867,8.40134,27.9893,84.8153
0,7.73844e-13,8.21072e-13,9.1368e-13,1.06935e-12,1.32479e-12,1.75083e-12,2.49035e-12,3.84903e-12,6.52706e-12,1.22511e-11,2.56183e-11,5.98576e-11,1.55954e-10,4.49694e-10,1.41685e-09,4.79623e-09,1.71109e-08,6.3054e-08,2.35323e-07,8.7313e-07,3.1667e-06,1.10582e-05,3.66947e-05,0.000114443,0.000332586,0.000895301,0.00222539,0.00510574,0.0108358,0.0213614,0.039335,0.0680882,0.111518,0.17393,0.259871,0.373976,0.52087,0.705127,0.931238,1.20364,1.52682,1.9053,2.3439,2.84955,3.45672,4.50964,8.72767,28.4704,85.7829
0,1.04413e-11,1.10416e-11,1.22056e-11,1.41417e-11,1.72733e-11,2.2397e-11,3.10727e-11,4.65181e-11,7.57894e-11,1.35415e-10,2.6683e-10,5.81301e-10,1.39762e-09,3.68432e-09,1.05305e-08,3.21495e-08,1.03031e-07,3.40252e-07,1.13672e-06,3.7746e-06,1.22577e-05,3.83686e-05,0.000114327,0.00032099,0.000842714,0.00205874,0.00467037,0.00984442,0.0193351,0.0355458,0.0615058,0.100775,0.157293,0.235227,0.338836,0.47237,0.640015,0.845909,1.09413,1.38877,1.73401,2.13415,2.59384,3.11988,3.74661,4.81757,9.05851,28.953,85.7829
0,1.28235e-10,1.35145e-10,1.48387e-10,1.70183e-10,2.04929e-10,2.60699e-10,3.52834e-10,5.11846e-10,8.01816e-10,1.36542e-09,2.53986e-09,5.17157e-09,1.15079e-08,2.78248e-08,7.23857e-08,1.99926e-07,5.77099e-07,1.7117e-06,5.12787e-06,1.52608e-05,4.44307e-05,0.000124832,0.000334548,0.000847381,0.00201526,0.00448318,0.00931943,0.018128,0.0331054,0.0570227,0.0931337,0.145045,0.216562,0.311575,0.433966,0.587561,0.776118,1.00338,1.27308,1.589,1.95512,2.37556,2.85487,3.39979,4.04453,5.13201,9.39347,29.4292,87.6389
0,1.43123e-09,1.50308e-09,1.6391e-09,1.86064e-09,2.20871e-09,2.75681e-09,3.64042e-09,5.11932e-09,7.71618e-09,1.25376e-08,2.20515e-08,4.20559e-08,8.684e-08,1.93153e-07,4.58739e-07,1.14959e-06,2.99686e-06,8.00192e-06,2.15394e-05,5.7555e-05,0.000150498,0.000380274,0.000918759,0.0021054,0.00455142,0.00925748,0.0177138,0.0319505,0.0545163,0.0883951,0.136878,0.203436,0.291599,0.404884,0.546762,0.720638,0.929883,1.17791,1.46816,1.80421,2.18987,2.62918,3.1266,3.68884,4.35006,5.45256,9.73239,29.8902,88.5309
0,1.44876e-08,1.51605e-08,1.64185e-08,1.84456e-08,2.15845e-08,2.64337e-08,3.40638e-08,4.64531e-08,6.74143e-08,1.04627e-07,1.74258e-07,3.11895e-07,5.99037e-07,1.22898e-06,2.67229e-06,6.09321e-06,1.43836e-05,3.46592e-05,8.40207e-05,0.00020203,0.000475575,0.00108352,0.00236715,0.00492515,0.0097182,0.0181562,0.0321368,0.0540206,0.0865467,0.132718,0.195674,0.278606,0.38467,0.516978,0.678591,0.872543,1.10188,1.36975,1.6794,2.03424,2.438,2.89464,3.40862,3.98666,4.66285,5.77892,10.0751,30.3537,88.5309
0,1.32689e-07,1.38346e-07,1.48782e-07,1.6542e-07,1.90809e-07,2.29294e-07,2.88407e-07,3.81558e-07,5.33501e-07,7.91666e-07,1.25035e-06,2.1041e-06,3.7673e-06,7.14704e-06,1.42666e-05,2.96805e-05,6.36178e-05,0.000138711,0.000303638,0.000658782,0.00140012,0.00288574,0.00572213,0.0108559,0.0196449,0.033884,0.0557707,0.0878224,0.132764,0.193424,0.272645,0.373243,0.49797,0.649543,0.830669,1.04408,1.29256,1.57909,1.90676,2.27892,2.69922,3.17163,3.70061,4.29291,4.9826,6.11084,10.4214,30.8129,90.2513
0,1.09641e-06,1.13891e-06,1.21623e-06,1.33818e-06,1.52157e-06,1.79434e-06,2.2034e-06,2.82921e-06,3.81394e-06,5.41667e-06,8.12375e-06,1.2876e-05,2.15372e-05,3.78755e-05,6.95937e-05,0.000132474,0.000258569,0.000511648,0.00101441,0.00199234,0.00383665,0.007182,0.0129837,0.0225718,0.0376589,0.0602974,0.0927924,0.137602,0.197241,0.274218,0.370991,0.489981,0.633559,0.804106,1.00405,1.23589,1.50226,1.80602,2.15018,2.53805,2.97328,3.45987,4.00229,4.60735,5.30908,6.44815,10.7714,31.2606,91.0829
0,8.14519e-06,8.42892e-06,8.93768e-06,9.73147e-06,1.0908e-05,1.2625e-05,1.51397e-05,1.88759e-05,2.45506e-05,3.34057e-05,4.7641e-05,7.12455e-05,0.000111568,0.000182326,0.000309218,0.000540151,0.00096307,0.0017352,0.00312698,0.00558099,0.0097794,0.0167054,0.0276763,0.0443347,0.0685908,0.102539,0.148364,0.208268,0.284415,0.378928,0.493874,0.631317,0.793318,0.982009,1.19963,1.44853,1.73125,2.05059,2.40956,2.81147,3.25997,3.75911,4.31343,4.92976,5.64216,6.79075,11.1249,31.7116,91.0829
4.31502e-05,5.41924e-05,5.58446e-05,5.87971e-05,6.33542e-05,7.00104e-05,7.95442e-05,9.31823e-05,0.00011287,0.000141748,0.000184991,0.000251231,0.000355136,0.000521801,0.000794456,0.00124723,0.00200573,0.00327808,0.00539818,0.00887872,0.014466,0.0231811,0.0363331,0.055488,0.0824044,0.118948,0.167019,0.22849,0.30519,0.398891,0.511348,0.644297,0.799536,0.97891,1.1844,1.41813,1.68239,1.97969,2.31283,2.68482,3.09901,3.55911,4.0692,4.63387,5.26005,5.98176,7.13862,11.4821,32.1604,92.6971
0.000263427,0.000321067,0.000329525,0.000344503,0.000367371,0.000400291,0.000446569,0.000511249,0.000601999,0.000730647,0.000915664,0.00118605,0.00158788,0.00219425,0.00312112,0.00455015,0.00676041,0.0101682,0.0153713,0.023187,0.0346708,0.051105,0.0739536,0.10479,0.145224,0.196841,0.261181,0.339724,0.433923,0.545212,0.675067,0.825001,0.996655,1.19176,1.41222,1.66014,1.9378,2.24771,2.59272,2.97588,3.40057,3.87056,4.39,4.96353,5.59814,6.32786,7.4918,11.8432,32.6007,93.4827
0.00144379,0.00168355,0.00172095,0.00178659,0.00188573,0.0020264,0.00222052,0.00248566,0.00284741,0.00334334,0.004029,0.00498617,0.00633616,0.00825657,0.0110062,0.0149539,0.020611,0.0286613,0.039979,0.0556243,0.0768082,0.104836,0.141046,0.186747,0.243193,0.311573,0.393046,0.488751,0.599867,0.727611,0.87331,1.03837,1.22437,1.43302,1.66623,1.92611,2.21499,2.53541,2.89027,3.28268,3.71606,4.19426,4.72146,5.30239,5.94407,6.68054,7.85041,12.2083,33.0396,94.2559
0.00690966,0.00775293,0.00789356,0.00813817,0.00850366,0.00901482,0.00970742,0.0106321,0.0118597,0.0134884,0.0156556,0.0185496,0.0224304,0.0276469,0.0346633,0.0440773,0.0566312,0.0732055,0.0947964,0.122468,0.157291,0.2003,0.252471,0.314712,0.387892,0.472873,0.570551,0.681878,0.807909,0.949783,1.1088,1.28635,1.48404,1.70361,1.947,2.21638,2.51413,2.84284,3.20548,3.6052,4.04547,4.53019,5.06362,5.6505,6.29793,7.03992,8.21461,12.5777,33.478,95.0182
0.0286125,0.0310578,0.0314973,0.0322552,0.0333754,0.03492,0.0369752,0.0396587,0.0431269,0.0475842,0.0532995,0.0606125,0.0699576,0.0818614,0.0969578,0.115974,0.139706,0.168978,0.204609,0.247364,0.297934,0.356946,0.425008,0.502733,0.590769,0.68984,0.800776,0.924499,1.06208,1.21468,1.38364,1.57041,1.77666,2.00416,2.25493,2.53119,2.83536,3.17008,3.53839,3.94346,4.38883,4.87842,5.41655,6.00799,6.65988,7.40623,8.58467,12.9518,33.9164,95.771
0.101314,0.106959,0.108063,0.10995,0.112709,0.11646,0.121362,0.127625,0.135512,0.145342,0.157507,0.172456,0.190714,0.21284,0.239432,0.271085,0.308357,0.351739,0.401666,0.458529,0.522689,0.594536,0.674555,0.763314,0.861467,0.969786,1.08917,1.22062,1.36526,1.52434,1.69927,1.89154,2.10288,2.3351,2.59028,2.87069,3.17876,3.5172,3.88906,4.29756,4.74624,5.23908,5.78041,6.37505,7.03015,7.77972,8.96089,13.331,34.3556,96.5159
0.302356,0.312141,0.314243,0.317806,0.32296,0.329868,0.338741,0.349838,0.363473,0.379976,0.399742,0.423144,0.450591,0.482432,0.518997,0.560559,0.607351,0.659561,0.717418,0.781227,0.851343,0.928235,1.01253,1.10492,1.20618,1.31719,1.43894,1.57249,1.71903,1.87984,2.05639,2.25018,2.46298,2.69661,2.95318,3.23497,3.54444,3.88428,4.2576,4.66761,5.11787,5.61237,6.15545,6.75196,7.40907,8.16074,9.34365,13.7155,34.7963,97.2541
0.74758,0.75889,0.761583,0.766106,0.772578,0.781132,0.791934,0.805176,0.821082,0.839836,0.861692,0.886784,0.91533,0.947447,0.983292,1.02305,1.06697,1.11534,1.16862,1.22735,1.29215,1.36365,1.44267,1.53,1.62649,1.73303,1.85067,1.98043,2.12353,2.28124,2.45501,2.64632,2.85695,3.08869,3.34365,3.62409,3.93246,4.27147,4.64418,5.05383,5.50396,5.99855,6.54198,7.13906,7.797,8.54971,9.73338,14.106,35.2392,97.9872
1.50391,1.50984,1.51137,1.51391,1.5175,1.52217,1.52796,1.53496,1.54326,1.55291,1.56412,1.57695,1.59173,1.60871,1.62832,1.65113,1.67776,1.70892,1.74535,1.78789,1.83727,1.89423,1.95963,2.03428,2.119,2.21466,2.32228,2.44286,2.57756,2.72762,2.89446,3.0795,3.28448,3.51117,3.76161,4.03807,4.34294,4.6789,5.04902,5.45647,5.90481,6.39799,6.94038,7.53677,8.19439,8.9471,10.1306,14.503,35.6852,98.7164
2.43297,2.43033,2.42916,2.42722,2.42448,2.42092,2.41658,2.41152,2.40589,2.3998,2.39368,2.38779,2.38278,2.37923,2.37791,2.37966,2.38535,2.39583,2.41194,2.4346,2.46463,2.50285,2.55021,2.60762,2.67599,2.75622,2.84938,2.95649,3.0787,3.21724,3.3735,3.54885,3.74503,3.96371,4.20693,4.47691,4.77599,5.1068,5.47238,5.87589,6.32082,6.81111,7.35111,7.94559,8.60177,9.35345,10.5358,14.907,36.135,99.4432
3.22057,3.22035,3.21861,3.21574,3.21174,3.20661,3.20043,3.19328,3.1853,3.17658,3.1675,3.15813,3.14896,3.14027,3.13253,3.12635,3.12236,3.12132,3.12416,3.13198,3.14589,3.16705,3.19675,3.2363,3.28687,3.34961,3.42585,3.51674,3.62356,3.74763,3.89038,4.0532,4.23781,4.44589,4.67942,4.94061,5.23175,5.55541,5.91462,6.31248,6.75244,7.23841,7.77471,8.36608,9.01972,9.76936,10.9498,15.3187,36.5896,100.169
3.79529,3.81707,3.81825,3.82012,3.82269,3.82592,3.82969,3.8339,3.8384,3.84286,3.84709,3.85066,3.85337,3.85491,3.85515,3.85434,3.85282,3.85119,3.85036,3.8516,3.85618,3.86561,3.88157,3.90583,3.94,3.98567,4.04456,4.11818,4.2081,4.31584,4.44301,4.59109,4.76191,4.95716,5.17885,5.42916,5.71038,6.02504,6.37614,6.76673,7.20021,7.68048,8.21179,8.79888,9.44889,10.1955,11.373,15.7389,37.0497,100.895
4.46634,4.53763,4.53871,4.54024,4.54231,4.54495,4.54798,4.55147,4.55519,4.55908,4.56307,4.56692,4.57061,4.57376,4.57626,4.57807,4.57907,4.57927,4.57895,4.57886,4.57979,4.58304,4.59031,4.60348,4.62453,4.65539,4.69827,4.75512,4.82795,4.9186,5.02903,5.16092,5.31629,5.49694,5.70496,5.94259,6.21211,6.51605,6.8574,7.23918,7.66475,8.13795,8.66304,9.24469,9.89002,10.6327,11.8064,16.1682,37.5162,101.623
5.15764,5.36408,5.36271,5.36,5.35615,5.35155,5.34618,5.34042,5.33441,5.32857,5.32321,5.31854,5.31499,5.31237,5.31071,5.31001,5.30988,5.30995,5.30992,5.30988,5.30994,5.31073,5.31346,5.31976,5.33154,5.35085,5.38023,5.42202,5.47872,5.55258,5.64599,5.76096,5.89982,6.06459,6.25749,6.48091,6.73717,7.02884,7.35893,7.73045,8.14672,8.61158,9.12922,9.70429,10.3439,11.0816,12.2507,16.6075,37.9902,102.354
5.48172,6.00924,6.01146,6.01359,6.0164,6.01989,6.02372,6.02787,6.03194,6.03568,6.03907,6.04164,6.04359,6.0446,6.04503,6.0452,6.04523,6.04522,6.04521,6.04526,6.04523,6.04531,6.04611,6.04873,6.05471,6.06584,6.08475,6.11395,6.15632,6.21452,6.29144,6.38948,6.51137,6.65945,6.83619,7.04416,7.28585,7.56388,7.88133,8.24123,8.6469,9.10215,9.61116,10.1785,10.8114,11.5432,12.7067,17.0577,38.4725,103.089
5.69667,6.80013,6.8016,6.80058,6.79914,6.79747,6.79543,6.79356,6.79155,6.78981,6.78849,6.78744,6.78692,6.78654,6.78635,6.78634,6.78636,6.78638,6.78636,6.78643,6.78643,6.78637,6.78651,6.78743,6.7902,6.79608,6.80748,6.82681,6.85717,6.90148,6.96307,7.04479,7.1498,7.28087,7.4408,7.63243,7.85846,8.12168,8.42524,8.77227,9.1661,9.61053,10.1098,10.6684,11.2934,12.0183,13.1754,17.5197,38.9643,103.83
5.62938,7.5253,7.52922,7.52975,7.5303,7.53109,7.53176,7.53255,7.5332,7.53371,7.53428,7.5345,7.53478,7.53481,7.53475,7.53478,7.53479,7.5348,7.53478,7.53486,7.53487,7.53479,7.53476,7.53503,7.5362,7.53903,7.54544,7.55755,7.57836,7.61089,7.6588,7.72531,7.81404,7.92823,8.07109,8.2458,8.45537,8.70278,8.99138,9.3244,9.70521,10.1377,10.626,11.1748,11.791,12.5081,13.6579,17.9945,39.4665,104.578
5.57147,8.28923,8.29334,8.29329,8.29313,8.29299,8.29272,8.29256,8.29233,8.29206,8.29208,8.29189,8.29202,8.29192,8.29183,8.29188,8.29187,8.2919,8.29186,8.29194,8.29198,8.2919,8.29183,8.29189,8.29238,8.2936,8.29696,8.30409,8.31771,8.3407,8.37685,8.42964,8.50313,8.60098,8.72688,8.88441,9.07697,9.30779,9.5805,9.89847,10.2652,10.6846,11.161,11.6988,12.3052,13.0135,14.1551,18.4832,39.9803,105.335
5.57147,9.05607,9.05853,9.05861,9.05873,9.05882,9.05888,9.05892,9.05902,9.05894,9.05915,9.05908,9.05918,9.05909,9.05902,9.05909,9.05912,9.05912,9.05909,9.05914,9.05921,9.05911,9.05903,9.05904,9.05929,9.05974,9.06137,9.06531,9.07378,9.08939,9.11581,9.15664,9.21621,9.29863,9.408,9.54842,9.72367,9.93735,10.1934,10.4954,10.8471,11.2524,11.7157,12.2416,12.8372,13.5357,14.6683,18.9868,40.5122,105.335
12.3494,9.84175,9.83777,9.83786,9.83791,9.83805,9.83785,9.83781,9.83793,9.83772,9.83796,9.8378,9.83794,9.83792,9.83779,9.83783,9.8379,9.83789,9.83785,9.83791,9.83796,9.83788,9.8378,9.83781,9.83799,9.83811,9.83886,9.84085,9.84587,9.85601,9.87468,9.90539,9.95262,10.0208,10.1144,10.238,10.3959,10.5921,10.8309,11.1163,11.4519,11.8422,12.2914,12.8044,13.3881,14.076,15.1985,19.5065,41.0585,106.881
8.28021,10.6253,10.6296,10.6296,10.6298,10.6297,10.6297,10.6297,10.6297,10.6296,10.6297,10.6296,10.6298,10.6298,10.6296,10.6297,10.6297,10.6297,10.6297,10.6297,10.6298,10.6297,10.6296,10.6296,10.6298,10.6298,10.6301,10.631,10.6338,10.6401,10.6529,10.6753,10.7119,10.7671,10.846,10.9535,11.0943,11.2729,11.494,11.762,12.0809,12.4552,12.8894,13.3884,13.9593,14.6355,15.7471,20.0435,41.6147,107.673
11.4228,11.4359,11.436,11.436,11.436,11.4362,11.4361,11.4361,11.4361,11.4359,11.4361,11.436,11.4361,11.4362,11.436,11.436,11.436,11.4361,11.436,11.4361,11.4362,11.4361,11.436,11.436,11.4362,11.4361,11.4363,11.4367,11.4381,11.4418,11.4502,11.466,11.4936,11.5375,11.6029,11.695,11.8192,11.9803,12.1836,12.4337,12.7352,13.0926,13.511,13.995,14.5521,15.2156,16.3154,20.5993,42.1874,108.48
9.90824,12.254,12.2584,12.2585,12.2586,12.2586,12.2584,12.2586,12.2586,12.2584,12.2585,12.2585,12.2587,12.2586,12.2585,12.2584,12.2585,12.2585,12.2585,12.2586,12.2587,12.2585,12.2584,12.2584,12.2586,12.2586,12.2587,12.2588,12.2595,12.2615,12.2668,12.2776,12.2979,12.332,12.3852,12.4631,12.5713,12.7152,12.9005,13.1325,13.416,13.7559,14.1574,14.6256,15.168,15.8179,16.9049,21.1752,42.778,109.302
10.5502,13.0941,13.0985,13.0986,13.0986,13.0986,13.0985,13.0986,13.0987,13.0986,13.0986,13.0985,13.0987,13.0987,13.0985,13.0984,13.0985,13.0985,13.0986,13.0987,13.0987,13.0985,13.0985,13.0985,13.0987,13.0987,13.0988,13.0987,13.099,13.1,13.1032,13.1104,13.1249,13.1508,13.1932,13.258,13.3511,13.4783,13.6459,13.8596,14.1246,14.4464,14.8303,15.2818,15.8084,16.4437,17.5169,21.7728,43.3881,110.142
10.5502,13.9552,13.9579,13.9578,13.9578,13.9581,13.9578,13.9581,13.9579,13.9578,13.9581,13.9578,13.958,13.9581,13.9578,13.9577,13.9578,13.9578,13.9579,13.9579,13.9581,13.9578,13.9578,13.9578,13.958,13.958,13.9581,13.958,13.9581,13.9585,13.9604,13.9649,13.9749,13.9941,14.0273,14.0803,14.1594,14.2705,14.4207,14.6161,14.8623,15.1654,15.5311,15.9649,16.4749,17.0946,18.1531,22.3934,44.0256,110.142
17.4083,14.8423,14.8381,14.8381,14.8381,14.8381,14.838,14.8381,14.8381,14.8381,14.8381,14.8379,14.8382,14.8381,14.8379,14.8378,14.838,14.838,14.8381,14.8381,14.8382,14.8379,14.838,14.838,14.8382,14.8382,14.8382,14.8382,14.8382,14.8383,14.8393,14.8421,14.8488,14.8625,14.8879,14.9306,14.9967,15.0928,15.226,15.4032,15.6306,15.9145,16.2613,16.6767,17.1692,17.7724,18.8151,23.0387,44.6862,111.882
13.5451,15.7366,15.7407,15.7407,15.7407,15.741,15.7407,15.741,15.7408,15.7406,15.7409,15.7406,15.7409,15.7408,15.7405,15.7405,15.7407,15.7408,15.7407,15.7408,15.7409,15.7406,15.7406,15.7407,15.7408,15.7409,15.7409,15.7408,15.7409,15.7408,15.7414,15.7429,15.7473,15.7569,15.7758,15.8095,15.8639,15.9459,16.0629,16.2223,16.4307,16.6952,17.0225,17.4189,17.8929,18.4786,19.5046,23.7103,45.3644,112.784
16.6601,16.6674,16.6675,16.6676,16.6675,16.6677,16.6676,16.6678,16.6678,16.6676,16.6677,16.6676,16.6677,16.6678,16.6676,16.6674,16.6676,16.6677,16.6677,16.6677,16.6679,16.6676,16.6675,16.6676,16.6678,16.6678,16.6679,16.6677,16.6678,16.6677,16.6679,16.6688,16.6715,16.678,16.6917,16.7178,16.7619,16.8308,16.9324,17.0745,17.2642,17.5091,17.8165,18.1931,18.6478,19.2151,20.2234,24.4102,46.0686,113.711
15.4196,17.6163,17.6206,17.6206,17.6206,17.6208,17.6204,17.6208,17.6208,17.6205,17.6207,17.6204,17.6206,17.6207,17.6207,17.6204,17.6206,17.6206,17.6206,17.6206,17.6208,17.6205,17.6204,17.6205,17.6207,17.6207,17.6208,17.6206,17.6207,17.6206,17.6207,17.6211,17.6227,17.6269,17.6366,17.6564,17.6915,17.7486,17.8358,17.9611,18.1325,18.3577,18.6449,19.0011,19.4358,19.9838,20.9735,25.1403,46.8006,114.664
15.8961,18.5964,18.6013,18.6014,18.6012,18.6015,18.6011,18.6014,18.6014,18.6012,18.6015,18.6013,18.6014,18.6014,18.6014,18.6012,18.6014,18.6014,18.6013,18.6014,18.6015,18.6012,18.6012,18.6011,18.6015,18.6015,18.6016,18.6014,18.6014,18.6013,18.6013,18.6015,18.6025,18.6051,18.6117,18.6263,18.6537,18.7002,18.7741,18.8836,19.037,19.2427,19.5094,19.8448,20.2589,20.7867,21.7566,25.9023,47.5622,115.645
15.8961,19.608,19.6116,19.6117,19.6117,19.612,19.6116,19.6119,19.612,19.6116,19.6119,19.6117,19.6118,19.6118,19.6117,19.6117,19.6119,19.6118,19.6116,19.6118,19.6119,19.6116,19.6116,19.6115,19.6119,19.6119,19.6119,19.6118,19.6118,19.6117,19.6117,19.6117,19.6123,19.6138,19.6181,19.6287,19.6496,19.6869,19.7487,19.8432,19.9792,20.1658,20.4119,20.7261,21.1188,21.6257,22.575,26.6985,48.3643,115.645
23.4621,20.6581,20.6534,20.6537,20.6536,20.6537,20.6533,20.6538,20.6539,20.6534,20.654,20.6537,20.6539,20.6538,20.6536,20.6536,20.6538,20.6539,20.6536,20.6537,20.6538,20.6536,20.6535,20.6535,20.6538,20.6538,20.6539,20.6538,20.6538,20.6536,20.6536,20.6536,20.654,20.6548,20.6575,20.6649,20.6805,20.7098,20.7607,20.8413,20.9608,21.1285,21.3542,21.647,22.0178,22.5029,23.4307,27.5306,49.2011,117.697
20.0372,21.7257,21.7293,21.7294,21.7292,21.7293,21.7289,21.7292,21.7293,21.7291,21.7293,21.7291,21.7294,21.7292,21.7291,21.7291,21.7291,21.7293,21.7291,21.7292,21.7293,21.7291,21.7291,21.7291,21.7294,21.7293,21.7295,21.7293,21.7293,21.7292,21.7291,21.729,21.7293,21.7297,21.7313,21.7364,21.7478,21.7703,21.8115,21.8794,21.9832,22.1327,22.3382,22.6094,22.9579,23.4205,24.326,28.4012,50.0651,118.773
23.6227,22.8414,22.8399,22.8403,22.8404,22.8404,22.8403,22.8404,22.8404,22.8403,22.8406,22.8402,22.8405,22.8403,22.8401,22.8401,22.8403,22.8403,22.8402,22.8404,22.8404,22.8402,22.8401,22.8401,22.8405,22.8404,22.8406,22.8404,22.8404,22.8403,22.8402,22.8401,22.8403,22.8405,22.8413,22.8447,22.8528,22.8698,22.9026,22.9589,23.048,23.18,23.3657,23.6153,23.9412,24.3808,25.263,29.3124,50.9673,119.884
23.7082,23.988,23.9887,23.9889,23.9888,23.9889,23.9889,23.9894,23.9892,23.9891,23.9894,23.9891,23.989,23.989,23.9889,23.9888,23.989,23.989,23.9888,23.9892,23.9892,23.989,23.9889,23.9889,23.9893,23.9892,23.9894,23.9892,23.9892,23.9891,23.989,23.9889,23.9891,23.9891,23.9894,23.9917,23.9973,24.0097,24.0353,24.0814,24.1569,24.2723,24.4387,24.6669,24.97,25.386,26.2442,30.2669,51.9102,121.033
25.2589,25.1775,25.1775,25.1774,25.1775,25.1776,25.1779,25.1779,25.1779,25.1776,25.1778,25.1777,25.1781,25.1777,25.1776,25.1774,25.1777,25.1778,25.1776,25.1778,25.1778,25.1777,25.1775,25.1775,25.1781,25.1778,25.1781,25.178,25.1779,25.1777,25.1777,25.1776,25.1777,25.1777,25.1777,25.1792,25.183,25.1918,25.2114,25.2484,25.3116,25.4114,25.5591,25.7662,26.0465,26.4385,27.272,31.2669,52.8963,122.221
26.3899,26.4079,26.4083,26.4083,26.4083,26.4084,26.4084,26.4086,26.4087,26.4083,26.4086,26.4084,26.4088,26.4086,26.4082,26.4083,26.4085,26.4085,26.4084,26.4086,26.4087,26.4085,26.4082,26.4084,26.4089,26.4087,26.4088,26.4088,26.4087,26.4086,26.4085,26.4084,26.4085,26.4084,26.4083,26.4093,26.4118,26.4178,26.4325,26.4617,26.5138,26.5991,26.729,26.9155,27.1729,27.5407,28.3489,32.3152,53.9282,123.452
27.6879,27.6834,27.6835,27.6837,27.6837,27.6839,27.6837,27.684,27.684,27.6836,27.6839,27.6833,27.6842,27.684,27.6834,27.6836,27.6837,27.6837,27.6836,27.6838,27.684,27.6837,27.6834,27.6836,27.684,27.6839,27.6841,27.6841,27.684,27.6838,27.6838,27.6836,27.6838,27.6836,27.6834,27.6841,27.6857,27.6897,27.7004,27.7231,27.7654,27.8372,27.9503,28.1168,28.3517,28.695,29.4776,33.4143,55.0084,124.727
29.0057,29.0056,29.006,29.0056,29.0056,29.0059,29.0059,29.0058,29.006,29.0057,29.006,29.0057,29.0063,29.006,29.0057,29.0057,29.0058,29.0057,29.0058,29.0057,29.0061,29.006,29.0055,29.0056,29.0061,29.006,29.0063,29.0062,29.0061,29.0059,29.0059,29.0058,29.0059,29.0058,29.0055,29.006,29.007,29.0095,29.0171,29.0343,29.0681,29.1278,29.2251,29.3724,29.5852,29.9042,30.6605,34.5671,56.1399,126.049
30.3779,30.3764,30.3769,30.3771,30.3771,30.3775,30.3771,30.3776,30.3778,30.3772,30.3777,30.3775,30.3777,30.3778,30.377,30.3773,30.3773,30.377,30.3772,30.3772,30.3776,30.3776,30.377,30.3771,30.3777,30.3776,30.3778,30.3777,30.3776,30.3774,30.3775,30.3773,30.3774,30.3773,30.377,30.3774,30.378,30.3794,30.3847,30.3975,30.4239,30.4729,30.5556,30.6846,30.8759,31.1706,31.9006,35.7763,57.3256,127.421
31.8013,31.8006,31.8007,31.8006,31.8007,31.8009,31.8013,31.8009,31.801,31.8006,31.8011,31.8008,31.8011,31.8012,31.8004,31.8004,31.8007,31.8006,31.8008,31.8008,31.8012,31.801,31.8006,31.8007,31.8012,31.8012,31.8013,31.8012,31.8011,31.8009,31.801,31.8008,31.8009,31.8007,31.8005,31.8008,31.8013,31.802,31.8055,31.8147,31.835,31.8745,31.9439,32.0557,32.2262,32.4969,33.2005,37.0449,58.5683,128.844
33.2796,33.2786,33.2789,33.2785,33.279,33.2789,33.2786,33.2791,33.2792,33.2787,33.2795,33.2787,33.2794,33.2793,33.2788,33.2789,33.2791,33.2789,33.2791,33.279,33.2794,33.2791,33.2787,33.2789,33.2794,33.2793,33.2795,33.2794,33.2794,33.2791,33.2791,33.279,33.2791,33.2789,33.2787,33.2789,33.2793,33.2795,33.2818,33.2884,33.3036,33.3348,33.3922,33.488,33.6386,33.8859,34.5631,38.3758,59.8712,130.323
34.8153,34.8144,34.8146,34.8149,34.8149,34.8153,34.8145,34.8146,34.8149,34.8143,34.8151,34.8146,34.8152,34.815,34.8145,34.8148,34.8148,34.8148,34.8149,34.8149,34.8151,34.8148,34.8144,34.8147,34.815,34.8149,34.8152,34.8151,34.8151,34.8149,34.8148,34.8147,34.8148,34.8146,34.8144,34.8146,34.8149,34.8148,34.8162,34.8208,34.8319,34.8562,34.9029,34.984,35.1156,35.3402,35.9913,39.772,61.2375,131.858
36.4113,36.4108,36.4106,36.4109,36.411,36.4111,36.411,36.411,36.4109,36.4101,36.4117,36.4104,36.411,36.4114,36.4109,36.4107,36.4112,36.4109,36.4109,36.4109,36.4112,36.411,36.4104,36.4106,36.4112,36.4111,36.4114,36.4112,36.4112,36.411,36.4109,36.4108,36.4109,36.4107,36.4104,36.4106,36.4109,36.4107,36.4115,36.4146,36.4225,36.441,36.4784,36.5461,36.66,36.8627,37.488,41.2368,62.6704,133.454
38.0708,38.0695,38.0698,38.0703,38.07,38.0704,38.0702,38.0704,38.0704,38.0698,38.0707,38.0703,38.0708,38.0708,38.0705,38.0702,38.0707,38.0708,38.0705,38.0707,38.0709,38.0704,38.0698,38.0702,38.0709,38.0706,38.0709,38.0707,38.0707,38.0704,38.0705,38.0702,38.0704,38.0702,38.0699,38.0701,38.0703,38.0701,38.0705,38.0725,38.078,38.0918,38.1212,38.1768,38.2743,38.4561,39.0562,42.7732,64.1734,135.114
39.7969,39.7959,39.7962,39.7966,39.7969,39.7968,39.7966,39.7966,39.7964,39.7958,39.797,39.7963,39.7971,39.797,39.7964,39.7964,39.7967,39.7968,39.7962,39.7966,39.7965,39.7961,39.796,39.7962,39.7969,39.7967,39.797,39.7968,39.7969,39.7965,39.7966,39.7963,39.7964,39.7963,39.796,39.7962,39.7964,39.7961,39.7963,39.7976,39.8013,39.8112,39.8339,39.8789,39.9614,40.1234,40.6991,44.3846,65.7498,136.84
41.5928,41.592,41.5923,41.5925,41.5927,41.5928,41.5923,41.5927,41.5926,41.5921,41.5929,41.5921,41.5928,41.5926,41.5923,41.5922,41.5923,41.5926,41.592,41.5924,41.5926,41.592,41.592,41.592,41.5928,41.5927,41.5928,41.5928,41.5928,41.5925,41.5926,41.5922,41.5924,41.5922,41.5919,41.5921,41.5924,41.592,41.592,41.5929,41.5952,41.6023,41.6193,41.6551,41.7239,41.8675,42.4197,46.0742,67.4033,138.636
43.462,43.4614,43.4617,43.4621,43.4616,43.4614,43.4616,43.4616,43.4616,43.4609,43.462,43.461,43.462,43.462,43.461,43.4614,43.4612,43.4616,43.4611,43.4617,43.4617,43.4611,43.4612,43.4614,43.4619,43.462,43.462,43.462,43.462,43.4617,43.4619,43.4615,43.4615,43.4613,43.461,43.4613,43.4615,43.4611,43.461,43.4617,43.4631,43.4679,43.4804,43.5083,43.5649,43.6914,44.2212,47.8453,69.1374,140.505
45.408,45.4071,45.4069,45.4071,45.4075,45.4075,45.4071,45.4069,45.4071,45.407,45.4085,45.4076,45.4076,45.4078,45.4072,45.4075,45.4075,45.4073,45.4068,45.4076,45.408,45.4071,45.4071,45.4075,45.4082,45.4081,45.4081,45.4079,45.4079,45.4076,45.4078,45.4074,45.4075,45.4073,45.4069,45.4073,45.4075,45.4071,45.4069,45.4074,45.4082,45.4113,45.4202,45.4415,45.4874,45.5983,46.1068,49.7015,70.9558,142.451
47.4344,47.4333,47.4334,47.4337,47.4334,47.4338,47.4331,47.4331,47.4337,47.4345,47.4344,47.4331,47.4341,47.4341,47.4335,47.4334,47.4336,47.4334,47.4333,47.4339,47.4344,47.4336,47.4336,47.4337,47.4347,47.4346,47.4345,47.4344,47.4343,47.434,47.4343,47.4338,47.4339,47.4337,47.4333,47.4337,47.434,47.4334,47.4333,47.4337,47.4341,47.436,47.4421,47.4579,47.4946,47.5914,48.08,51.6461,72.8622,144.477
49.5452,49.5437,49.5439,49.5447,49.5446,49.5444,49.5444,49.5439,49.5439,49.5442,49.5454,49.5443,49.5448,49.5451,49.5445,49.5445,49.5447,49.5441,49.5439,49.5445,49.5455,49.5444,49.5444,49.5446,49.5453,49.5455,49.5453,49.5452,49.5452,49.5447,49.5451,49.5444,49.5446,49.5445,49.544,49.5444,49.5447,49.5442,49.544,49.5444,49.5445,49.5455,49.5495,49.5609,49.5897,49.6739,50.1441,53.6828,74.8605,146.588
51.7443,51.7435,51.7434,51.7433,51.7439,51.7437,51.7436,51.7435,51.7434,51.7427,51.7439,51.7431,51.7441,51.7445,51.7435,51.743,51.7434,51.7434,51.7435,51.744,51.7442,51.7436,51.7436,51.7436,51.7446,51.7444,51.7444,51.7442,51.7441,51.7438,51.7441,51.7434,51.7436,51.7436,51.7431,51.7434,51.7438,51.7433,51.743,51.7434,51.7433,51.7438,51.7462,51.7541,51.7763,51.8495,52.3027,55.8151,76.9547,148.787
54.0359,54.0346,54.0348,54.0355,54.0354,54.0362,54.0356,54.0355,54.0357,54.0351,54.0357,54.0344,54.0358,54.0354,54.0352,54.035,54.0348,54.0353,54.0346,54.0355,54.0363,54.0348,54.0351,54.0357,54.0362,54.0359,54.0358,54.0358,54.0357,54.0353,54.0356,54.035,54.0351,54.0351,54.0346,54.0349,54.0353,54.0348,54.0346,54.035,54.0347,54.0348,54.036,54.0413,54.058,54.1216,54.5593,58.0469,79.1486,151.079
56.4242,56.4228,56.424,56.4238,56.4238,56.424,56.4234,56.424,56.4242,56.4233,56.4243,56.4237,56.4243,56.4242,56.4232,56.4232,56.4233,56.4241,56.4234,56.424,56.4245,56.4233,56.4234,56.4238,56.4246,56.4241,56.4241,56.424,56.4241,56.4236,56.4239,56.4235,56.4234,56.4234,56.4231,56.4233,56.4237,56.4232,56.423,56.4232,56.4229,56.4228,56.423,56.4263,56.4386,56.494,56.9179,60.3818,81.4463,153.467
58.9141,58.9124,58.9125,58.9128,58.9134,58.9136,58.9134,58.9133,58.9126,58.9128,58.9135,58.9134,58.9145,58.914,58.9135,58.9127,58.9133,58.9138,58.9127,58.9135,58.9145,58.9136,58.9133,58.9133,58.914,58.9138,58.9137,58.9136,58.9136,58.9134,58.9137,58.9134,58.9133,58.9132,58.9129,58.9132,58.9135,58.913,58.9126,58.9129,58.9125,58.9121,58.9117,58.9135,58.9223,58.9708,59.3823,62.824,83.8519,155.957
61.51,61.5087,61.5077,61.5093,61.5089,61.5087,61.5087,61.5092,61.5086,61.5087,61.5094,61.5097,61.5103,61.51,61.5095,61.5082,61.5092,61.5094,61.5091,61.5098,61.5104,61.5092,61.5091,61.5093,61.51,61.5095,61.5096,61.5093,61.5093,61.509,61.5095,61.5092,61.5093,61.509,61.5086,61.5089,61.5093,61.5086,61.5083,61.5085,61.508,61.5075,61.5067,61.5073,61.5134,61.5562,61.9566,65.3773,86.3696,158.553
64.2168,64.215,64.215,64.216,64.2157,64.2163,64.2161,64.2158,64.2157,64.2163,64.2166,64.2158,64.2169,64.2167,64.2158,64.2155,64.2166,64.216,64.2153,64.216,64.2168,64.2163,64.2161,64.216,64.217,64.2166,64.2167,64.2162,64.2162,64.2159,64.2164,64.2159,64.2161,64.2159,64.2155,64.2157,64.2161,64.2153,64.2149,64.215,64.2145,64.2137,64.2126,64.2124,64.2163,64.2546,64.6452,68.0462,89.0038,161.259
67.0398,67.0382,67.0387,67.0383,67.0379,67.0396,67.0387,67.0386,67.039,67.0384,67.0394,67.0392,67.04,67.0392,67.038,67.0383,67.039,67.0396,67.0391,67.0396,67.0396,67.0388,67.0389,67.0386,67.0399,67.0394,67.0399,67.0394,67.0394,67.039,67.0394,67.0388,67.039,67.0389,67.0384,67.0385,67.039,67.0381,67.0375,67.0376,67.0369,67.0359,67.0345,67.0337,67.036,67.0706,67.4527,70.835,91.7588,164.082
69.9843,69.9826,69.9827,69.9829,69.9837,69.9838,69.9836,69.9841,69.9841,69.983,69.983,69.9836,69.9849,69.9842,69.9835,69.9833,69.9833,69.9836,69.9832,69.9836,69.984,69.9834,69.9832,69.9833,69.9846,69.9844,69.9844,69.9838,69.984,69.9835,69.9839,69.9834,69.9835,69.9834,69.9827,69.9828,69.9833,69.9822,69.9814,69.9814,69.9806,69.9794,69.9777,69.9763,69.9776,70.0092,70.3839,73.7484,94.6392,167.027
73.0559,73.0536,73.0552,73.0548,73.0543,73.0554,73.0549,73.0546,73.0554,73.0545,73.0555,73.0546,73.0556,73.0552,73.0545,73.0549,73.0558,73.0553,73.0542,73.0556,73.0563,73.0545,73.0543,73.0545,73.0564,73.0559,73.056,73.0556,73.0553,73.0553,73.0553,73.0546,73.0549,73.0547,73.054,73.0539,73.0543,73.0531,73.0521,73.052,73.0511,73.0496,73.0476,73.0458,73.0463,73.0755,73.4437,76.7913,97.6497,170.098
76.2604,76.2591,76.2583,76.2602,76.2595,76.2603,76.2592,76.2593,76.2605,76.2599,76.2602,76.2602,76.2612,76.2596,76.2596,76.2598,76.2597,76.2602,76.2594,76.2599,76.2613,76.2593,76.2588,76.2592,76.2609,76.2606,76.2606,76.2602,76.2597,76.2599,76.2599,76.2588,76.2592,76.2588,76.2579,76.2579,76.2579,76.2566,76.2554,76.2552,76.254,76.2523,76.25,76.2479,76.2477,76.2752,76.6377,79.9688,100.795,173.303
79.6038,79.6017,79.6015,79.6026,79.6026,79.603,79.6027,79.6025,79.6032,79.6022,79.6032,79.6029,79.604,79.6039,79.6026,79.6025,79.6037,79.6037,79.6033,79.6034,79.604,79.6034,79.6022,79.603,79.6039,79.6032,79.6037,79.6033,79.6031,79.6031,79.603,79.6021,79.6022,79.6018,79.6004,79.6004,79.6002,79.5986,79.5973,79.5968,79.5955,79.5935,79.5909,79.5885,79.5879,79.6139,79.9713,83.2863,104.081,176.646
83.0926,83.0919,83.0917,83.0929,83.0922,83.092,83.0922,83.0931,83.0927,83.0916,83.0926,83.0915,83.0924,83.0925,83.0916,83.0911,83.091,83.092,83.0912,83.0922,83.0934,83.0914,83.0901,83.0908,83.092,83.0919,83.0921,83.0921,83.0915,83.0909,83.0912,83.0903,83.0902,83.0897,83.0881,83.0876,83.0873,83.0855,83.084,83.0831,83.0817,83.0794,83.0765,83.0738,83.0729,83.0979,83.4507,86.7497,107.512,180.135
86.7333,86.7302,86.7321,86.7329,86.7326,86.7323,86.7316,86.7326,86.7329,86.7323,86.7331,86.7313,86.7327,86.7336,86.7328,86.7312,86.7318,86.733,86.732,86.7322,86.7339,86.7333,86.7311,86.7314,86.7327,86.7318,86.7323,86.7322,86.7316,86.7307,86.7308,86.7299,86.7296,86.729,86.727,86.7259,86.7257,86.7234,86.7218,86.7206,86.719,86.7164,86.7133,86.7104,86.7091,86.7334,87.0822,90.3652,111.094,183.776
90.5329,90.5317,90.5317,90.5328,90.5335,90.5334,90.5333,90.5318,90.5328,90.5323,90.5323,90.532,90.5331,90.5331,90.5315,90.5309,90.5321,90.5322,90.5316,90.5313,90.5321,90.5312,90.5298,90.5298,90.5324,90.5311,90.5307,90.5302,90.53,90.5284,90.5283,90.5272,90.5267,90.5257,90.5236,90.5224,90.5218,90.5192,90.5175,90.5161,90.5143,90.5115,90.5081,90.505,90.5036,90.5272,90.8723,94.1391,114.833,187.575
94.4988,94.4948,94.4962,94.4953,94.496,94.4969,94.4951,94.4957,94.4956,94.4947,94.4962,94.4956,94.4955,94.4959,94.495,94.4945,94.4959,94.4958,94.4952,94.495,94.4957,94.4946,94.4937,94.4946,94.4958,94.494,94.4937,94.4931,94.4926,94.4911,94.4905,94.4891,94.4883,94.4869,94.4846,94.4833,94.4827,94.4799,94.4781,94.4765,94.4746,94.4717,94.4679,94.4648,94.4632,94.4864,94.8281,98.0785,118.735,191.541
98.6392,98.6281,98.6297,98.63,98.6315,98.6315,98.6305,98.6317,98.6321,98.6288,98.6326,98.6312,98.6308,98.6293,98.6286,98.629,98.6322,98.6312,98.6307,98.6299,98.63,98.6301,98.6284,98.6297,98.6303,98.6277,98.6282,98.6263,98.6266,98.6255,98.6244,98.6226,98.6214,98.6199,98.6177,98.6163,98.6159,98.613,98.611,98.6092,98.6074,98.6044,98.6004,98.5972,98.5955,98.6184,98.9569,102.191,122.807,195.68
102.962,102.948,102.95,102.951,102.953,102.952,102.952,102.952,102.953,102.949,102.954,102.952,102.952,102.95,102.95,102.95,102.953,102.952,102.952,102.951,102.951,102.951,102.949,102.951,102.951,102.948,102.949,102.947,102.947,102.946,102.945,102.943,102.942,102.94,102.938,102.936,102.936,102.933,102.931,102.929,102.928,102.924,102.92,102.917,102.915,102.938,103.276,106.504,127.107,200.002
