SPACE_POINTS
-5.96046e-08,0.0273895,0.0534367,0.0782152,0.101796,0.124245,0.145627,0.166003,0.18543,0.203963,0.221655,0.238557,0.254716,0.270178,0.284988,0.299187,0.312815,0.325912,0.338514,0.350657,0.362376,0.373705,0.384674,0.395316,0.405661,0.415738,0.425575,0.435201,0.444643,0.453927,0.463081,0.47213,0.4811,0.490016,0.498903,0.507788,0.516695,0.525649,0.534676,0.543801,0.553051,0.562451,0.572029,0.581812,0.591827,0.602103,0.612668,0.623554,0.634791,0.646411,0.658446,0.670932,0.683903,0.697396,0.711451,0.726105,0.741403,0.757385,0.774099,0.791592,0.809913,0.829114,0.84925,0.870378,0.892558,0.915853,0.940329,0.966056,0.993107,1.02156,1.05149,1.08299,1.11615,1.15105,1.18781,1.22652,1.26729,1.31024,1.3555,1.40318,1.45343,1.50639,1.5622,1.62103,1.68305,1.74843,1.81735,1.89002,1.96664,2.04742,2.13259,2.2224,2.31711,2.41698,2.52229,2.63335,2.75046,2.87397,3.00423,3.14159
TIME_POINTS
0,0.0383838,0.0767677,0.115152,0.153535,0.191919,0.230303,0.268687,0.307071,0.345455,0.383838,0.422222,0.460606,0.49899,0.537374,0.575758,0.614141,0.652525,0.690909,0.729293,0.767677,0.806061,0.844444,0.882828,0.921212,0.959596,0.99798,1.03636,1.07475,1.11313,1.15152,1.1899,1.22828,1.26667,1.30505,1.34343,1.38182,1.4202,1.45859,1.49697,1.53535,1.57374,1.61212,1.65051,1.68889,1.72727,1.76566,1.80404,1.84242,1.88081,1.91919,1.95758,1.99596,2.03434,2.07273,2.11111,2.14949,2.18788,2.22626,2.26465,2.30303,2.34141,2.3798,2.41818,2.45657,2.49495,2.53333,2.57172,2.6101,2.64848,2.68687,2.72525,2.76364,2.80202,2.8404,2.87879,2.91717,2.95556,2.99394,3.03232,3.07071,3.10909,3.14747,3.18586,3.22424,3.26263,3.30101,3.33939,3.37778,3.41616,3.45455,3.49293,3.53131,3.5697,3.60808,3.64646,3.68485,3.72323,3.76162,3.8
VALUES
3,2.99887,2.99572,2.99083,2.98447,2.97687,2.96825,2.95876,2.94857,2.93781,2.9266,2.91504,2.9032,2.89117,2.879,2.86673,2.85441,2.84208,2.82975,2.81744,2.80517,2.79294,2.78076,2.76862,2.75653,2.74446,2.7324,2.72036,2.70829,2.6962,2.68404,2.6718,2.65946,2.64698,2.63432,2.62147,2.60837,2.595,2.5813,2.56725,2.55278,2.53785,2.52241,2.50641,2.48977,2.47244,2.45435,2.43542,2.41559,2.39475,2.37283,2.34973,2.32534,2.29955,2.27225,2.2433,2.21257,2.1799,2.14515,2.10814,2.06869,2.02659,1.98164,1.93361,1.88227,1.82734,1.76857,1.70565,1.63827,1.56611,1.48883,1.40606,1.31744,1.22258,1.12108,1.01255,0.896605,0.772849,0.640924,0.500501,0.351297,0.193099,0.0257842,-0.150652,-0.33606,-0.530102,-0.732202,-0.94149,-1.15675,-1.37633,-1.59812,-1.8194,-2.03681,-2.24626,-2.44285,-2.6208,-2.77344,-2.89321,-2.97174,-3
2.99162,2.9905,2.98789,2.98395,2.97886,2.97278,2.96585,2.95821,2.94998,2.94125,2.93211,2.92265,2.91292,2.90297,2.89287,2.88265,2.87234,2.86196,2.85155,2.84111,2.83066,2.8202,2.80973,2.79927,2.78879,2.7783,2.76779,2.75723,2.74663,2.73596,2.7252,2.71432,2.70331,2.69214,2.68078,2.66919,2.65735,2.64521,2.63274,2.61989,2.60662,2.59288,2.57861,2.56376,2.54827,2.53207,2.51509,2.49726,2.47849,2.45869,2.43777,2.41562,2.39214,2.3672,2.34066,2.31239,2.28223,2.25002,2.21557,2.1787,2.13919,2.09681,2.05134,2.0025,1.95003,1.89363,1.833,1.76781,1.69772,1.62239,1.54146,1.45457,1.36137,1.26152,1.15468,1.04058,0.918953,0.789611,0.652424,0.507346,0.354426,0.193808,0.0257419,-0.149425,-0.331255,-0.519243,-0.712834,-0.911443,-1.11447,-1.32125,-1.53099,-1.74263,-1.95451,-2.16401,-2.36706,-2.55759,-2.72714,-2.86473,-2.95733,-2.99085
2.96863,2.96808,2.9661,2.96305,2.9591,2.9544,2.94905,2.94313,2.93672,2.92989,2.9227,2.9152,2.90745,2.89948,2.89134,2.88304,2.87462,2.86611,2.8575,2.84883,2.8401,2.83132,2.82249,2.81361,2.80468,2.79569,2.78665,2.77753,2.76833,2.75902,2.7496,2.74004,2.73032,2.72041,2.7103,2.69995,2.68933,2.6784,2.66712,2.65545,2.64336,2.63078,2.61767,2.60397,2.58963,2.57456,2.55871,2.54198,2.52431,2.50558,2.4857,2.46457,2.44206,2.41804,2.39236,2.36489,2.33544,2.30383,2.26988,2.23335,2.19404,2.15167,2.10599,2.05672,2.00354,1.94614,1.88419,1.81732,1.74519,1.66742,1.58365,1.49353,1.39672,1.29292,1.18187,1.06337,0.937299,0.803643,0.662487,0.514044,0.358663,0.196815,0.0290898,-0.143845,-0.321293,-0.502596,-0.687221,-0.874849,-1.06544,-1.25923,-1.45668,-1.6582,-1.8637,-2.07194,-2.27964,-2.48052,-2.66451,-2.81759,-2.92254,-2.96177
2.93518,2.93461,2.9333,2.93115,2.92827,2.92477,2.92074,2.91626,2.91138,2.90614,2.90058,2.89475,2.88868,2.88238,2.8759,2.86924,2.86244,2.8555,2.84845,2.8413,2.83404,2.82671,2.81928,2.81177,2.80418,2.7965,2.78872,2.78085,2.77286,2.76475,2.75651,2.7481,2.73951,2.73073,2.72172,2.71245,2.70291,2.69305,2.68284,2.67224,2.6612,2.64968,2.63763,2.62498,2.61168,2.59766,2.58285,2.56716,2.55051,2.53281,2.51394,2.4938,2.47226,2.44917,2.4244,2.39778,2.36914,2.33827,2.30497,2.26901,2.23015,2.18811,2.14261,2.09334,2.03999,1.9822,1.91962,1.85188,1.7786,1.69942,1.61395,1.52184,1.42279,1.31652,1.20283,1.08159,0.952815,0.816607,0.673238,0.523134,0.366882,0.205225,0.0390247,-0.130793,-0.303319,-0.477776,-0.653652,-0.830845,-1.00978,-1.19143,-1.37726,-1.56892,-1.76761,-1.97325,-2.18322,-2.39112,-2.58567,-2.75042,-2.86502,-2.90952
2.89381,2.8934,2.89232,2.89078,2.88874,2.88621,2.88324,2.87986,2.87611,2.87206,2.8677,2.86309,2.85824,2.85318,2.84791,2.84247,2.83686,2.83111,2.82522,2.8192,2.81306,2.80681,2.80045,2.79399,2.78742,2.78074,2.77394,2.76702,2.75998,2.75279,2.74545,2.73794,2.73023,2.72232,2.71418,2.70579,2.6971,2.6881,2.67875,2.669,2.65882,2.64817,2.63698,2.6252,2.61278,2.59964,2.58572,2.57093,2.55518,2.53838,2.52041,2.50118,2.48054,2.45837,2.4345,2.40876,2.38098,2.35095,2.31846,2.28327,2.24512,2.20375,2.15885,2.1101,2.05717,1.99971,1.93734,1.86969,1.79637,1.717,1.63121,1.53866,1.43905,1.33214,1.21775,1.09585,0.96648,0.829875,0.686418,0.536681,0.381418,0.221551,0.0581261,-0.107754,-0.27504,-0.442877,-0.610772,-0.778773,-0.947617,-1.1188,-1.2945,-1.47717,-1.66897,-1.87062,-2.08002,-2.29076,-2.49083,-2.66232,-2.78316,-2.83116
2.84651,2.84633,2.84552,2.8442,2.84252,2.84051,2.83815,2.83544,2.83241,2.82906,2.82543,2.82153,2.81739,2.81304,2.80848,2.80374,2.79883,2.79377,2.78856,2.78321,2.77774,2.77214,2.76643,2.7606,2.75465,2.74859,2.7424,2.73609,2.72963,2.72304,2.71628,2.70935,2.70223,2.6949,2.68734,2.67952,2.67142,2.663,2.65424,2.64509,2.63552,2.62547,2.61491,2.60377,2.592,2.57953,2.56629,2.5522,2.53717,2.52111,2.50391,2.48546,2.46563,2.44428,2.42125,2.39639,2.36951,2.34041,2.30887,2.27465,2.23751,2.19715,2.15329,2.1056,2.05375,1.99739,1.93615,1.86965,1.7975,1.71933,1.63478,1.54351,1.44523,1.33973,1.22685,1.10657,0.979002,0.844404,0.703223,0.556094,0.403847,0.24748,0.0881207,-0.0730558,-0.234942,-0.396653,-0.557712,-0.718238,-0.879119,-1.04209,-1.20964,-1.38466,-1.56973,-1.76599,-1.97169,-2.18053,-2.38036,-2.55297,-2.67596,-2.72477
2.79484,2.79445,2.79376,2.7926,2.79097,2.78896,2.78663,2.78402,2.78112,2.77794,2.77448,2.77077,2.76682,2.76265,2.75827,2.75372,2.74898,2.7441,2.73907,2.73391,2.72862,2.72321,2.71769,2.71205,2.70631,2.70045,2.69447,2.68836,2.68214,2.67576,2.66924,2.66255,2.65567,2.64859,2.64129,2.63374,2.62592,2.61779,2.60933,2.6005,2.59126,2.58156,2.57136,2.5606,2.54924,2.5372,2.52441,2.51081,2.49629,2.48079,2.46418,2.44636,2.42721,2.40659,2.38436,2.36035,2.33438,2.30628,2.27581,2.24277,2.20689,2.16791,2.12553,2.07947,2.02938,1.97492,1.91575,1.85149,1.78178,1.70624,1.62454,1.53634,1.44136,1.33939,1.2303,1.11405,0.990755,0.860661,0.724204,0.582,0.434851,0.283728,0.129724,-0.0260194,-0.182427,-0.338635,-0.494175,-0.649161,-0.804449,-0.961718,-1.12338,-1.29227,-1.4709,-1.66043,-1.85921,-2.06121,-2.25482,-2.42269,-2.543,-2.58987
2.73857,2.7383,2.7373,2.7359,2.73408,2.7318,2.7291,2.72604,2.72269,2.71907,2.7152,2.7111,2.70678,2.70226,2.69754,2.69266,2.68761,2.68243,2.67711,2.67167,2.66612,2.66046,2.65471,2.64885,2.64291,2.63686,2.63071,2.62446,2.61808,2.61159,2.60495,2.59816,2.59121,2.58407,2.57672,2.56913,2.5613,2.55317,2.54473,2.53594,2.52676,2.51715,2.50706,2.49644,2.48524,2.4734,2.46085,2.44752,2.43333,2.41818,2.402,2.38467,2.36608,2.3461,2.3246,2.30141,2.27639,2.24934,2.22008,2.18838,2.15403,2.11676,2.07631,2.0324,1.98472,1.93295,1.87676,1.81581,1.74974,1.67823,1.60092,1.51752,1.42775,1.33139,1.22828,1.11839,1.00176,0.878586,0.749225,0.614188,0.474157,0.329969,0.182574,0.0329736,-0.117873,-0.269178,-0.420476,-0.571796,-0.723789,-0.877797,-1.03578,-1.20003,-1.37253,-1.55403,-1.74281,-1.93324,-2.1149,-2.27225,-2.38466,-2.4275
2.67718,2.67675,2.67559,2.67364,2.67115,2.66821,2.66482,2.66101,2.65682,2.6523,2.64751,2.64248,2.63726,2.63186,2.62631,2.62062,2.6148,2.60888,2.60286,2.59675,2.59056,2.58429,2.57794,2.57154,2.56505,2.5585,2.55186,2.54514,2.53833,2.53142,2.52439,2.51724,2.50993,2.50245,2.49479,2.48693,2.47882,2.47046,2.4618,2.45282,2.44347,2.43372,2.42352,2.41283,2.40159,2.38975,2.37725,2.36401,2.34998,2.33506,2.31917,2.30221,2.28408,2.26467,2.24384,2.22147,2.19742,2.1715,2.14356,2.11339,2.0808,2.04556,2.00743,1.96616,1.92148,1.8731,1.82071,1.76402,1.7027,1.63645,1.56494,1.48789,1.40502,1.31611,1.22097,1.1195,1.01169,0.897612,0.777484,0.651644,0.520572,0.384875,0.245266,0.102516,-0.0426077,-0.189439,-0.33752,-0.486721,-0.637338,-0.790136,-0.946289,-1.10714,-1.27371,-1.446,-1.62202,-1.79674,-1.96139,-2.10279,-2.20235,-2.23994
2.60905,2.60838,2.60676,2.60432,2.60103,2.59706,2.59257,2.58763,2.5823,2.57661,2.57061,2.56435,2.55787,2.55123,2.54447,2.53759,2.53064,2.52363,2.51656,2.50945,2.50231,2.49514,2.48794,2.4807,2.47344,2.46614,2.45879,2.4514,2.44394,2.43641,2.42879,2.42106,2.41322,2.40524,2.3971,2.38877,2.38024,2.37147,2.36242,2.35308,2.34341,2.33337,2.32292,2.31201,2.30059,2.28862,2.27604,2.26279,2.2488,2.234,2.21832,2.20166,2.18395,2.16507,2.14492,2.12338,2.10033,2.07563,2.04913,2.02066,1.99005,1.95712,1.92165,1.88343,1.84224,1.79782,1.74993,1.69829,1.64262,1.58264,1.51807,1.44863,1.37405,1.29409,1.20853,1.11718,1.01994,0.916736,0.807603,0.692653,0.572096,0.44624,0.315485,0.180304,0.0412104,-0.101287,-0.246738,-0.394808,-0.545323,-0.698291,-0.853839,-1.01205,-1.17269,-1.33472,-1.49577,-1.65151,-1.79506,-1.91576,-1.99869,-2.03023
2.53176,2.53107,2.52892,2.52566,2.52152,2.51654,2.51081,2.5045,2.49775,2.49063,2.48322,2.47557,2.46771,2.45969,2.45156,2.44334,2.43508,2.42678,2.41848,2.41019,2.40191,2.39366,2.38542,2.37721,2.36901,2.36082,2.35263,2.34443,2.33621,2.32795,2.31964,2.31127,2.3028,2.29422,2.28551,2.27665,2.2676,2.25836,2.24887,2.23912,2.22906,2.21867,2.2079,2.19672,2.18509,2.17294,2.16025,2.14694,2.13297,2.11827,2.10278,2.08643,2.06913,2.05081,2.03137,2.01073,1.98877,1.96538,1.94045,1.91383,1.8854,1.855,1.82247,1.78763,1.7503,1.71029,1.66738,1.62136,1.57198,1.51901,1.46219,1.40125,1.33594,1.26599,1.19112,1.1111,1.02568,0.93463,0.837776,0.734971,0.626117,0.511185,0.390217,0.263341,0.130781,-0.00713741,-0.149973,-0.297161,-0.448001,-0.60163,-0.756981,-0.912713,-1.06712,-1.218,-1.36253,-1.49708,-1.61652,-1.71304,-1.77721,-1.80195
2.44307,2.44205,2.43955,2.43555,2.43036,2.42426,2.41738,2.4098,2.40166,2.39308,2.38418,2.37505,2.36575,2.35634,2.34685,2.33732,2.32777,2.31824,2.30873,2.29927,2.28987,2.28053,2.27127,2.26206,2.25291,2.24382,2.23477,2.22576,2.21676,2.20777,2.19877,2.18973,2.18064,2.17148,2.16222,2.15283,2.14331,2.13361,2.1237,2.11356,2.10316,2.09247,2.08144,2.07004,2.05822,2.04596,2.03321,2.01991,2.00602,1.9915,1.97628,1.9603,1.94351,1.92584,1.90721,1.88756,1.8668,1.84485,1.82162,1.79702,1.77092,1.74324,1.71384,1.68261,1.64939,1.61405,1.57643,1.53635,1.49362,1.44804,1.3994,1.34745,1.29192,1.23252,1.16896,1.1009,1.02796,0.949778,0.865942,0.776039,0.679665,0.576436,0.466029,0.348213,0.222909,0.0902527,-0.0493311,-0.195051,-0.34567,-0.499437,-0.654062,-0.806749,-0.954294,-1.09331,-1.2205,-1.33269,-1.42632,-1.49702,-1.54194,-1.55912
2.34013,2.33903,2.33595,2.33139,2.32542,2.31828,2.31024,2.3015,2.29219,2.28241,2.27225,2.26184,2.25125,2.24056,2.22984,2.21913,2.20847,2.19786,2.18734,2.1769,2.16657,2.15634,2.14621,2.13618,2.12625,2.11642,2.10666,2.09697,2.08733,2.07773,2.06815,2.05857,2.04897,2.03934,2.02963,2.01985,2.00995,1.99991,1.9897,1.9793,1.96868,1.9578,1.94663,1.93514,1.92329,1.91106,1.89839,1.88525,1.87161,1.85741,1.84262,1.82718,1.81105,1.79419,1.77653,1.75803,1.73864,1.71828,1.69691,1.67445,1.65084,1.62601,1.59988,1.57236,1.54337,1.5128,1.48056,1.4465,1.41049,1.37236,1.33194,1.289,1.24328,1.19449,1.14227,1.08621,1.02585,0.960642,0.889994,0.813242,0.729689,0.638626,0.539383,0.431393,0.314289,0.188021,0.0529863,-0.0898219,-0.238677,-0.391014,-0.543424,-0.691771,-0.831487,-0.958085,-1.06771,-1.15741,-1.22507,-1.27045,-1.2969,-1.30617
2.22072,2.21952,2.2162,2.21102,2.20446,2.19668,2.18784,2.17818,2.16792,2.15722,2.14618,2.13489,2.12343,2.11188,2.1003,2.08875,2.07726,2.06587,2.05461,2.04349,2.03252,2.02168,2.01101,2.00046,1.99006,1.97977,1.96959,1.9595,1.9495,1.93957,1.92968,1.91981,1.90995,1.90007,1.89016,1.88019,1.87014,1.85997,1.84968,1.83922,1.82858,1.81773,1.80663,1.79526,1.78359,1.77158,1.75922,1.74646,1.73326,1.71961,1.70547,1.69079,1.67555,1.65972,1.64325,1.62611,1.60827,1.58969,1.57033,1.55017,1.52917,1.50729,1.48448,1.46071,1.43593,1.41009,1.38311,1.35492,1.32542,1.29449,1.26197,1.22766,1.19134,1.15268,1.11131,1.06677,1.01849,0.965825,0.907999,0.844156,0.773354,0.69461,0.606963,0.509564,0.401797,0.283444,0.154864,0.0172033,-0.127421,-0.275797,-0.423612,-0.565648,-0.696235,-0.809936,-0.902279,-0.97032,-1.01359,-1.03615,-1.04578,-1.04765
2.08322,2.08186,2.07841,2.07308,2.06612,2.05793,2.04875,2.03874,2.02805,2.01687,2.00535,1.99363,1.98178,1.96988,1.95797,1.94611,1.93433,1.92266,1.91113,1.89976,1.88856,1.87753,1.86667,1.85599,1.84547,1.8351,1.82486,1.81476,1.80476,1.79484,1.78499,1.77518,1.76541,1.75565,1.74586,1.73605,1.72617,1.7162,1.70613,1.69593,1.68558,1.67504,1.66431,1.65335,1.64213,1.63064,1.61885,1.60673,1.59427,1.58143,1.56819,1.55453,1.54043,1.52587,1.51082,1.49527,1.47919,1.46259,1.44543,1.42771,1.40941,1.39053,1.37106,1.35099,1.33031,1.309,1.28703,1.26436,1.24093,1.21666,1.19142,1.16504,1.1373,1.1079,1.07644,1.04244,1.00528,0.964222,0.918393,0.86679,0.808303,0.741756,0.66598,0.579915,0.482763,0.374165,0.254439,0.124809,-0.0123664,-0.153459,-0.293567,-0.426759,-0.546602,-0.646908,-0.722597,-0.770817,-0.793007,-0.796653,-0.791911,-0.787811
1.92659,1.92537,1.92184,1.91655,1.90976,1.90163,1.89247,1.88256,1.87206,1.86108,1.84976,1.8382,1.82651,1.81479,1.80311,1.7915,1.78001,1.76865,1.75745,1.7464,1.73553,1.72484,1.71432,1.70398,1.69381,1.6838,1.67394,1.66421,1.6546,1.6451,1.63569,1.62634,1.61704,1.60776,1.59849,1.58921,1.57988,1.5705,1.56104,1.55147,1.54178,1.53194,1.52194,1.51175,1.50135,1.49072,1.47985,1.46872,1.4573,1.44558,1.43356,1.42121,1.40852,1.39549,1.38211,1.36836,1.35426,1.3398,1.32498,1.3098,1.29429,1.27844,1.26227,1.24579,1.22901,1.21196,1.19462,1.17698,1.15902,1.14069,1.12188,1.10246,1.08222,1.06088,1.03806,1.01327,0.985893,0.955156,0.920141,0.879782,0.832891,0.778197,0.714422,0.640393,0.5552,0.458398,0.350244,0.231958,0.105958,-0.0239899,-0.152773,-0.274171,-0.381365,-0.467677,-0.527637,-0.55885,-0.564566,-0.553955,-0.538208,-0.530109
1.75122,1.74999,1.74682,1.74182,1.73543,1.72794,1.71947,1.71022,1.7004,1.6902,1.67972,1.66905,1.65826,1.64742,1.63661,1.62586,1.61523,1.60474,1.59442,1.58428,1.57431,1.56453,1.55492,1.54547,1.53619,1.52706,1.51806,1.50921,1.50047,1.49183,1.48328,1.47479,1.46637,1.45797,1.4496,1.44123,1.43284,1.42442,1.41594,1.40738,1.39874,1.38999,1.38111,1.37207,1.36288,1.3535,1.34393,1.33416,1.32416,1.31393,1.30346,1.29275,1.28179,1.27057,1.25911,1.24741,1.23547,1.22331,1.21095,1.1984,1.18569,1.17283,1.15987,1.14682,1.13371,1.12056,1.1074,1.09423,1.08105,1.06782,1.05447,1.04089,1.02691,1.01228,0.996641,0.979542,0.960393,0.938462,0.912859,0.882544,0.846344,0.803001,0.751239,0.689878,0.617981,0.535062,0.441312,0.337851,0.226963,0.112255,-0.00134138,-0.107746,-0.20015,-0.27177,-0.317247,-0.335038,-0.329471,-0.309545,-0.287033,-0.276912
1.55825,1.55722,1.5544,1.55019,1.54466,1.53811,1.53081,1.5229,1.51446,1.50563,1.49657,1.48736,1.4781,1.46882,1.45956,1.45037,1.44126,1.43227,1.42341,1.41471,1.40618,1.3978,1.38959,1.38154,1.37365,1.36589,1.35827,1.35076,1.34336,1.33604,1.32881,1.32164,1.31451,1.30742,1.30036,1.2933,1.28623,1.27913,1.27201,1.26483,1.25759,1.25026,1.24285,1.23533,1.22769,1.21992,1.21201,1.20395,1.19572,1.18733,1.17877,1.17003,1.16111,1.15202,1.14276,1.13334,1.12378,1.11409,1.10431,1.09444,1.08454,1.07461,1.06472,1.05488,1.04514,1.03552,1.02606,1.01676,1.00763,0.998657,0.989785,0.980927,0.971943,0.962628,0.952686,0.941722,0.929217,0.914531,0.896878,0.875332,0.848841,0.816264,0.776439,0.72828,0.670916,0.603861,0.52723,0.441957,0.350011,0.254552,0.159978,0.0718341,-0.00352693,-0.0597787,-0.0923319,-0.100595,-0.0887727,-0.0645478,-0.0399618,-0.0294675
1.35012,1.34936,1.34718,1.34383,1.3396,1.33456,1.32883,1.32264,1.31613,1.30934,1.30234,1.29519,1.28799,1.28077,1.27361,1.26651,1.2595,1.25259,1.24578,1.23909,1.23251,1.22605,1.21972,1.21351,1.20742,1.20145,1.19558,1.18982,1.18414,1.17854,1.17302,1.16754,1.16211,1.15671,1.15133,1.14596,1.14059,1.1352,1.12978,1.12432,1.11882,1.11327,1.10765,1.10195,1.09617,1.09031,1.08436,1.0783,1.07214,1.06586,1.05948,1.05299,1.04639,1.03968,1.03287,1.02598,1.019,1.01196,1.00488,0.997783,0.9907,0.983665,0.976713,0.969881,0.963212,0.956741,0.950494,0.94449,0.938735,0.933221,0.927914,0.922746,0.91761,0.912348,0.906738,0.900475,0.893158,0.884278,0.873216,0.85924,0.84151,0.819106,0.791081,0.756541,0.714753,0.665278,0.608147,0.544034,0.474445,0.401864,0.329865,0.263088,0.206913,0.166511,0.145156,0.142843,0.156559,0.180175,0.202425,0.211958
1.1303,1.12973,1.12837,1.12623,1.12342,1.12019,1.11657,1.11258,1.10833,1.10393,1.09944,1.09488,1.09028,1.08565,1.08102,1.07644,1.07191,1.06746,1.0631,1.05882,1.05462,1.05051,1.04647,1.04251,1.03861,1.03479,1.03104,1.02734,1.02371,1.02013,1.01659,1.01309,1.00963,1.00619,1.00278,0.999376,0.995969,0.992561,0.98914,0.9857,0.982235,0.978733,0.975192,0.971605,0.967972,0.964278,0.960529,0.95672,0.952852,0.948926,0.944939,0.940895,0.9368,0.932657,0.92847,0.924246,0.919997,0.915734,0.911471,0.907218,0.903001,0.898841,0.894765,0.890804,0.886985,0.883343,0.87991,0.876707,0.873745,0.87102,0.868512,0.866182,0.863958,0.861731,0.859355,0.856638,0.853322,0.849078,0.843499,0.836101,0.82633,0.813571,0.79718,0.776532,0.751092,0.720511,0.684732,0.644127,0.599637,0.552926,0.506514,0.46377,0.428529,0.404155,0.392427,0.393339,0.405451,0.424058,0.440538,0.447913
0.902792,0.90264,0.902051,0.901276,0.900245,0.898962,0.897566,0.896096,0.894517,0.892838,0.891101,0.889353,0.887612,0.885882,0.884159,0.882442,0.880734,0.879041,0.877377,0.875744,0.874151,0.872595,0.871083,0.869608,0.868167,0.866753,0.865357,0.863988,0.862633,0.8613,0.859981,0.858672,0.857377,0.85609,0.854811,0.853536,0.852273,0.851007,0.849745,0.848481,0.847209,0.845933,0.844646,0.843348,0.842034,0.840707,0.839359,0.837992,0.836603,0.835193,0.833767,0.832326,0.83087,0.829407,0.827942,0.826481,0.825031,0.823597,0.822187,0.820812,0.819476,0.818186,0.816956,0.815794,0.814717,0.813739,0.812876,0.81215,0.81158,0.811175,0.810933,0.810839,0.810869,0.810979,0.811106,0.811167,0.811062,0.810665,0.809818,0.808321,0.805948,0.80244,0.797515,0.790872,0.782226,0.771343,0.758101,0.742554,0.725049,0.706348,0.687732,0.67093,0.657716,0.649293,0.64615,0.64866,0.656602,0.666939,0.675534,0.679661
0.672467,0.67259,0.673006,0.673526,0.674283,0.675193,0.676146,0.677174,0.678312,0.679523,0.680751,0.681973,0.683193,0.68442,0.68566,0.686903,0.688141,0.689363,0.690556,0.691724,0.692863,0.693983,0.695076,0.69615,0.697207,0.69825,0.699289,0.700311,0.701329,0.70233,0.70332,0.704304,0.705276,0.706244,0.707204,0.708167,0.709122,0.710085,0.711048,0.712021,0.713009,0.714009,0.715026,0.716063,0.717123,0.718206,0.719316,0.720452,0.721617,0.722809,0.724026,0.725267,0.726538,0.727834,0.729158,0.730512,0.731896,0.733312,0.734763,0.736248,0.737768,0.739323,0.740906,0.742513,0.744138,0.745778,0.747431,0.749096,0.750782,0.752511,0.754302,0.756177,0.758162,0.760286,0.762585,0.765097,0.767877,0.770999,0.77456,0.778666,0.78343,0.788963,0.79536,0.802679,0.810913,0.819977,0.829711,0.839886,0.85027,0.860684,0.871009,0.881028,0.890171,0.897544,0.902696,0.906223,0.908533,0.909068,0.908956,0.909076
0.444162,0.444609,0.445857,0.447822,0.450251,0.453164,0.456493,0.460075,0.463829,0.467745,0.471806,0.475956,0.480137,0.484308,0.488446,0.492548,0.496609,0.500623,0.504587,0.508489,0.512321,0.516072,0.519748,0.523347,0.526878,0.530342,0.53374,0.537088,0.540383,0.543644,0.546872,0.550072,0.553254,0.556419,0.559579,0.562728,0.565886,0.569047,0.572227,0.575426,0.578647,0.581903,0.585197,0.588538,0.591929,0.595378,0.598888,0.60247,0.606121,0.609851,0.61366,0.61755,0.621515,0.625557,0.629666,0.633838,0.638067,0.642345,0.646664,0.651014,0.655387,0.65977,0.664157,0.668531,0.672874,0.67717,0.681404,0.685563,0.68964,0.693638,0.697592,0.701557,0.705612,0.709861,0.714439,0.719524,0.725327,0.732116,0.740218,0.750026,0.761981,0.776545,0.794174,0.815275,0.840133,0.868841,0.901243,0.936891,0.975014,1.01446,1.05361,1.09016,1.1213,1.14443,1.15829,1.16313,1.15976,1.15094,1.14242,1.13843
0.22263,0.223426,0.225448,0.228573,0.232661,0.237423,0.242762,0.248619,0.254848,0.261309,0.267921,0.27465,0.281461,0.288303,0.29513,0.301895,0.308573,0.315149,0.321614,0.327968,0.33421,0.34035,0.346378,0.352299,0.358107,0.36381,0.369416,0.374928,0.380361,0.385718,0.391012,0.396256,0.40146,0.406639,0.411799,0.416965,0.422135,0.42733,0.43255,0.437812,0.443127,0.4485,0.453942,0.459459,0.46506,0.470757,0.476555,0.482457,0.488476,0.494612,0.500873,0.507261,0.513781,0.520428,0.527203,0.534098,0.541099,0.548191,0.555357,0.562581,0.569836,0.577102,0.584353,0.59157,0.598735,0.605824,0.612819,0.619705,0.626477,0.633141,0.639723,0.646288,0.652953,0.659888,0.667322,0.675555,0.684962,0.695994,0.709189,0.725174,0.744669,0.768447,0.797281,0.831885,0.872819,0.920376,0.974453,1.03444,1.09906,1.16619,1.23269,1.2944,1.34669,1.38567,1.40911,1.41635,1.40895,1.393,1.37743,1.37005
0.012292,0.0132495,0.0160048,0.0201311,0.0254496,0.0318128,0.038932,0.0466255,0.0548142,0.0633895,0.0722162,0.0811739,0.0901907,0.0992253,0.108242,0.11721,0.126092,0.134858,0.143486,0.151963,0.160283,0.168441,0.176445,0.1843,0.192022,0.199617,0.207093,0.21446,0.221723,0.228901,0.236001,0.243037,0.250022,0.256971,0.263903,0.270822,0.277753,0.284706,0.291707,0.298766,0.305895,0.313114,0.320437,0.327877,0.335448,0.343154,0.35101,0.359028,0.36721,0.375566,0.384097,0.392808,0.401701,0.410782,0.420043,0.429483,0.439097,0.448873,0.458796,0.468837,0.478977,0.489182,0.499418,0.509654,0.519857,0.530007,0.540087,0.550087,0.560017,0.569901,0.579784,0.589745,0.599913,0.610496,0.621792,0.634191,0.648197,0.664424,0.683597,0.706537,0.734174,0.767512,0.807582,0.855348,0.911602,0.976821,1.05098,1.13334,1.22214,1.31436,1.40557,1.49021,1.56247,1.6174,1.65145,1.66307,1.65491,1.6354,1.61524,1.60583
-0.183402,-0.182193,-0.17904,-0.174101,-0.167802,-0.160379,-0.151965,-0.142802,-0.133122,-0.123044,-0.112652,-0.10204,-0.0913162,-0.0805752,-0.0698771,-0.0592613,-0.0487496,-0.038361,-0.0281111,-0.018019,-0.00809905,0.0016474,0.0112151,0.0206117,0.0298376,0.0389045,0.0478271,0.0566217,0.0653061,0.073894,0.0824031,0.0908487,0.0992496,0.107619,0.115971,0.124332,0.132713,0.141136,0.149609,0.158159,0.166803,0.175559,0.184446,0.193481,0.202681,0.212071,0.221662,0.231465,0.241501,0.251773,0.2623,0.273082,0.284124,0.295423,0.306983,0.318799,0.330866,0.343178,0.355724,0.368496,0.381469,0.394624,0.407934,0.421365,0.434886,0.448465,0.462086,0.475749,0.48947,0.503291,0.517294,0.531595,0.546357,0.561808,0.578271,0.596192,0.616143,0.638841,0.665143,0.69603,0.732581,0.775954,0.827345,0.887898,0.958574,1.03998,1.13214,1.23416,1.34387,1.45756,1.56997,1.6748,1.76556,1.83628,1.88209,1.90095,1.89652,1.87784,1.85669,1.84694
-0.361692,-0.360409,-0.356903,-0.351614,-0.344701,-0.336539,-0.327416,-0.317462,-0.306841,-0.295763,-0.284391,-0.272819,-0.261109,-0.249329,-0.23755,-0.225839,-0.214246,-0.2028,-0.191523,-0.180415,-0.169477,-0.158713,-0.148123,-0.137707,-0.127458,-0.117366,-0.107422,-0.0976167,-0.0879328,-0.0783538,-0.0688606,-0.0594309,-0.0500478,-0.0406854,-0.0313181,-0.0219353,-0.0125091,-0.00302316,0.00655224,0.0162312,0.0260337,0.0359813,0.0460945,0.0563937,0.0669027,0.0776324,0.0886121,0.0998629,0.111399,0.123246,0.135414,0.147921,0.160784,0.174013,0.187611,0.201583,0.215925,0.230634,0.245706,0.261132,0.276908,0.293025,0.309471,0.326237,0.343312,0.360682,0.378335,0.396273,0.414523,0.433142,0.452224,0.471919,0.492439,0.514053,0.537108,0.562057,0.589491,0.62015,0.654938,0.694912,0.74125,0.7952,0.858036,0.930984,1.01509,1.11099,1.21867,1.33707,1.46374,1.59465,1.72431,1.84628,1.95371,2.03972,2.09855,2.12823,2.13254,2.1197,2.10193,2.09357
-0.521044,-0.51975,-0.516179,-0.510691,-0.503692,-0.495339,-0.485906,-0.475686,-0.464838,-0.45347,-0.441719,-0.429738,-0.417641,-0.405499,-0.393356,-0.381252,-0.369227,-0.357319,-0.345553,-0.333955,-0.32254,-0.311309,-0.300256,-0.289367,-0.278634,-0.268048,-0.257597,-0.247264,-0.237037,-0.226898,-0.216831,-0.20682,-0.196839,-0.186873,-0.176902,-0.166895,-0.15683,-0.14668,-0.136426,-0.126037,-0.115488,-0.104753,-0.0938077,-0.0826264,-0.0711898,-0.0594638,-0.0474342,-0.0350764,-0.0223634,-0.00927635,0.00421444,0.0181295,0.0324907,0.0473209,0.0626448,0.0784787,0.0948416,0.111746,0.129197,0.147201,0.165757,0.184872,0.204555,0.224813,0.245661,0.267122,0.289223,0.311993,0.335478,0.359747,0.384907,0.411114,0.438592,0.467647,0.498663,0.532102,0.568537,0.608674,0.653377,0.703668,0.760726,0.825817,0.900223,0.98515,1.08159,1.19012,1.31058,1.44176,1.58116,1.72488,1.86777,2.00367,2.12555,2.22607,2.29941,2.34371,2.36168,2.35996,2.35023,2.3449
-0.661044,-0.659734,-0.656314,-0.65102,-0.644161,-0.636098,-0.626985,-0.616999,-0.60638,-0.595308,-0.583881,-0.572176,-0.560294,-0.548331,-0.536367,-0.52445,-0.51261,-0.500864,-0.489236,-0.477736,-0.466377,-0.455164,-0.444106,-0.433205,-0.422452,-0.411837,-0.401339,-0.390949,-0.380641,-0.370402,-0.360211,-0.350044,-0.339888,-0.329717,-0.319505,-0.309237,-0.298888,-0.288433,-0.277843,-0.267095,-0.25616,-0.245009,-0.233611,-0.221938,-0.209951,-0.197629,-0.184931,-0.171829,-0.158293,-0.14429,-0.129794,-0.114771,-0.0991903,-0.0830221,-0.0662344,-0.0487902,-0.0306568,-0.0117983,0.00782397,0.0282436,0.04949,0.0715918,0.0945748,0.118471,0.143319,0.169165,0.196073,0.224124,0.253406,0.284025,0.316109,0.349827,0.385393,0.423096,0.463316,0.506531,0.55329,0.604247,0.660169,0.72196,0.790667,0.867454,0.953516,1.04994,1.15755,1.27671,1.40711,1.5475,1.69559,1.84801,2.00029,2.14678,2.28067,2.39492,2.48428,2.5466,2.58267,2.59729,2.59989,2.59916
-0.78218,-0.781043,-0.777832,-0.772995,-0.766711,-0.759201,-0.750777,-0.741599,-0.73176,-0.721422,-0.710747,-0.699848,-0.688779,-0.67759,-0.666336,-0.655077,-0.643866,-0.632741,-0.621713,-0.610794,-0.599985,-0.589292,-0.578711,-0.568238,-0.557868,-0.547596,-0.537419,-0.527318,-0.517287,-0.507301,-0.497343,-0.487395,-0.477424,-0.467413,-0.457339,-0.447173,-0.43689,-0.426464,-0.415869,-0.405076,-0.39406,-0.382788,-0.37123,-0.359351,-0.347125,-0.334505,-0.321461,-0.307948,-0.293924,-0.279348,-0.264175,-0.24836,-0.23186,-0.214624,-0.19661,-0.177772,-0.158059,-0.137417,-0.11579,-0.0931153,-0.0693214,-0.0443406,-0.018102,0.00946493,0.0384327,0.0688805,0.100897,0.134588,0.170088,0.207553,0.247154,0.289088,0.333583,0.380902,0.431373,0.485416,0.543549,0.606357,0.674503,0.748729,0.82986,0.918811,1.01653,1.12386,1.24137,1.36919,1.50688,1.65329,1.80659,1.96415,2.12232,2.27618,2.41972,2.54705,2.65365,2.73652,2.79443,2.82993,2.84826,2.85363
-0.886047,-0.885007,-0.882262,-0.877955,-0.872458,-0.865923,-0.858463,-0.850312,-0.841645,-0.832525,-0.823025,-0.813248,-0.803302,-0.793258,-0.783152,-0.77301,-0.762853,-0.752707,-0.742608,-0.732576,-0.722629,-0.712763,-0.702982,-0.693276,-0.683641,-0.674066,-0.664533,-0.655041,-0.645564,-0.636098,-0.626626,-0.617125,-0.607585,-0.597981,-0.588287,-0.578477,-0.568527,-0.558405,-0.548084,-0.537531,-0.52671,-0.51559,-0.504135,-0.492312,-0.480076,-0.467396,-0.454224,-0.440521,-0.426239,-0.411325,-0.395723,-0.379376,-0.362219,-0.344192,-0.32522,-0.305232,-0.284155,-0.261913,-0.238427,-0.213611,-0.187379,-0.159622,-0.130226,-0.0990689,-0.0660228,-0.0309562,0.0062667,0.0457883,0.0877624,0.13237,0.179824,0.230356,0.284219,0.341689,0.403058,0.468655,0.538879,0.614215,0.695197,0.782387,0.876359,0.977679,1.08689,1.20444,1.33061,1.46529,1.60803,1.75796,1.9138,2.07365,2.23473,2.39314,2.54442,2.68424,2.80864,2.91357,2.99608,3.05566,3.09206,3.10474
-0.974694,-0.973836,-0.971514,-0.967993,-0.963348,-0.957849,-0.951648,-0.944789,-0.937395,-0.929623,-0.921553,-0.913222,-0.90467,-0.895956,-0.887147,-0.878287,-0.869402,-0.86051,-0.851614,-0.842723,-0.833842,-0.824989,-0.816168,-0.807387,-0.798638,-0.789913,-0.781209,-0.772503,-0.763792,-0.755048,-0.746258,-0.737408,-0.728471,-0.71943,-0.710264,-0.700954,-0.69147,-0.68179,-0.671878,-0.661706,-0.651243,-0.640449,-0.629283,-0.617701,-0.605664,-0.593119,-0.580021,-0.56631,-0.551936,-0.53684,-0.520963,-0.504236,-0.486585,-0.467927,-0.44818,-0.427248,-0.405028,-0.381409,-0.356276,-0.329512,-0.300985,-0.27057,-0.238126,-0.203493,-0.166498,-0.126954,-0.0846611,-0.0394134,0.00899375,0.0607679,0.116131,0.175331,0.238638,0.306334,0.378712,0.456057,0.538638,0.626756,0.720751,0.820966,0.927697,1.04115,1.1614,1.28843,1.42215,1.56231,1.70853,1.8603,2.01684,2.17691,2.33863,2.4996,2.65727,2.80891,2.95083,3.0783,3.18684,3.27193,3.32757,3.34823
-1.05062,-1.04997,-1.04812,-1.04529,-1.04165,-1.03722,-1.03218,-1.02666,-1.02069,-1.01432,-1.00763,-1.00072,-0.993621,-0.986359,-0.978945,-0.971416,-0.963809,-0.956151,-0.948462,-0.940752,-0.933029,-0.925285,-0.917523,-0.909734,-0.901923,-0.894091,-0.886229,-0.87834,-0.870401,-0.862411,-0.85435,-0.846194,-0.837932,-0.829538,-0.82099,-0.812256,-0.803317,-0.79414,-0.784702,-0.774969,-0.764903,-0.754471,-0.743634,-0.732351,-0.720569,-0.708238,-0.695301,-0.6817,-0.667364,-0.652223,-0.636198,-0.61921,-0.601172,-0.581996,-0.561575,-0.539804,-0.516563,-0.491719,-0.46513,-0.436632,-0.40606,-0.373233,-0.337964,-0.300064,-0.259329,-0.215536,-0.168442,-0.117793,-0.0633128,-0.00472801,0.0582215,0.125791,0.198244,0.275845,0.358865,0.447556,0.542126,0.642703,0.749367,0.862162,0.98106,1.10591,1.23642,1.37212,1.51257,1.65738,1.80629,1.95903,2.11523,2.27428,2.43542,2.59795,2.76123,2.92376,3.0822,3.23164,3.36593,3.47608,3.55089,3.57949
-1.11645,-1.11591,-1.11454,-1.11236,-1.10951,-1.10613,-1.1022,-1.0978,-1.09306,-1.08801,-1.08266,-1.07703,-1.07117,-1.06516,-1.05901,-1.05274,-1.04634,-1.03983,-1.03323,-1.02656,-1.01983,-1.01305,-1.00622,-0.999351,-0.992427,-0.98544,-0.978387,-0.971249,-0.964032,-0.956714,-0.94929,-0.94175,-0.934072,-0.92624,-0.918229,-0.910022,-0.901586,-0.892896,-0.88391,-0.874599,-0.864929,-0.854853,-0.844332,-0.833315,-0.821759,-0.809607,-0.796804,-0.783279,-0.768968,-0.753787,-0.737655,-0.720473,-0.702137,-0.682532,-0.661544,-0.639038,-0.614877,-0.588915,-0.560984,-0.530913,-0.498503,-0.463538,-0.425783,-0.384988,-0.340897,-0.293251,-0.241777,-0.186186,-0.126176,-0.061423,0.00840149,0.0836023,0.164451,0.251195,0.344047,0.443188,0.54875,0.660759,0.779084,0.903444,1.03345,1.16861,1.30831,1.45185,1.5985,1.74771,1.89917,2.05274,2.20839,2.36621,2.52668,2.69077,2.85923,3.0315,3.20491,3.37466,3.53255,3.66556,3.75814,3.79392
-1.17443,-1.17406,-1.17295,-1.17133,-1.16914,-1.16645,-1.1634,-1.15998,-1.15617,-1.15205,-1.14769,-1.1431,-1.13828,-1.13323,-1.128,-1.12262,-1.11712,-1.11151,-1.10578,-1.09993,-1.09399,-1.08794,-1.08181,-1.07559,-1.0693,-1.06292,-1.05645,-1.0499,-1.04323,-1.03645,-1.02953,-1.02246,-1.01523,-1.00781,-1.00019,-0.992336,-0.984238,-0.975858,-0.967175,-0.95815,-0.948741,-0.938911,-0.928608,-0.917787,-0.906387,-0.894346,-0.881601,-0.868086,-0.853717,-0.838419,-0.822098,-0.804658,-0.785986,-0.765961,-0.744442,-0.721285,-0.696326,-0.669386,-0.640282,-0.608809,-0.574752,-0.53788,-0.497941,-0.454654,-0.407713,-0.356798,-0.30158,-0.241733,-0.176923,-0.106817,-0.0310708,0.0506663,0.138715,0.23333,0.334695,0.442905,0.557959,0.679762,0.808055,0.942353,1.08197,1.2261,1.37388,1.52445,1.67697,1.83068,1.98508,2.14001,2.29575,2.4532,2.61403,2.78035,2.95382,3.13464,3.32108,3.50827,3.68592,3.83812,3.94569,3.98734
-1.22639,-1.22607,-1.22521,-1.22381,-1.22203,-1.21983,-1.21722,-1.2143,-1.21109,-1.20757,-1.20375,-1.19969,-1.19542,-1.19097,-1.18631,-1.18147,-1.17645,-1.17127,-1.16598,-1.16058,-1.15507,-1.14945,-1.14371,-1.13787,-1.13191,-1.12584,-1.11966,-1.11336,-1.10695,-1.1004,-1.09371,-1.08686,-1.07985,-1.07263,-1.06519,-1.05751,-1.04956,-1.04131,-1.03272,-1.02377,-1.01442,-1.00462,-0.994325,-0.983492,-0.972062,-0.959973,-0.947153,-0.933523,-0.919005,-0.9035,-0.886911,-0.869128,-0.850037,-0.829511,-0.807414,-0.783585,-0.757854,-0.730033,-0.699907,-0.66725,-0.631817,-0.593345,-0.551558,-0.506167,-0.456858,-0.403287,-0.345082,-0.281862,-0.213241,-0.13885,-0.0583384,0.0286271,0.122371,0.223172,0.33122,0.446573,0.56914,0.698668,0.834774,0.976894,1.12423,1.27581,1.43056,1.58747,1.7456,1.90405,2.0621,2.21952,2.3769,2.53583,2.69879,2.86846,3.04696,3.23529,3.43244,3.63306,3.82539,3.9919,4.11042,4.15633
-1.27336,-1.27304,-1.2722,-1.2709,-1.26911,-1.26698,-1.26449,-1.26162,-1.25843,-1.25498,-1.25128,-1.24729,-1.24305,-1.2386,-1.23397,-1.22917,-1.2242,-1.21908,-1.2138,-1.20837,-1.20282,-1.19716,-1.19139,-1.18553,-1.17955,-1.17346,-1.16725,-1.16091,-1.15443,-1.1478,-1.14102,-1.13408,-1.12694,-1.11961,-1.11206,-1.10426,-1.09619,-1.08781,-1.0791,-1.07,-1.06049,-1.05051,-1.04001,-1.02895,-1.01726,-1.00489,-0.991764,-0.977811,-0.962938,-0.947061,-0.93007,-0.911851,-0.892273,-0.871197,-0.848472,-0.823942,-0.797428,-0.768736,-0.737658,-0.703962,-0.667383,-0.627643,-0.584434,-0.53743,-0.486297,-0.430692,-0.370248,-0.30457,-0.233247,-0.155864,-0.0720259,0.0186116,0.116337,0.221398,0.333974,0.454133,0.581781,0.716624,0.858174,1.00581,1.15878,1.3161,1.47665,1.63923,1.80274,1.96617,2.12877,2.29031,2.45158,2.6145,2.78175,2.9561,3.13997,3.3349,3.54,3.74928,3.95049,4.12544,4.25006,4.29839
-1.31546,-1.31512,-1.31412,-1.31258,-1.31057,-1.30805,-1.30515,-1.30192,-1.29831,-1.29436,-1.29013,-1.28568,-1.28099,-1.27607,-1.27093,-1.26561,-1.26013,-1.25452,-1.24878,-1.24292,-1.23693,-1.23082,-1.2246,-1.21826,-1.21183,-1.20529,-1.19864,-1.19189,-1.18501,-1.178,-1.17083,-1.16348,-1.15595,-1.14822,-1.14025,-1.13202,-1.12352,-1.11471,-1.10556,-1.09602,-1.08607,-1.07565,-1.06472,-1.05321,-1.04106,-1.02821,-1.01458,-1.00009,-0.984662,-0.9682,-0.950603,-0.931756,-0.911537,-0.889806,-0.866406,-0.841161,-0.813888,-0.784386,-0.752439,-0.71781,-0.680252,-0.639487,-0.595211,-0.547092,-0.49477,-0.437867,-0.376007,-0.308811,-0.235887,-0.15683,-0.0712363,0.021282,0.121044,0.22827,0.343105,0.465611,0.595731,0.733257,0.877768,1.02864,1.18515,1.34641,1.51139,1.67882,1.84744,2.01616,2.18434,2.35191,2.51965,2.68926,2.86304,3.04358,3.23338,3.43397,3.64391,3.85681,4.06081,4.23776,4.36332,4.41211
-1.35198,-1.35148,-1.35021,-1.34817,-1.34551,-1.34234,-1.33862,-1.33445,-1.32992,-1.32506,-1.31986,-1.31436,-1.30863,-1.3027,-1.2966,-1.29033,-1.28388,-1.27729,-1.27058,-1.26378,-1.2569,-1.24992,-1.24287,-1.23572,-1.22849,-1.22115,-1.21371,-1.20617,-1.19852,-1.19074,-1.18284,-1.17478,-1.16655,-1.15812,-1.14948,-1.14058,-1.1314,-1.1219,-1.11206,-1.10183,-1.09117,-1.08004,-1.06838,-1.05615,-1.04329,-1.02972,-1.01538,-1.00017,-0.984017,-0.966815,-0.948461,-0.928839,-0.907827,-0.88529,-0.861085,-0.83505,-0.806999,-0.776731,-0.744023,-0.708638,-0.670316,-0.628789,-0.583767,-0.534941,-0.481975,-0.424503,-0.36213,-0.294457,-0.221098,-0.141679,-0.0558326,0.0368038,0.13658,0.243783,0.358588,0.481065,0.611202,0.748885,0.893879,1.04573,1.20377,1.3672,1.53508,1.7063,1.87964,2.05403,2.22894,2.4044,2.58098,2.75971,2.94218,3.13049,3.32679,3.53189,3.74348,3.95519,4.15597,4.32847,4.45003,4.49723
-1.38115,-1.38052,-1.37874,-1.37606,-1.37251,-1.36823,-1.36338,-1.35797,-1.35206,-1.34577,-1.33917,-1.33227,-1.3251,-1.31771,-1.31013,-1.30243,-1.29462,-1.28671,-1.2787,-1.27059,-1.26242,-1.25419,-1.24591,-1.23758,-1.2292,-1.22077,-1.21226,-1.20368,-1.195,-1.18621,-1.17729,-1.16823,-1.15901,-1.14962,-1.14001,-1.13017,-1.12006,-1.10966,-1.09891,-1.08778,-1.07623,-1.06419,-1.05162,-1.03848,-1.02468,-1.01018,-0.994893,-0.978754,-0.961677,-0.943564,-0.924312,-0.903807,-0.881923,-0.858522,-0.833454,-0.806568,-0.777697,-0.746654,-0.713242,-0.67723,-0.638374,-0.596403,-0.551031,-0.501957,-0.448871,-0.391453,-0.329355,-0.262202,-0.189597,-0.111155,-0.0265153,0.0646539,0.162668,0.267847,0.380474,0.500734,0.628702,0.764363,0.907616,1.05825,1.21583,1.37966,1.54893,1.7228,1.90034,2.08073,2.26341,2.44825,2.63541,2.82515,3.01815,3.21567,3.41879,3.62704,3.8373,4.04353,4.23557,4.39781,4.51097,4.55467
-1.40057,-1.39972,-1.39743,-1.39384,-1.38924,-1.3837,-1.37736,-1.37039,-1.36289,-1.3549,-1.34651,-1.33783,-1.32891,-1.3198,-1.3105,-1.30107,-1.29154,-1.28194,-1.27231,-1.26266,-1.25298,-1.24327,-1.23353,-1.22378,-1.214,-1.20419,-1.19436,-1.18448,-1.17455,-1.16455,-1.15445,-1.14424,-1.13387,-1.12333,-1.1126,-1.10163,-1.0904,-1.07888,-1.06703,-1.05481,-1.04217,-1.02907,-1.01545,-1.00125,-0.986415,-0.970866,-0.954536,-0.937347,-0.919216,-0.900057,-0.879774,-0.858263,-0.835409,-0.811085,-0.785155,-0.757458,-0.727828,-0.696094,-0.662066,-0.62555,-0.58633,-0.544172,-0.498814,-0.449977,-0.39736,-0.340651,-0.279543,-0.213723,-0.14285,-0.0665521,0.0155512,0.10383,0.198617,0.300218,0.40896,0.525167,0.649089,0.780871,0.920539,1.06804,1.22322,1.38573,1.555,1.73048,1.91167,2.09805,2.28907,2.48414,2.68283,2.88471,3.08954,3.29718,3.50699,3.71696,3.92341,4.12056,4.29922,4.4466,4.54783,4.58646
-1.40724,-1.40615,-1.40324,-1.39877,-1.39292,-1.38599,-1.37812,-1.36942,-1.36008,-1.35026,-1.34001,-1.32939,-1.3185,-1.30743,-1.29624,-1.28496,-1.27362,-1.26222,-1.25081,-1.23939,-1.22801,-1.21666,-1.20536,-1.19407,-1.1828,-1.17155,-1.16028,-1.149,-1.13768,-1.12632,-1.11489,-1.10338,-1.09175,-1.07998,-1.06803,-1.05588,-1.04347,-1.03078,-1.01776,-1.00437,-0.990562,-0.976292,-0.961508,-0.946162,-0.930185,-0.913519,-0.896089,-0.877821,-0.858628,-0.838422,-0.817109,-0.79459,-0.770758,-0.745502,-0.718699,-0.690224,-0.659927,-0.627642,-0.593196,-0.556403,-0.517066,-0.474984,-0.429945,-0.381717,-0.330044,-0.274646,-0.21522,-0.151457,-0.0830615,-0.00972066,0.0689144,0.153229,0.24363,0.3405,0.444186,0.555054,0.673498,0.799864,0.9344,1.07723,1.22843,1.38808,1.55611,1.73232,1.91653,2.10846,2.30757,2.51286,2.72322,2.93757,3.1546,3.3724,3.58825,3.79863,3.99933,4.18464,4.34664,4.47613,4.56297,4.59551
-1.39785,-1.39657,-1.39303,-1.38763,-1.38063,-1.37225,-1.3628,-1.35245,-1.34133,-1.32959,-1.31742,-1.30491,-1.29213,-1.27913,-1.266,-1.25281,-1.23961,-1.22643,-1.21328,-1.20017,-1.1871,-1.17411,-1.16117,-1.14832,-1.13553,-1.12281,-1.11012,-1.09746,-1.0848,-1.07212,-1.05939,-1.04659,-1.03369,-1.02066,-1.00748,-0.994106,-0.980511,-0.966653,-0.952484,-0.937958,-0.923032,-0.90765,-0.891759,-0.875298,-0.858217,-0.840449,-0.821932,-0.802595,-0.782371,-0.761172,-0.738915,-0.715499,-0.690825,-0.664782,-0.637261,-0.608136,-0.577291,-0.544601,-0.509918,-0.473084,-0.433927,-0.392259,-0.347884,-0.300606,-0.250219,-0.196501,-0.139202,-0.0780377,-0.0126913,0.0571498,0.1318,0.211606,0.296966,0.388341,0.48619,0.590939,0.703022,0.822927,0.951156,1.08816,1.23431,1.39001,1.55573,1.73177,1.91817,2.11471,2.32082,2.53538,2.75673,2.98291,3.21134,3.43829,3.65906,3.86873,4.06229,4.234,4.37769,4.48794,4.55924,4.58534
-1.36917,-1.36766,-1.36361,-1.35733,-1.34924,-1.33965,-1.32874,-1.3168,-1.30407,-1.29068,-1.27676,-1.26245,-1.24788,-1.23316,-1.21834,-1.20344,-1.18853,-1.17366,-1.15887,-1.14418,-1.1296,-1.11513,-1.10077,-1.0865,-1.07233,-1.05824,-1.04423,-1.03028,-1.01636,-1.00248,-0.988577,-0.974632,-0.960614,-0.946486,-0.932214,-0.917762,-0.903092,-0.888162,-0.87294,-0.857381,-0.841433,-0.825053,-0.808184,-0.790774,-0.772757,-0.754073,-0.734655,-0.714437,-0.693342,-0.671304,-0.648245,-0.624088,-0.598743,-0.572118,-0.544109,-0.514611,-0.483502,-0.450663,-0.415977,-0.379324,-0.340569,-0.299567,-0.256151,-0.210138,-0.161337,-0.109546,-0.0545642,0.00383191,0.0659072,0.131983,0.202403,0.277517,0.357693,0.44335,0.535002,0.633214,0.738528,0.851524,0.972879,1.10338,1.24383,1.395,1.55764,1.73247,1.91982,2.11951,2.33093,2.55294,2.78357,3.01983,3.25767,3.49176,3.71592,3.92384,4.1094,4.26693,4.39239,4.48372,4.53976,4.55967
-1.31819,-1.31653,-1.31199,-1.30508,-1.29609,-1.28542,-1.27339,-1.26021,-1.2461,-1.2313,-1.216,-1.20028,-1.18427,-1.16807,-1.15179,-1.13551,-1.11926,-1.10306,-1.08695,-1.07095,-1.05509,-1.03939,-1.02384,-1.00844,-0.993171,-0.97802,-0.962973,-0.947998,-0.933087,-0.918206,-0.903333,-0.888449,-0.873518,-0.858508,-0.843381,-0.828098,-0.812616,-0.796896,-0.780886,-0.764542,-0.747823,-0.730674,-0.713056,-0.694908,-0.676185,-0.656824,-0.636765,-0.61594,-0.594286,-0.571723,-0.548179,-0.523577,-0.497842,-0.470894,-0.442654,-0.413032,-0.381938,-0.349266,-0.314902,-0.278724,-0.240622,-0.200476,-0.158167,-0.113555,-0.0664781,-0.0167525,0.0358263,0.0914689,0.150388,0.212829,0.279109,0.349602,0.424709,0.504849,0.590489,0.682229,0.780792,0.886942,1.00152,1.1255,1.26005,1.40631,1.56527,1.73779,1.92448,2.1254,2.33995,2.5669,2.80399,3.04736,3.29156,3.53008,3.75566,3.96068,4.13791,4.28202,4.39085,4.46511,4.50763,4.5221
-1.2425,-1.24072,-1.2359,-1.22847,-1.21891,-1.20753,-1.19465,-1.18061,-1.16562,-1.14986,-1.13353,-1.11683,-1.09985,-1.0827,-1.06545,-1.04817,-1.03094,-1.01383,-0.996849,-0.980019,-0.963343,-0.94682,-0.930467,-0.914278,-0.898254,-0.882386,-0.866649,-0.851029,-0.835487,-0.820006,-0.804553,-0.789091,-0.773592,-0.758021,-0.742348,-0.726536,-0.710549,-0.694339,-0.677873,-0.661101,-0.64397,-0.626437,-0.608439,-0.58993,-0.570853,-0.551157,-0.530785,-0.509684,-0.487787,-0.46504,-0.44137,-0.416707,-0.390973,-0.36409,-0.335979,-0.306562,-0.27576,-0.243498,-0.209689,-0.174239,-0.137035,-0.0979616,-0.0568991,-0.0137346,0.0316508,0.079397,0.129669,0.182668,0.238621,0.297756,0.360314,0.426606,0.497036,0.572084,0.652273,0.738186,0.830586,0.930429,1.03878,1.15676,1.28563,1.42676,1.5814,1.7505,1.93481,2.13469,2.34973,2.57848,2.81825,3.06463,3.31136,3.55107,3.77565,3.97648,4.14563,4.27817,4.37326,4.43369,4.4656,4.47578
-1.14043,-1.13859,-1.13363,-1.126,-1.11612,-1.10443,-1.0912,-1.07672,-1.06129,-1.04513,-1.02839,-1.01122,-0.993765,-0.976175,-0.958525,-0.940871,-0.923264,-0.905751,-0.888377,-0.871174,-0.854164,-0.837356,-0.820734,-0.804291,-0.788012,-0.771887,-0.755906,-0.740046,-0.724296,-0.708623,-0.692998,-0.677393,-0.66177,-0.646095,-0.630325,-0.614422,-0.598346,-0.582062,-0.565525,-0.548694,-0.531529,-0.513978,-0.496002,-0.477543,-0.458551,-0.438965,-0.418729,-0.397782,-0.37607,-0.353528,-0.330102,-0.30573,-0.280351,-0.253894,-0.226286,-0.19745,-0.167304,-0.135761,-0.102751,-0.0681952,-0.0320176,0.00587409,0.0455849,0.0872377,0.130955,0.176854,0.225061,0.275721,0.329021,0.385203,0.444533,0.507284,0.573796,0.644526,0.720076,0.801141,0.888483,0.98306,1.08605,1.19873,1.32238,1.45834,1.608,1.77255,1.95281,2.14928,2.3617,2.58849,2.82652,3.07115,3.316,3.55323,3.77404,3.96931,4.13109,4.25472,4.3399,4.39085,4.41585,4.42322
-1.0112,-1.00939,-1.00443,-0.996866,-0.987088,-0.975436,-0.962319,-0.948004,-0.932696,-0.916635,-0.900049,-0.883087,-0.865844,-0.84842,-0.830933,-0.813477,-0.796106,-0.77885,-0.761732,-0.744775,-0.727995,-0.711407,-0.695024,-0.678841,-0.66285,-0.64703,-0.631355,-0.615807,-0.600352,-0.584974,-0.569645,-0.554338,-0.539024,-0.523666,-0.508237,-0.492694,-0.477,-0.461106,-0.444974,-0.428556,-0.411808,-0.394692,-0.377151,-0.359146,-0.34063,-0.321553,-0.301862,-0.281502,-0.260409,-0.238526,-0.215786,-0.192125,-0.167481,-0.141794,-0.115004,-0.0870417,-0.0578389,-0.0273246,0.00459503,0.0380048,0.0729857,0.109613,0.147963,0.188124,0.230206,0.274338,0.320658,0.369299,0.420408,0.474164,0.530832,0.59074,0.654247,0.721769,0.793852,0.871231,0.954768,1.04537,1.14411,1.25224,1.3711,1.50199,1.64621,1.80511,1.97968,2.17033,2.37673,2.59732,2.82891,3.06684,3.30509,3.53581,3.74991,3.93837,4.09375,4.21147,4.29115,4.33765,4.3598,4.36604
-0.855014,-0.853263,-0.848568,-0.841311,-0.831968,-0.820893,-0.808347,-0.794663,-0.780102,-0.764829,-0.749005,-0.73281,-0.716395,-0.699858,-0.683255,-0.666643,-0.650094,-0.633669,-0.617409,-0.601323,-0.585418,-0.569696,-0.554151,-0.538781,-0.523582,-0.508549,-0.493667,-0.478915,-0.464271,-0.449705,-0.435186,-0.42068,-0.406157,-0.391589,-0.376936,-0.362172,-0.347257,-0.332162,-0.316843,-0.301263,-0.285376,-0.269128,-0.252482,-0.235384,-0.217782,-0.199628,-0.180873,-0.161467,-0.141359,-0.120493,-0.0988123,-0.0762537,-0.0527497,-0.0282285,-0.00261899,0.0241415,0.0521205,0.081388,0.112003,0.144044,0.177603,0.212777,0.249655,0.288323,0.32886,0.371369,0.415978,0.462847,0.512155,0.564086,0.618846,0.676733,0.738155,0.803574,0.873497,0.948532,1.02948,1.11727,1.21284,1.31726,1.43175,1.55764,1.69617,1.84851,2.01567,2.19802,2.39498,2.60508,2.82555,3.05205,3.27895,3.49896,3.70345,3.88405,4.03401,4.14877,4.22754,4.27473,4.29806,4.30491
-0.67308,-0.671496,-0.667179,-0.660593,-0.652046,-0.641917,-0.630516,-0.618036,-0.604721,-0.590798,-0.576419,-0.561683,-0.546707,-0.531606,-0.516475,-0.501377,-0.486341,-0.471389,-0.456552,-0.441865,-0.42735,-0.413013,-0.398849,-0.384849,-0.370999,-0.357278,-0.343674,-0.330174,-0.316758,-0.303405,-0.290095,-0.276803,-0.263496,-0.250139,-0.236703,-0.223146,-0.20944,-0.195541,-0.181416,-0.167025,-0.152333,-0.137307,-0.121896,-0.106059,-0.0897497,-0.0729143,-0.0554984,-0.0374464,-0.0187035,0.000784594,0.0210762,0.0422254,0.0642896,0.0873316,0.111419,0.136633,0.16305,0.190745,0.219802,0.25029,0.282276,0.315847,0.351103,0.38816,0.427136,0.468135,0.511273,0.556691,0.604575,0.655159,0.7087,0.765456,0.825755,0.890042,0.958845,1.03271,1.11221,1.19813,1.29135,1.39279,1.50343,1.62443,1.75696,1.90194,2.06005,2.23156,2.4159,2.61168,2.8167,3.02736,3.2385,3.44382,3.63603,3.80788,3.9532,4.06759,4.14972,4.20228,4.23044,4.23948
-0.467659,-0.46629,-0.462571,-0.456861,-0.449521,-0.440771,-0.430896,-0.420155,-0.408688,-0.39664,-0.384184,-0.371465,-0.358552,-0.345507,-0.332396,-0.319286,-0.306232,-0.293272,-0.280419,-0.267672,-0.255038,-0.242525,-0.230145,-0.217897,-0.205776,-0.193773,-0.181866,-0.170033,-0.158251,-0.146504,-0.134768,-0.123015,-0.111227,-0.0993834,-0.0874515,-0.0754077,-0.0632123,-0.0508369,-0.038241,-0.0253914,-0.0122429,0.00124701,0.0151118,0.0293945,0.0441406,0.0593888,0.0751857,0.0915821,0.108636,0.126406,0.144954,0.164346,0.184647,0.205919,0.228228,0.251637,0.276221,0.302066,0.329261,0.357907,0.388103,0.419938,0.453504,0.488907,0.526281,0.565785,0.607582,0.65183,0.6987,0.7484,0.801205,0.857429,0.917366,0.981339,1.04976,1.12314,1.20199,1.28681,1.37829,1.47724,1.58443,1.70066,1.82677,1.96347,2.11103,2.26946,2.4384,2.61675,2.80272,2.99359,3.18518,3.37248,3.55012,3.71231,3.85351,3.96956,4.0584,4.12002,4.15604,4.16851
-0.241961,-0.240855,-0.237896,-0.233329,-0.227418,-0.22044,-0.212533,-0.203866,-0.194642,-0.184981,-0.17495,-0.164637,-0.154159,-0.143592,-0.132964,-0.122302,-0.111638,-0.101005,-0.090433,-0.079947,-0.0695512,-0.0592438,-0.0490082,-0.0388443,-0.0287451,-0.0187044,-0.00872286,0.00121271,0.0111115,0.0210021,0.0309039,0.040834,0.0508231,0.0608971,0.0710769,0.0813927,0.0918622,0.102516,0.113382,0.124495,0.135885,0.147588,0.15965,0.172113,0.185017,0.198414,0.21235,0.22687,0.24202,0.257854,0.274429,0.291807,0.310056,0.329256,0.349484,0.370824,0.393352,0.417151,0.442307,0.46892,0.497106,0.527002,0.558739,0.592449,0.628262,0.666328,0.706836,0.750002,0.796041,0.845162,0.897573,0.953543,1.01339,1.07742,1.1459,1.21915,1.29761,1.38173,1.47188,1.56857,1.67237,1.78372,1.90294,2.03033,2.166,2.30969,2.46112,2.61963,2.78384,2.95182,3.12094,3.28786,3.44911,3.60063,3.73784,3.85681,3.95439,4.0274,4.07335,4.09004
-1.05624e-05,0.000759326,0.00289933,0.00614834,0.0103705,0.0154273,0.0211197,0.027361,0.0340838,0.0411688,0.0485132,0.0560693,0.0638204,0.0717168,0.0796885,0.087692,0.095717,0.103757,0.111803,0.119845,0.127865,0.135856,0.143801,0.151714,0.159599,0.167467,0.175337,0.183212,0.191112,0.199032,0.206987,0.214997,0.223074,0.231237,0.239513,0.247921,0.256494,0.265259,0.274243,0.283469,0.292972,0.302778,0.312919,0.323429,0.334353,0.345727,0.357604,0.370034,0.383077,0.396785,0.411218,0.426434,0.442498,0.459476,0.477451,0.496513,0.516766,0.538312,0.561266,0.585738,0.611841,0.639702,0.669481,0.701355,0.735511,0.772122,0.811361,0.853426,0.898553,0.94699,0.998973,1.0547,1.11438,1.1783,1.24674,1.31988,1.39793,1.48121,1.56997,1.66433,1.76442,1.87035,1.98205,2.09927,2.22195,2.34981,2.48245,2.61949,2.76018,2.90341,3.04824,3.19332,3.33691,3.47673,3.60962,3.73178,3.83854,3.92371,3.98042,4.00163
0.253569,0.254037,0.255265,0.2572,0.259692,0.262683,0.26614,0.269949,0.274055,0.278452,0.2831,0.287936,0.292909,0.298009,0.303241,0.308584,0.313999,0.319459,0.324953,0.330485,0.336056,0.34166,0.347305,0.352973,0.358662,0.364376,0.37011,0.375882,0.381694,0.387571,0.393524,0.399557,0.405688,0.411928,0.418289,0.424792,0.431448,0.43828,0.445313,0.452579,0.460102,0.467919,0.476059,0.484559,0.493448,0.502768,0.512558,0.522861,0.533725,0.545214,0.557392,0.570329,0.584098,0.598783,0.61446,0.631213,0.649137,0.668352,0.68898,0.711166,0.735061,0.760817,0.78858,0.818518,0.850827,0.885734,0.923459,0.964202,1.00816,1.05555,1.10663,1.16163,1.22074,1.28411,1.35194,1.42443,1.50165,1.58359,1.6703,1.76167,1.85738,1.95706,2.06038,2.16681,2.27584,2.38722,2.50053,2.61542,2.73185,2.84983,2.9698,3.09243,3.21766,3.3449,3.47259,3.597,3.71184,3.80825,3.87515,3.90069
0.514067,0.514213,0.514635,0.515284,0.516189,0.517292,0.518589,0.520122,0.521851,0.523738,0.525796,0.52804,0.530451,0.532998,0.535658,0.53843,0.541327,0.544343,0.547463,0.550661,0.553925,0.55726,0.56066,0.564138,0.567694,0.571324,0.575034,0.57881,0.582667,0.586595,0.590605,0.594713,0.598928,0.603266,0.607742,0.612365,0.617154,0.622126,0.627296,0.632679,0.638302,0.644184,0.65036,0.656861,0.66373,0.671002,0.678723,0.686937,0.695695,0.705041,0.715035,0.725743,0.737241,0.749613,0.762959,0.777384,0.792996,0.809895,0.828212,0.848079,0.869653,0.893115,0.918656,0.946462,0.976712,1.0096,1.04535,1.08423,1.12645,1.17223,1.22174,1.27521,1.33288,1.39488,1.46127,1.53211,1.60742,1.68703,1.77059,1.85773,1.94793,2.04044,2.13452,2.22954,2.32472,2.41946,2.51347,2.60653,2.69913,2.79254,2.88836,2.98872,3.09541,3.20941,3.33045,3.45497,3.57536,3.68045,3.75555,3.78472
0.777012,0.776906,0.776644,0.776261,0.775789,0.775326,0.774875,0.774442,0.774107,0.773898,0.773793,0.773794,0.773937,0.774239,0.77469,0.775277,0.775981,0.776804,0.777754,0.778842,0.780061,0.781392,0.782832,0.784363,0.785989,0.787716,0.789541,0.791482,0.793525,0.795682,0.797954,0.800335,0.802832,0.805449,0.808196,0.811089,0.814142,0.817368,0.820787,0.82442,0.828283,0.832403,0.836794,0.841487,0.846507,0.851891,0.857679,0.863919,0.870663,0.877974,0.885907,0.894528,0.903904,0.914112,0.92524,0.937387,0.950671,0.96523,0.981191,0.998696,1.01789,1.03892,1.06199,1.08729,1.11505,1.14548,1.17877,1.21514,1.25484,1.29811,1.34518,1.3962,1.4513,1.51066,1.57433,1.64219,1.71406,1.78968,1.86855,1.94996,2.03319,2.11739,2.20151,2.28461,2.36584,2.4443,2.51962,2.59205,2.66248,2.733,2.80629,2.88545,2.97394,3.07418,3.18664,3.30807,3.4302,3.54,3.62008,3.65165
1.0387,1.03843,1.03767,1.03654,1.03512,1.03346,1.03169,1.02986,1.02798,1.02611,1.02432,1.02264,1.02105,1.01956,1.0182,1.01699,1.01595,1.01504,1.01427,1.01363,1.01312,1.01275,1.01253,1.01245,1.0125,1.01267,1.01295,1.01335,1.01386,1.01449,1.01525,1.01614,1.01716,1.01832,1.01962,1.02106,1.02265,1.02441,1.02633,1.02845,1.03077,1.03332,1.03613,1.03922,1.04263,1.04637,1.05048,1.055,1.05998,1.06545,1.07149,1.07815,1.08553,1.0937,1.10274,1.11274,1.1238,1.13603,1.14957,1.16457,1.18119,1.1996,1.21995,1.24243,1.26723,1.2946,1.32477,1.35795,1.39433,1.43415,1.47762,1.52495,1.57622,1.63146,1.69067,1.75376,1.82036,1.89003,1.96225,2.03624,2.11102,2.18563,2.25898,2.3298,2.39706,2.45992,2.5179,2.57158,2.62233,2.67248,2.72553,2.78537,2.85647,2.94241,3.04403,3.15848,3.27751,3.38692,3.46787,3.50013
1.29649,1.29609,1.29507,1.29348,1.29147,1.28914,1.28653,1.28377,1.28093,1.27804,1.27513,1.27225,1.26947,1.2668,1.26423,1.26176,1.25943,1.25725,1.25524,1.25338,1.25166,1.25008,1.24864,1.24733,1.24617,1.24515,1.24427,1.24353,1.24292,1.24243,1.24206,1.24181,1.24169,1.2417,1.24183,1.24212,1.24256,1.24315,1.24391,1.24484,1.24595,1.24727,1.2488,1.25057,1.2526,1.25493,1.2576,1.26063,1.26407,1.26797,1.27236,1.27731,1.28286,1.2891,1.29612,1.30401,1.31287,1.32281,1.33393,1.34636,1.36024,1.37574,1.39304,1.41234,1.43379,1.45758,1.48394,1.5131,1.54528,1.58065,1.61937,1.66158,1.70741,1.75686,1.80977,1.86598,1.92522,1.98694,2.05049,2.11516,2.17998,2.24376,2.30538,2.36359,2.41712,2.46528,2.50778,2.54516,2.57909,2.612,2.64759,2.69047,2.74536,2.81639,2.90479,3.00803,3.11843,3.22169,3.29885,3.3298
1.54874,1.54832,1.54716,1.54542,1.54316,1.54052,1.5376,1.53444,1.53112,1.52772,1.52431,1.52088,1.51748,1.51415,1.51093,1.50784,1.50486,1.50199,1.49926,1.49668,1.49424,1.49197,1.48984,1.48785,1.48598,1.48425,1.48264,1.48116,1.47981,1.47859,1.4775,1.47653,1.47567,1.47494,1.47432,1.47382,1.47344,1.47319,1.47308,1.47312,1.47333,1.47371,1.47428,1.47506,1.47605,1.47727,1.47876,1.48055,1.48267,1.48516,1.48809,1.49148,1.4954,1.49991,1.50505,1.51092,1.51759,1.52519,1.53383,1.54361,1.55466,1.5671,1.58108,1.59678,1.61439,1.6341,1.65606,1.68043,1.70742,1.73721,1.76993,1.80564,1.84436,1.88614,1.93086,1.97825,2.02799,2.07971,2.13273,2.18626,2.23946,2.29121,2.34022,2.38542,2.42571,2.46034,2.48933,2.51312,2.53323,2.5522,2.5735,2.60188,2.64193,2.69749,2.77026,2.85811,2.95414,3.04528,3.1139,3.14144
1.79482,1.79441,1.79329,1.79157,1.78939,1.7868,1.78389,1.78079,1.77752,1.77413,1.77069,1.76726,1.76386,1.7605,1.7572,1.75399,1.75091,1.74796,1.74512,1.7424,1.7398,1.73732,1.73497,1.73275,1.73066,1.7287,1.72685,1.72512,1.72348,1.72194,1.7205,1.71916,1.71792,1.71679,1.71576,1.71484,1.71401,1.71329,1.71267,1.71215,1.71175,1.71148,1.71134,1.71136,1.71155,1.71193,1.71252,1.71333,1.71439,1.71573,1.71737,1.71937,1.72178,1.72464,1.72803,1.732,1.73661,1.74193,1.74805,1.75508,1.76314,1.77235,1.78283,1.79467,1.80803,1.82306,1.83994,1.85879,1.87971,1.90281,1.92821,1.956,1.98615,2.01859,2.05326,2.09001,2.12848,2.16828,2.20896,2.24976,2.2898,2.32825,2.36398,2.39596,2.4235,2.44595,2.46328,2.47603,2.48529,2.49346,2.50366,2.51991,2.54634,2.58607,2.64099,2.70955,2.78583,2.85919,2.9148,2.93704
2.03487,2.03451,2.03354,2.03205,2.03013,2.0279,2.0254,2.02269,2.01987,2.01698,2.01403,2.01105,2.00811,2.00523,2.00241,1.99966,1.99698,1.99438,1.99188,1.9895,1.98723,1.98506,1.98297,1.98097,1.97905,1.97723,1.97549,1.97385,1.97229,1.97082,1.96942,1.96808,1.9668,1.96559,1.96444,1.96336,1.96234,1.9614,1.96053,1.95974,1.95903,1.95839,1.95784,1.95737,1.957,1.95675,1.95662,1.95665,1.95685,1.95723,1.95784,1.95867,1.95976,1.96114,1.96287,1.965,1.96758,1.97069,1.97436,1.97865,1.98365,1.98944,1.99613,2.00382,2.01258,2.0225,2.03365,2.04618,2.06017,2.07567,2.09269,2.11129,2.13152,2.1533,2.17651,2.20103,2.2267,2.25311,2.27984,2.30643,2.33214,2.35624,2.3781,2.39694,2.41221,2.42364,2.43099,2.43476,2.43586,2.436,2.4378,2.444,2.45777,2.48153,2.51676,2.56264,2.6147,2.66546,2.70423,2.71969
2.26967,2.26942,2.26868,2.26759,2.2662,2.26455,2.26275,2.26083,2.2588,2.25672,2.25464,2.25257,2.2505,2.24845,2.24645,2.24452,2.24265,2.24083,2.23907,2.23735,2.23569,2.2341,2.23258,2.23113,2.22972,2.22836,2.22704,2.22576,2.22452,2.22333,2.22217,2.22106,2.21999,2.21895,2.21795,2.21696,2.216,2.21506,2.21415,2.21326,2.21241,2.2116,2.21082,2.21009,2.2094,2.20875,2.20815,2.2076,2.20711,2.2067,2.20639,2.2062,2.20614,2.20623,2.20648,2.20691,2.20756,2.20844,2.20963,2.21116,2.21305,2.21534,2.21806,2.22127,2.22503,2.22941,2.23442,2.24006,2.2464,2.2535,2.26136,2.26996,2.27928,2.28935,2.3001,2.31134,2.32296,2.33481,2.34652,2.35775,2.36823,2.37745,2.38508,2.39087,2.39438,2.39551,2.3942,2.3906,2.38551,2.37982,2.37509,2.37281,2.37467,2.38237,2.39666,2.4173,2.44191,2.46654,2.48566,2.49333
2.50064,2.50049,2.50015,2.4996,2.49892,2.49814,2.49725,2.49633,2.49539,2.49443,2.49344,2.49245,2.49151,2.49058,2.48964,2.48871,2.4878,2.48692,2.48607,2.48523,2.48441,2.48358,2.48276,2.48196,2.48117,2.4804,2.47964,2.47889,2.47814,2.47739,2.47664,2.47588,2.47511,2.47435,2.47359,2.47283,2.47206,2.47129,2.4705,2.4697,2.46887,2.46803,2.46716,2.46627,2.46537,2.46444,2.46351,2.46255,2.46156,2.46054,2.45949,2.4584,2.45727,2.45613,2.45497,2.45379,2.45259,2.45135,2.45007,2.44876,2.44743,2.44609,2.44473,2.44333,2.44188,2.44037,2.43885,2.4373,2.43566,2.43391,2.43209,2.4302,2.42817,2.42594,2.42352,2.42087,2.41783,2.41434,2.4104,2.40581,2.40057,2.39471,2.38812,2.38086,2.37295,2.36426,2.35497,2.34509,2.33489,2.32463,2.31437,2.30445,2.29496,2.28651,2.2792,2.27318,2.2686,2.26523,2.26317,2.2625
2.7297,2.72973,2.72981,2.72994,2.73008,2.73026,2.73048,2.73069,2.73091,2.73114,2.73138,2.7316,2.73178,2.73195,2.73212,2.73226,2.73237,2.73243,2.73245,2.73246,2.73244,2.7324,2.73232,2.73221,2.73206,2.73187,2.73165,2.7314,2.73113,2.73084,2.73051,2.73016,2.72977,2.72934,2.72886,2.72834,2.72778,2.72718,2.72654,2.72584,2.7251,2.7243,2.72342,2.72247,2.72143,2.7203,2.71905,2.7177,2.71624,2.71465,2.71291,2.71101,2.70892,2.70661,2.70406,2.70126,2.69818,2.69481,2.69109,2.68698,2.68243,2.6774,2.67185,2.66577,2.65907,2.65169,2.64355,2.63464,2.62494,2.61435,2.6028,2.59025,2.57672,2.56214,2.54642,2.52964,2.51184,2.493,2.47328,2.45294,2.43213,2.41122,2.39059,2.3704,2.35109,2.33281,2.31568,2.29978,2.28469,2.26992,2.2543,2.23677,2.21615,2.19152,2.16257,2.12984,2.09588,2.06445,2.04116,2.03209
2.95919,2.95938,2.95989,2.96065,2.96163,2.96274,2.96395,2.96526,2.96659,2.9679,2.96921,2.97049,2.97174,2.9729,2.97399,2.97501,2.97597,2.97687,2.97769,2.97841,2.97905,2.97962,2.98012,2.98057,2.98095,2.98127,2.98152,2.9817,2.98181,2.98186,2.98184,2.98177,2.98165,2.98146,2.98121,2.9809,2.98051,2.98003,2.97947,2.97881,2.97805,2.97719,2.97622,2.97513,2.9739,2.97252,2.97096,2.9692,2.96721,2.96498,2.96247,2.95967,2.95654,2.95304,2.94911,2.9447,2.93975,2.9342,2.92799,2.92107,2.91336,2.90475,2.89514,2.88443,2.87257,2.85946,2.84498,2.82899,2.8114,2.79217,2.77119,2.74835,2.72358,2.69692,2.66835,2.63788,2.60569,2.57206,2.53721,2.5016,2.46582,2.43031,2.39581,2.36292,2.33213,2.30406,2.27877,2.25619,2.2355,2.21523,2.19347,2.16771,2.13565,2.09496,2.04494,1.98675,1.92491,1.86715,1.82403,1.80698
3.19135,3.19165,3.19248,3.19372,3.19528,3.1971,3.19908,3.20113,3.20326,3.2054,3.20749,3.20951,3.21146,3.21333,3.21511,3.21677,3.21829,3.21971,3.22102,3.22223,3.22333,3.22433,3.2252,3.22597,3.22664,3.22721,3.22771,3.22811,3.22843,3.22867,3.22881,3.22885,3.2288,3.22866,3.22842,3.22808,3.22765,3.22712,3.22648,3.22571,3.22479,3.22372,3.22248,3.22106,3.21944,3.2176,3.21551,3.21316,3.21052,3.20752,3.20414,3.20032,3.19601,3.19116,3.18571,3.17961,3.17276,3.16508,3.15644,3.14676,3.13592,3.12385,3.11038,3.09539,3.07869,3.06017,3.03969,3.01711,2.99224,2.96492,2.93507,2.90261,2.86744,2.82949,2.7889,2.74579,2.70032,2.65289,2.60404,2.55422,2.50423,2.45489,2.40696,2.36148,2.31918,2.28071,2.24641,2.21575,2.18776,2.16024,2.13064,2.09544,2.05115,1.99465,1.92477,1.84352,1.7569,1.67613,1.61587,1.59183
3.42781,3.42817,3.42911,3.43055,3.43236,3.43444,3.43672,3.43912,3.44155,3.44399,3.44642,3.44877,3.45101,3.45313,3.45514,3.45703,3.45879,3.4604,3.46186,3.46318,3.46436,3.46542,3.46636,3.46717,3.46786,3.46842,3.46885,3.46918,3.46938,3.46948,3.46948,3.46937,3.46914,3.4688,3.46833,3.46773,3.467,3.46611,3.46508,3.46389,3.46253,3.46099,3.45923,3.45725,3.45501,3.45247,3.44962,3.44642,3.44282,3.43881,3.43431,3.42929,3.42367,3.41736,3.41029,3.40237,3.39352,3.38364,3.37261,3.3603,3.34654,3.33119,3.31409,3.29509,3.27401,3.25063,3.22473,3.19614,3.16471,3.13023,3.0925,3.05143,3.00699,2.95915,2.90793,2.85358,2.79642,2.73678,2.67528,2.61266,2.54964,2.4873,2.42666,2.36875,2.31472,2.2651,2.22027,2.17965,2.14192,2.10479,2.06495,2.01847,1.96092,1.88893,1.80106,1.69999,1.59308,1.49389,1.42019,1.39069
3.66926,3.66957,3.67044,3.67172,3.67335,3.67524,3.67729,3.67945,3.68167,3.68388,3.68603,3.68813,3.69014,3.69203,3.69378,3.69537,3.69683,3.69814,3.69932,3.70034,3.70119,3.7019,3.70246,3.70288,3.70317,3.70333,3.70337,3.70326,3.70303,3.70266,3.70216,3.70152,3.70075,3.69985,3.69882,3.69763,3.69629,3.69478,3.69308,3.69118,3.68906,3.6867,3.6841,3.68123,3.67805,3.67455,3.67067,3.66638,3.66162,3.65634,3.65048,3.644,3.63681,3.62886,3.62004,3.61024,3.59935,3.58725,3.5738,3.55887,3.54232,3.52394,3.50354,3.4809,3.45582,3.42811,3.39753,3.36381,3.32672,3.28609,3.24177,3.19355,3.14134,3.08521,3.02523,2.9615,2.89442,2.82446,2.75209,2.67816,2.60359,2.52934,2.4567,2.38672,2.32049,2.25876,2.20163,2.14873,2.09852,2.04883,1.99602,1.93597,1.86406,1.77695,1.67341,1.55646,1.43462,1.32255,1.23976,1.20674
3.91519,3.9154,3.91595,3.91681,3.91788,3.91912,3.92047,3.92186,3.92326,3.92466,3.926,3.92725,3.92838,3.92941,3.93032,3.93109,3.93169,3.93214,3.93244,3.9326,3.93262,3.9325,3.93223,3.93182,3.93126,3.93056,3.92972,3.92876,3.92768,3.92647,3.92511,3.92362,3.92198,3.92017,3.91821,3.91608,3.91377,3.91127,3.90858,3.90567,3.90251,3.8991,3.89538,3.89133,3.88694,3.88215,3.87695,3.87128,3.86509,3.85834,3.85094,3.84282,3.83391,3.82411,3.81334,3.8015,3.78849,3.77414,3.75832,3.74085,3.72156,3.70029,3.67683,3.65096,3.62242,3.59096,3.55637,3.51841,3.4768,3.43129,3.38171,3.32794,3.26981,3.20726,3.14042,3.06943,2.9945,2.91611,2.83487,2.75141,2.66678,2.58195,2.49804,2.41627,2.33744,2.26239,2.1912,2.12351,2.05807,1.99263,1.92394,1.84792,1.76061,1.65886,1.54216,1.4137,1.28267,1.16369,1.07652,1.04204
4.16404,4.1641,4.16422,4.1644,4.16463,4.16485,4.16505,4.16523,4.16533,4.16533,4.16525,4.16508,4.16478,4.16434,4.16375,4.16304,4.16221,4.16125,4.16015,4.1589,4.15751,4.156,4.15438,4.15265,4.15079,4.14882,4.14672,4.14449,4.14213,4.13965,4.13704,4.1343,4.13142,4.1284,4.12522,4.12185,4.1183,4.11453,4.11054,4.1063,4.1018,4.09701,4.09192,4.08648,4.08064,4.07437,4.06763,4.06036,4.05251,4.04402,4.03485,4.0249,4.01411,4.00236,3.98956,3.97558,3.96031,3.94363,3.9254,3.90546,3.8836,3.85963,3.83334,3.80454,3.77301,3.73848,3.70066,3.65933,3.61426,3.56519,3.51186,3.45409,3.39177,3.3248,3.25311,3.17685,3.09623,3.01153,2.92333,2.83231,2.73918,2.64502,2.5507,2.45725,2.3655,2.27598,2.18907,2.10432,2.0209,1.93674,1.84934,1.75525,1.65155,1.53588,1.4085,1.273,1.13834,1.01836,0.931464,0.897483
4.41349,4.41332,4.41291,4.41225,4.41136,4.41028,4.40899,4.4075,4.40585,4.40403,4.40202,4.39986,4.39755,4.39511,4.39255,4.38984,4.38699,4.38404,4.381,4.37786,4.37464,4.37131,4.36789,4.36437,4.36077,4.35709,4.35332,4.34947,4.34552,4.34147,4.33729,4.333,4.32857,4.32399,4.31926,4.31436,4.30928,4.304,4.29849,4.29271,4.28665,4.28028,4.27355,4.26644,4.25892,4.25095,4.24247,4.23344,4.22378,4.21344,4.20233,4.19038,4.17753,4.16367,4.14873,4.13257,4.11506,4.09607,4.07544,4.05305,4.02872,4.00229,3.97352,3.94219,3.9081,3.87104,3.83076,3.78698,3.73942,3.68789,3.63215,3.57191,3.50698,3.43727,3.36267,3.2831,3.19875,3.10984,3.01665,2.9198,2.81984,2.71746,2.61353,2.50863,2.40361,2.29886,2.19475,2.09111,1.98729,1.882,1.77347,1.65972,1.5389,1.41015,1.27446,1.13601,1.00275,0.887043,0.804674,0.772811
4.66047,4.66008,4.65899,4.65731,4.6551,4.6524,4.64931,4.64585,4.64205,4.63797,4.63367,4.62915,4.62443,4.61955,4.61455,4.60945,4.60426,4.59897,4.59361,4.58819,4.58273,4.57722,4.57169,4.56611,4.56048,4.5548,4.54908,4.54329,4.53745,4.53153,4.52555,4.51946,4.51327,4.50694,4.50046,4.49382,4.48699,4.47994,4.47266,4.46513,4.45731,4.44916,4.44065,4.43175,4.42238,4.41252,4.40212,4.39113,4.37949,4.36715,4.35402,4.34002,4.32506,4.30905,4.29189,4.27349,4.25374,4.23251,4.20965,4.185,4.15839,4.12969,4.09872,4.06529,4.02917,3.99011,3.94793,3.90241,3.85329,3.80025,3.74307,3.68156,3.61541,3.54439,3.46839,3.3873,3.30099,3.2096,3.11328,3.01217,2.90675,2.79732,2.6844,2.56851,2.45006,2.32963,2.20735,2.08346,1.95756,1.8294,1.69822,1.56375,1.42561,1.28464,1.14282,1.00472,0.876991,0.769779,0.695336,0.666832
4.90136,4.90067,4.89881,4.89592,4.89216,4.88764,4.88247,4.87675,4.87058,4.86401,4.85711,4.84997,4.84263,4.83513,4.82749,4.81975,4.81197,4.80415,4.79631,4.78846,4.7806,4.77274,4.76488,4.75704,4.74923,4.74141,4.73359,4.72575,4.71787,4.70995,4.70197,4.69392,4.68578,4.67755,4.66918,4.66066,4.65196,4.64305,4.63389,4.62446,4.61472,4.60466,4.59421,4.58336,4.57205,4.56023,4.54784,4.53483,4.52114,4.50669,4.49144,4.47532,4.45823,4.4401,4.42081,4.40027,4.37835,4.35495,4.32997,4.30326,4.27468,4.24405,4.21118,4.17595,4.13818,4.09766,4.05414,4.0074,3.95724,3.90343,3.84565,3.78365,3.71721,3.64604,3.56982,3.48841,3.4016,3.30913,3.21097,3.10701,2.9972,2.88173,2.76059,2.63417,2.50261,2.36633,2.22559,2.0807,1.93205,1.78018,1.62589,1.47037,1.31525,1.16297,1.01685,0.881381,0.762112,0.666222,0.601915,0.577614
5.13189,5.13088,5.12815,5.12396,5.11851,5.11202,5.10466,5.09657,5.08789,5.07874,5.06922,5.0594,5.04935,5.03916,5.02889,5.01855,5.00817,4.99778,4.98742,4.97712,4.96687,4.95668,4.94655,4.93646,4.92641,4.9164,4.90644,4.8965,4.88658,4.87665,4.86669,4.85668,4.84659,4.83639,4.82608,4.81563,4.805,4.79417,4.78311,4.77178,4.76014,4.74814,4.73575,4.72292,4.70962,4.69579,4.68138,4.66635,4.65064,4.63416,4.61686,4.59865,4.57947,4.55924,4.53788,4.5153,4.4914,4.46605,4.43913,4.41054,4.38014,4.34783,4.31343,4.27674,4.23762,4.1959,4.15142,4.10392,4.05316,3.99893,3.94104,3.87915,3.81295,3.7422,3.66657,3.5856,3.49901,3.40639,3.30723,3.20129,3.08806,2.9673,2.83885,2.70251,2.55848,2.40673,2.24782,2.08219,1.91107,1.73586,1.55895,1.38301,1.21176,1.04921,0.900011,0.768461,0.659067,0.575754,0.522414,0.502732
5.34741,5.34611,5.34253,5.33705,5.32999,5.32158,5.31208,5.30172,5.29064,5.279,5.26695,5.2546,5.24203,5.2293,5.21648,5.20365,5.19085,5.17809,5.16539,5.15277,5.14024,5.12782,5.1155,5.1033,5.09119,5.07917,5.0672,5.05529,5.0434,5.03154,5.01968,5.0078,4.99587,4.98387,4.97176,4.95949,4.94705,4.9344,4.92152,4.90835,4.89487,4.88105,4.86683,4.85217,4.837,4.8213,4.805,4.78804,4.77038,4.75197,4.73273,4.71261,4.69151,4.66936,4.64608,4.62158,4.5958,4.56864,4.53999,4.50974,4.47774,4.44388,4.40806,4.37015,4.32995,4.28728,4.24198,4.1939,4.14282,4.08846,4.03058,3.96899,3.90332,3.83317,3.7582,3.67796,3.59179,3.49921,3.39951,3.29192,3.17589,3.05058,2.91554,2.77027,2.61456,2.44843,2.27232,2.08728,1.89498,1.69803,1.49998,1.30522,1.11918,0.947488,0.795789,0.668429,0.568718,0.497589,0.454679,0.439523
5.54346,5.54187,5.5376,5.53103,5.52255,5.51252,5.50119,5.48883,5.47567,5.46188,5.44762,5.43302,5.41821,5.40327,5.38826,5.37325,5.35827,5.34337,5.3286,5.31397,5.29946,5.28509,5.27086,5.25677,5.24281,5.22898,5.21527,5.20165,5.18809,5.17457,5.16107,5.14755,5.13399,5.12037,5.10665,5.09282,5.07883,5.06462,5.05017,5.03545,5.02039,5.00496,4.98911,4.97282,4.95603,4.93868,4.92074,4.90213,4.88279,4.86267,4.84171,4.81984,4.79701,4.77315,4.74818,4.72201,4.69455,4.66572,4.63544,4.60363,4.57018,4.53498,4.49787,4.45874,4.41749,4.37399,4.32801,4.27937,4.2279,4.17342,4.1156,4.05414,3.98878,3.91908,3.84449,3.76455,3.67858,3.58574,3.48528,3.37618,3.25745,3.12816,2.98723,2.83405,2.66793,2.48899,2.29759,2.0953,1.88427,1.66818,1.45152,1.24035,1.04133,0.861625,0.707473,0.583562,0.491846,0.430908,0.39669,0.385392
5.71616,5.7144,5.70959,5.70225,5.69276,5.68149,5.6688,5.65495,5.64018,5.62472,5.60875,5.59241,5.57581,5.55908,5.5423,5.52554,5.50885,5.49226,5.4758,5.4595,5.44339,5.42747,5.41173,5.39616,5.38075,5.3655,5.35037,5.33536,5.32045,5.30561,5.29082,5.27604,5.26124,5.24637,5.23143,5.21633,5.20108,5.18563,5.16995,5.15398,5.13769,5.12103,5.10395,5.08639,5.06829,5.04963,5.03034,5.01038,4.98969,4.9682,4.94586,4.92259,4.89832,4.87299,4.84653,4.8189,4.79,4.75976,4.72806,4.69483,4.65999,4.62346,4.58514,4.5449,4.50258,4.45809,4.4113,4.36203,4.31002,4.25506,4.19695,4.13531,4.06972,3.99981,3.92504,3.84469,3.75812,3.66445,3.56261,3.45163,3.33014,3.19699,3.0509,2.89079,2.71597,2.52624,2.3223,2.10574,1.87945,1.64764,1.41589,1.1913,0.981577,0.794865,0.637949,0.515762,0.429139,0.375019,0.346783,0.338134
5.86272,5.86085,5.85576,5.84794,5.83785,5.82586,5.81233,5.79755,5.78179,5.76526,5.74817,5.73068,5.71294,5.69503,5.67705,5.6591,5.64124,5.62351,5.60594,5.58855,5.57134,5.55434,5.53755,5.52097,5.50459,5.48838,5.47233,5.45641,5.4406,5.42486,5.40917,5.39352,5.37786,5.36215,5.34637,5.33047,5.3144,5.29812,5.28159,5.26477,5.24762,5.23008,5.21211,5.19367,5.17471,5.15514,5.13494,5.11402,5.09233,5.06983,5.04645,5.02214,4.99681,4.97039,4.94283,4.91402,4.88392,4.85245,4.81956,4.78515,4.7491,4.71134,4.67178,4.63036,4.58693,4.54135,4.49347,4.44315,4.39021,4.33436,4.27528,4.21272,4.14624,4.07527,3.99932,3.91772,3.82958,3.73409,3.63016,3.51652,3.39196,3.25492,3.10415,2.93826,2.75657,2.55865,2.34536,2.11832,1.8809,1.63761,1.39493,1.16035,0.942456,0.749699,0.589433,0.466468,0.381165,0.329519,0.303816,0.296234
5.98149,5.97957,5.97439,5.96642,5.9561,5.94387,5.93003,5.9149,5.89876,5.88183,5.86431,5.84636,5.82812,5.80974,5.79131,5.77289,5.75453,5.73629,5.71823,5.70036,5.68271,5.66527,5.64803,5.63099,5.61414,5.59748,5.58099,5.56465,5.54843,5.5323,5.51622,5.50016,5.48407,5.46795,5.45174,5.43541,5.41892,5.40224,5.3853,5.36806,5.35048,5.33249,5.31407,5.29514,5.27566,5.25559,5.23485,5.2134,5.19118,5.16809,5.14409,5.1191,5.09308,5.06594,5.03762,5.00805,4.97713,4.94477,4.91091,4.87548,4.83841,4.7996,4.75891,4.71624,4.67152,4.62463,4.57539,4.5236,4.46909,4.41164,4.35092,4.28653,4.21813,4.14519,4.06702,3.98302,3.89235,3.79399,3.68697,3.56996,3.44169,3.30073,3.14561,2.9752,2.78848,2.58529,2.36612,2.13292,1.88889,1.63898,1.38979,1.14903,0.925533,0.727734,0.563262,0.436616,0.34836,0.294381,0.267304,0.259079
6.07189,6.07,6.06488,6.05702,6.04688,6.0348,6.02116,6.00627,5.99035,5.97366,5.95639,5.93872,5.92076,5.90262,5.88441,5.86622,5.84811,5.83011,5.81225,5.79456,5.77706,5.75977,5.74269,5.7258,5.70911,5.69258,5.67618,5.65992,5.64376,5.62768,5.61165,5.59565,5.57963,5.56356,5.54739,5.53108,5.51459,5.49788,5.48091,5.46364,5.44602,5.42801,5.40954,5.39055,5.37101,5.35082,5.32995,5.30835,5.28593,5.26266,5.23846,5.21325,5.18694,5.15947,5.13076,5.10074,5.06934,5.03645,5.00199,4.96584,4.92791,4.88812,4.84637,4.80254,4.75644,4.70797,4.657,4.60334,4.54674,4.48694,4.4237,4.35667,4.28533,4.20927,4.12789,4.04038,3.94602,3.84386,3.73274,3.61166,3.47918,3.33416,3.17522,3.00135,2.81162,2.60588,2.38455,2.1495,1.90371,1.65215,1.40099,1.15795,0.93135,0.729547,0.559831,0.426607,0.331047,0.26998,0.237522,0.227036
6.13432,6.13252,6.12765,6.12018,6.11052,6.09906,6.08612,6.07197,6.05689,6.04108,6.02471,6.00794,5.9909,5.97371,5.95643,5.93913,5.92189,5.90474,5.88772,5.87086,5.85415,5.83761,5.82123,5.80502,5.78896,5.77306,5.75729,5.74163,5.72605,5.71051,5.69499,5.67948,5.66391,5.64828,5.63255,5.61668,5.60062,5.58433,5.56776,5.55086,5.53359,5.51589,5.49774,5.47906,5.45981,5.43993,5.41935,5.398,5.37582,5.35272,5.32866,5.30356,5.27735,5.24993,5.22123,5.19113,5.15953,5.12637,5.09154,5.05493,5.01641,4.97584,4.93308,4.88803,4.84055,4.79044,4.73749,4.68154,4.62239,4.55975,4.49328,4.42271,4.34762,4.26747,4.18173,4.08977,3.9907,3.88375,3.76787,3.642,3.50513,3.35606,3.19393,3.01767,2.82685,2.6211,2.40113,2.1683,1.9255,1.67698,1.42833,1.18666,0.959452,0.7546,0.578658,0.436285,0.329476,0.257049,0.215552,0.201412
6.17015,6.16852,6.16408,6.15728,6.14849,6.13805,6.12627,6.11341,6.09967,6.08527,6.07035,6.05505,6.03948,6.02375,6.00793,5.99208,5.97625,5.96048,5.94478,5.9292,5.91375,5.89845,5.88328,5.86822,5.85328,5.83845,5.82369,5.80902,5.7944,5.77982,5.76524,5.75062,5.73594,5.72116,5.70624,5.69115,5.67586,5.66032,5.64451,5.62836,5.61182,5.59486,5.5774,5.55939,5.54079,5.52152,5.50154,5.48079,5.45918,5.43665,5.4131,5.38846,5.36264,5.33556,5.30712,5.27722,5.24577,5.21261,5.17763,5.14071,5.10173,5.06053,5.01695,4.97078,4.92186,4.87004,4.81508,4.75672,4.69471,4.62885,4.55878,4.48412,4.40455,4.31962,4.22874,4.13139,4.02689,3.91439,3.7932,3.66232,3.52097,3.36829,3.20355,3.02618,2.83586,2.63253,2.41684,2.18992,1.9542,1.71291,1.47087,1.23383,1.00838,0.801313,0.618502,0.464975,0.343839,0.256627,0.203235,0.184329
6.18178,6.18036,6.17653,6.17065,6.16306,6.15402,6.14379,6.1326,6.12064,6.10804,6.09497,6.08154,6.06786,6.05398,6.03999,6.02594,6.01188,5.99785,5.98387,5.96995,5.9561,5.94233,5.92866,5.91508,5.90158,5.88814,5.87476,5.86141,5.84808,5.83472,5.82134,5.80792,5.7944,5.78078,5.76701,5.75305,5.73886,5.72439,5.70961,5.69448,5.67897,5.663,5.64653,5.62952,5.61189,5.59358,5.57452,5.55463,5.53386,5.51213,5.48937,5.46547,5.44034,5.41387,5.38596,5.35648,5.32532,5.29238,5.25749,5.22049,5.18121,5.13948,5.09515,5.04803,4.99784,4.94436,4.88737,4.82665,4.76184,4.69264,4.61877,4.5399,4.45556,4.36542,4.26905,4.16586,4.05542,3.93714,3.81034,3.67453,3.52896,3.37325,3.20678,3.02952,2.84121,2.64232,2.43324,2.21518,1.98967,1.75909,1.52693,1.29738,1.07572,0.867284,0.677475,0.511586,0.374257,0.270023,0.202998,0.17856
6.17245,6.1713,6.16819,6.1634,6.15716,6.14975,6.14131,6.13202,6.12205,6.11153,6.10056,6.08922,6.07762,6.06584,6.05392,6.0419,6.02981,6.01771,6.00561,5.99354,5.9815,5.96951,5.95754,5.94561,5.93371,5.92185,5.91,5.89816,5.8863,5.87441,5.86245,5.8504,5.83823,5.82592,5.81344,5.80077,5.78785,5.77466,5.76116,5.74728,5.73297,5.71821,5.70293,5.68708,5.6706,5.65343,5.63551,5.61675,5.59707,5.57639,5.55459,5.53162,5.50736,5.48171,5.45454,5.42572,5.39511,5.36255,5.32789,5.29099,5.25164,5.20963,5.16473,5.11674,5.06546,5.01058,4.9518,4.88882,4.82138,4.74912,4.67164,4.58863,4.49976,4.40455,4.3027,4.19387,4.07759,3.95362,3.82156,3.6811,3.53197,3.37388,3.20682,3.03073,2.84598,2.65298,2.45234,2.24502,2.03185,1.81437,1.59439,1.37456,1.15831,0.949534,0.753184,0.574758,0.420753,0.298748,0.217608,0.187316
6.14598,6.1451,6.14269,6.13898,6.13415,6.12833,6.1217,6.11438,6.10645,6.09802,6.08919,6.08003,6.0706,6.06094,6.05112,6.04118,6.03115,6.02106,6.0109,6.00072,5.99053,5.98032,5.97012,5.95993,5.94971,5.93947,5.92921,5.91891,5.90856,5.89813,5.88763,5.87702,5.86628,5.85537,5.84426,5.83293,5.82134,5.80945,5.79722,5.78464,5.77165,5.75818,5.74418,5.7296,5.71438,5.69845,5.68173,5.66416,5.64566,5.62614,5.60551,5.58365,5.56043,5.53574,5.50946,5.48146,5.45158,5.41965,5.38548,5.34887,5.30963,5.26757,5.22243,5.17393,5.12177,5.06573,5.00551,4.94071,4.87099,4.79605,4.71552,4.62896,4.53605,4.4365,4.3299,4.21606,4.09479,3.96584,3.8293,3.68498,3.53308,3.37363,3.20695,3.03326,2.85321,2.66723,2.47618,2.28048,2.08076,1.87747,1.67095,1.4622,1.25258,1.04474,0.842928,0.652987,0.483269,0.344406,0.249901,0.213984
6.1062,6.10553,6.10375,6.10099,6.09738,6.09304,6.08804,6.08248,6.07644,6.06997,6.06314,6.05599,6.04859,6.04097,6.03315,6.02518,6.01708,6.00887,6.0006,5.99224,5.98381,5.97534,5.9668,5.95821,5.94958,5.9409,5.93215,5.92333,5.91441,5.9054,5.89627,5.88699,5.87756,5.86795,5.85815,5.84811,5.83779,5.82718,5.81622,5.80486,5.79307,5.78082,5.76805,5.7547,5.7407,5.726,5.71052,5.69417,5.67687,5.65852,5.63903,5.6183,5.59622,5.57264,5.54741,5.52037,5.49137,5.46022,5.42676,5.39076,5.35196,5.31012,5.26501,5.21635,5.16384,5.10711,5.04585,4.97977,4.90848,4.83155,4.74867,4.6595,4.56362,4.46075,4.35071,4.23319,4.1082,3.97576,3.83593,3.68912,3.53556,3.37594,3.21061,3.04042,2.86586,2.68771,2.50655,2.3227,2.13641,1.94717,1.7543,1.55702,1.35494,1.14946,0.943944,0.744718,0.5617,0.408521,0.302544,0.261811
6.05645,6.05598,6.05469,6.05269,6.05006,6.04689,6.04323,6.03912,6.03462,6.02978,6.02463,6.01919,6.0135,6.0076,6.00151,5.99525,5.98882,5.98226,5.97557,5.96878,5.96189,5.9549,5.94783,5.94066,5.9334,5.92604,5.91859,5.91104,5.90338,5.89559,5.88766,5.87958,5.87131,5.86284,5.85414,5.84519,5.83598,5.82645,5.81659,5.80635,5.79568,5.78453,5.77284,5.76057,5.74767,5.73406,5.71968,5.70444,5.68828,5.67107,5.65272,5.63311,5.6121,5.5896,5.56545,5.53948,5.51151,5.48134,5.44875,5.41354,5.37547,5.33427,5.28963,5.24124,5.18883,5.13207,5.07056,5.00392,4.93184,4.85397,4.76986,4.67921,4.58176,4.47715,4.36519,4.24584,4.11898,3.98485,3.84369,3.69601,3.54249,3.38389,3.22114,3.05514,2.88666,2.71653,2.54504,2.37257,2.19872,2.02248,1.84232,1.65603,1.46205,1.26039,1.05363,0.848431,0.655922,0.492347,0.377823,0.333576
5.99945,5.99912,5.99819,5.99674,5.99483,5.99249,5.98977,5.98672,5.98335,5.97967,5.97572,5.97154,5.96713,5.9625,5.95766,5.95265,5.94748,5.94216,5.93669,5.93107,5.92532,5.91945,5.91348,5.90739,5.9012,5.89488,5.88845,5.88188,5.87517,5.86832,5.86132,5.85415,5.84679,5.83923,5.83145,5.82341,5.81507,5.80642,5.79743,5.78805,5.77825,5.768,5.75724,5.7459,5.73393,5.72126,5.70782,5.69354,5.67832,5.66209,5.64474,5.62616,5.60621,5.58474,5.56162,5.53668,5.50976,5.48064,5.44912,5.41493,5.37783,5.33757,5.29384,5.24633,5.19466,5.13852,5.07759,5.01147,4.93973,4.86205,4.77814,4.68759,4.59012,4.48558,4.37371,4.25449,4.12801,3.99437,3.85413,3.70772,3.55611,3.40015,3.24112,3.07994,2.91782,2.75532,2.5929,2.43059,2.26756,2.10253,1.93326,1.75691,1.57112,1.37474,1.16975,0.962751,0.765758,0.596729,0.477455,0.431314
5.93718,5.93691,5.93619,5.93506,5.93355,5.93172,5.92955,5.92708,5.92433,5.92132,5.91807,5.91457,5.91085,5.90694,5.90283,5.89854,5.89406,5.88943,5.88464,5.87973,5.87469,5.86951,5.8642,5.85876,5.8532,5.84753,5.84172,5.83579,5.82974,5.82352,5.81714,5.81058,5.80383,5.79688,5.78969,5.78226,5.77457,5.76657,5.75822,5.74949,5.74035,5.73075,5.72064,5.70998,5.69872,5.68678,5.6741,5.6606,5.64619,5.63076,5.61423,5.5965,5.57745,5.55694,5.5348,5.51088,5.48499,5.45694,5.42654,5.39355,5.3577,5.31871,5.27628,5.23013,5.17994,5.1253,5.06585,5.00127,4.93121,4.85522,4.77299,4.68428,4.58874,4.48618,4.37656,4.25973,4.13588,4.00526,3.86822,3.72552,3.57784,3.42638,3.27219,3.11661,2.96072,2.80528,2.65083,2.49693,2.34272,2.18658,2.02597,1.8581,1.68018,1.49048,1.29053,1.08655,0.8909,0.722017,0.602399,0.556127
5.87074,5.8705,5.86981,5.86875,5.86734,5.86559,5.86354,5.8612,5.85857,5.85568,5.85254,5.84917,5.84558,5.84178,5.83779,5.83364,5.82932,5.82485,5.82024,5.81548,5.81061,5.80562,5.80052,5.79532,5.78999,5.78454,5.77897,5.77328,5.76745,5.76149,5.75539,5.74913,5.74269,5.73604,5.72918,5.72206,5.71468,5.70701,5.69902,5.69068,5.68195,5.67277,5.66311,5.6529,5.6421,5.63065,5.61848,5.60553,5.59171,5.57694,5.56112,5.54411,5.52581,5.50609,5.48483,5.46187,5.43704,5.41013,5.38094,5.34925,5.31484,5.27746,5.23679,5.19253,5.14437,5.09203,5.03512,4.97322,4.90603,4.83323,4.75443,4.66929,4.57767,4.47927,4.37401,4.26197,4.14313,4.01788,3.88654,3.74974,3.60824,3.463,3.31505,3.16574,3.01601,2.86697,2.71892,2.5715,2.42384,2.27408,2.11992,1.95889,1.78827,1.60653,1.41489,1.21902,1.03084,0.868024,0.75271,0.708088
5.80038,5.80009,5.79929,5.79804,5.79637,5.79433,5.79193,5.78921,5.7862,5.7829,5.77933,5.77554,5.77153,5.76734,5.76296,5.75842,5.75374,5.74894,5.744,5.73896,5.73381,5.72856,5.72322,5.71778,5.71227,5.70667,5.70096,5.69515,5.68923,5.68318,5.67699,5.67066,5.66417,5.6575,5.65064,5.64356,5.63624,5.62864,5.62072,5.61247,5.60384,5.59481,5.58532,5.57534,5.5648,5.55364,5.5418,5.5292,5.51578,5.50145,5.48611,5.4697,5.45208,5.43313,5.4127,5.39065,5.36685,5.34112,5.31328,5.28311,5.25037,5.21485,5.17632,5.13448,5.08904,5.03966,4.98608,4.92797,4.86492,4.7966,4.72278,4.64307,4.5572,4.46506,4.36644,4.26135,4.14993,4.03228,3.90893,3.78016,3.64681,3.50943,3.36914,3.22675,3.08341,2.94,2.79685,2.65399,2.5105,2.3648,2.21511,2.05932,1.8955,1.72284,1.54252,1.35968,1.18489,1.034,0.927471,0.886228
5.72543,5.72503,5.72393,5.72223,5.71998,5.71726,5.71411,5.71058,5.7067,5.70253,5.69811,5.69344,5.68857,5.68353,5.67833,5.67301,5.66755,5.66198,5.65634,5.65061,5.64483,5.63896,5.63304,5.62706,5.621,5.61487,5.60868,5.60242,5.59608,5.58964,5.58309,5.57643,5.56962,5.56266,5.55551,5.54816,5.54061,5.53281,5.52474,5.51636,5.50764,5.49852,5.48898,5.47897,5.46845,5.45736,5.44564,5.43324,5.42008,5.40607,5.39114,5.37517,5.35811,5.33982,5.32022,5.29914,5.27645,5.25198,5.22559,5.1971,5.16633,5.13305,5.09701,5.05801,5.01581,4.97013,4.92064,4.86709,4.80922,4.74666,4.67909,4.6063,4.52798,4.44386,4.35391,4.2579,4.15591,4.04809,3.93458,3.81585,3.6922,3.56429,3.43271,3.29812,3.16142,3.02311,2.88383,2.74378,2.60241,2.45887,2.31195,2.16023,2.00297,1.84032,1.67393,1.50837,1.35218,1.21858,1.12483,1.08856
5.64429,5.64373,5.6422,5.63984,5.63677,5.63307,5.62886,5.62419,5.61915,5.61378,5.60813,5.60227,5.59622,5.59001,5.58367,5.57722,5.5707,5.56413,5.55749,5.55081,5.54408,5.53735,5.53058,5.52379,5.51698,5.51015,5.50325,5.49632,5.48932,5.48227,5.47515,5.46793,5.4606,5.45315,5.44556,5.43779,5.42981,5.42162,5.41319,5.40447,5.39545,5.3861,5.37636,5.36619,5.35555,5.34438,5.33265,5.32029,5.30724,5.29344,5.27882,5.2633,5.24676,5.22914,5.21031,5.1902,5.16869,5.14563,5.12087,5.09425,5.06564,5.03486,5.00173,4.96602,4.92751,4.88602,4.84132,4.79311,4.74114,4.68522,4.62505,4.56029,4.49081,4.41628,4.33645,4.25127,4.16049,4.06417,3.96228,3.85503,3.74257,3.6253,3.50337,3.37739,3.24756,3.11437,2.97843,2.84003,2.69944,2.55669,2.41133,2.2631,2.11249,1.96075,1.81032,1.66527,1.53182,1.41986,1.3421,1.31218
5.55468,5.55393,5.55191,5.54881,5.54478,5.54,5.53457,5.52862,5.52223,5.51549,5.50847,5.50121,5.49378,5.48623,5.47858,5.47088,5.46311,5.45533,5.44754,5.43977,5.43201,5.42425,5.41651,5.40879,5.40109,5.39339,5.3857,5.37802,5.37031,5.36256,5.35475,5.34689,5.33895,5.33092,5.32276,5.31446,5.30603,5.29739,5.28853,5.27943,5.27005,5.26035,5.25031,5.23991,5.22909,5.21781,5.20602,5.19368,5.18072,5.16708,5.15272,5.13757,5.12158,5.10465,5.0867,5.06761,5.04732,5.02573,5.00272,4.97819,4.95197,4.92393,4.89393,4.86184,4.82748,4.79061,4.75111,4.7088,4.66342,4.61474,4.56261,4.50678,4.44692,4.38287,4.31432,4.24098,4.1627,4.07908,3.99013,3.89553,3.79542,3.68959,3.57824,3.46134,3.33887,3.2112,3.07862,2.94171,2.8015,2.65886,2.51459,2.36988,2.22638,2.08647,1.95344,1.83085,1.72288,1.63545,1.57596,1.55337
5.45398,5.45306,5.45058,5.44677,5.44185,5.436,5.4294,5.42217,5.41444,5.40633,5.39791,5.38928,5.38048,5.37157,5.36261,5.3536,5.34461,5.33564,5.3267,5.31781,5.30898,5.30023,5.29153,5.2829,5.27433,5.26581,5.25731,5.24886,5.24042,5.232,5.22358,5.21512,5.20661,5.19803,5.18937,5.1806,5.17168,5.16261,5.15338,5.14394,5.13425,5.12431,5.11405,5.10346,5.09249,5.08112,5.06932,5.05703,5.04421,5.03084,5.01683,5.00214,4.98672,4.9705,4.95346,4.93551,4.91658,4.89657,4.87541,4.85303,4.82935,4.80426,4.77762,4.74933,4.71929,4.6874,4.65344,4.61728,4.57882,4.53785,4.49412,4.4475,4.39776,4.34455,4.2877,4.22677,4.16142,4.09129,4.01586,3.93482,3.84767,3.75411,3.65389,3.54657,3.43216,3.31062,3.18213,3.04758,2.90832,2.76616,2.62343,2.48283,2.34721,2.22008,2.10523,2.00586,1.92442,1.8627,1.82264,1.80788
5.33972,5.33866,5.3358,5.33141,5.32574,5.319,5.31137,5.30306,5.2942,5.2849,5.27528,5.26545,5.25546,5.24539,5.23526,5.22515,5.21507,5.20507,5.19515,5.18533,5.1756,5.16599,5.15648,5.14708,5.13779,5.12858,5.11947,5.11041,5.10142,5.09245,5.08351,5.07457,5.06564,5.05667,5.04765,5.03855,5.02936,5.02003,5.01054,5.00089,4.99104,4.98097,4.97064,4.96004,4.94911,4.93784,4.92618,4.91411,4.90159,4.88858,4.87505,4.86098,4.84631,4.831,4.81499,4.79825,4.78076,4.76247,4.7433,4.72321,4.70213,4.68003,4.65685,4.63251,4.6069,4.57997,4.55166,4.52181,4.49028,4.45699,4.42178,4.38437,4.34463,4.30229,4.25694,4.20834,4.15588,4.09914,4.03741,3.97007,3.89626,3.81545,3.72675,3.62977,3.52418,3.40971,3.28672,3.15611,3.01945,2.87938,2.73963,2.60429,2.47763,2.36408,2.26762,2.19114,2.13557,2.09893,2.07815,2.07114
5.20983,5.20867,5.20554,5.20073,5.19451,5.18713,5.17882,5.16974,5.16007,5.14996,5.13951,5.12883,5.118,5.1071,5.09621,5.08535,5.07455,5.06384,5.05326,5.04281,5.03251,5.02235,5.01234,5.00247,4.99273,4.98312,4.97362,4.96424,4.95493,4.9457,4.93654,4.92739,4.91826,4.90912,4.89996,4.89077,4.88149,4.87214,4.86269,4.85309,4.84332,4.83336,4.82319,4.81278,4.80211,4.79116,4.7799,4.7683,4.75631,4.74394,4.73114,4.71789,4.70416,4.68995,4.67522,4.65994,4.64406,4.62759,4.61052,4.59282,4.57448,4.55543,4.53567,4.5152,4.49399,4.47197,4.44908,4.42531,4.40056,4.37465,4.34753,4.31904,4.28886,4.2568,4.22251,4.18551,4.14541,4.1014,4.05289,3.99879,3.93832,3.87022,3.7936,3.70774,3.6119,3.50596,3.39031,3.2658,3.13432,2.99911,2.86472,2.73647,2.62007,2.52066,2.44228,2.38739,2.35543,2.3416,2.33851,2.33864
5.06284,5.06164,5.05836,5.05333,5.04687,5.03919,5.03055,5.02114,5.01113,5.00066,4.98987,4.97887,4.96774,4.95656,4.94537,4.93425,4.92322,4.91233,4.90156,4.89095,4.88051,4.87025,4.86015,4.85021,4.84045,4.83083,4.82134,4.81197,4.80272,4.79357,4.78448,4.77546,4.76649,4.75754,4.74858,4.73959,4.73058,4.72149,4.7123,4.70303,4.69365,4.68412,4.67442,4.66453,4.65442,4.64408,4.63348,4.62261,4.61147,4.60002,4.58824,4.57612,4.56363,4.55077,4.53752,4.52391,4.50991,4.49551,4.4807,4.46548,4.44989,4.43394,4.41763,4.40092,4.38386,4.36648,4.34875,4.33059,4.31202,4.293,4.27332,4.25289,4.23154,4.20887,4.18465,4.15836,4.12942,4.09721,4.06077,4.01921,3.97133,3.91583,3.85166,3.77757,3.69282,3.59723,3.49107,3.37538,3.25238,3.12555,2.99974,2.88115,2.77648,2.69151,2.6304,2.59495,2.58317,2.58846,2.60012,2.60624
4.89803,4.89683,4.89359,4.88864,4.88224,4.87469,4.86618,4.85693,4.84711,4.83688,4.82634,4.81561,4.80478,4.79392,4.78309,4.77232,4.76165,4.75111,4.74075,4.73055,4.72053,4.71068,4.701,4.69152,4.68219,4.67301,4.66399,4.65512,4.64635,4.63768,4.6291,4.6206,4.61214,4.60373,4.59533,4.58695,4.57853,4.57009,4.5616,4.55301,4.54433,4.53554,4.52662,4.51757,4.50837,4.49899,4.48942,4.47964,4.46963,4.4594,4.44894,4.43823,4.42729,4.4161,4.40464,4.39293,4.38098,4.36882,4.35646,4.34391,4.33116,4.31827,4.30529,4.29225,4.27916,4.26602,4.25294,4.23991,4.22685,4.21378,4.20068,4.18731,4.17355,4.15917,4.14369,4.12678,4.10771,4.08586,4.06028,4.03004,3.99382,3.95057,3.89879,3.83722,3.76505,3.68179,3.58767,3.48398,3.37311,3.25855,3.14515,3.03932,2.94806,2.8777,2.83256,2.81368,2.81791,2.83758,2.85996,2.87045
4.71561,4.71451,4.71152,4.70693,4.70102,4.69403,4.6862,4.67769,4.66867,4.65928,4.64963,4.63982,4.62993,4.62003,4.61017,4.6004,4.59074,4.58122,4.57183,4.56261,4.55357,4.54471,4.53602,4.52749,4.51912,4.51091,4.50283,4.49488,4.48706,4.47934,4.47172,4.46416,4.45666,4.4492,4.44178,4.43435,4.42695,4.41951,4.41205,4.40454,4.39698,4.38934,4.3816,4.37375,4.36579,4.35769,4.34947,4.34112,4.33262,4.32396,4.31514,4.30616,4.29701,4.28772,4.27831,4.26878,4.25913,4.24937,4.23956,4.22972,4.2199,4.21011,4.20038,4.19078,4.18138,4.17222,4.16329,4.15467,4.14642,4.13845,4.13075,4.12332,4.11586,4.10821,4.10007,4.09088,4.08021,4.06716,4.05109,4.0308,4.00541,3.97362,3.93406,3.88567,3.82737,3.75849,3.67927,3.59101,3.49601,3.39767,3.30069,3.21094,3.13506,3.07949,3.04863,3.04295,3.05862,3.08737,3.11583,3.12874
