SPACE_POINTS_X
-9.53674e-07,0.380572,0.748162,1.10326,1.44636,1.77791,2.09836,2.40815,2.70769,2.99739,3.27763,3.54881,3.81127,4.06539,4.31149,4.54991,4.78098,5.00501,5.22229,5.43313,5.6378,5.83658,6.02974,6.21755,6.40025,6.57809,6.75131,6.92015,7.08483,7.24558,7.40261,7.55613,7.70635,7.85348,7.99771,8.13924,8.27826,8.41496,8.54951,8.68211,8.81293,8.94214,9.06993,9.19646,9.32191,9.44644,9.57023,9.69343,9.81623,9.93877,10.0612,10.1838,10.3066,10.4298,10.5536,10.6781,10.8035,10.9301,11.0579,11.1871,11.3179,11.4505,11.585,11.7217,11.8608,12.0023,12.1465,12.2936,12.4439,12.5974,12.7544,12.9152,13.0798,13.2487,13.4219,13.5998,13.7825,13.9703,14.1634,14.3622,14.5669,14.7777,14.995,15.219,15.4501,15.6885,15.9346,16.1887,16.4512,16.7224,17.0026,17.2923,17.5919,17.9016,18.2221,18.5536,18.8967,19.2518,19.6194,20
SPACE_POINTS_Y
0,0.00244652,0.00491642,0.00743328,0.0100212,0.0127048,0.0155098,0.018463,0.0215926,0.0249284,0.0285025,0.0323488,0.0365042,0.0410084,0.0459043,0.0512389,0.0570629,0.0634321,0.0704074,0.0780553,0.086449,0.0956686,0.105802,0.116947,0.129208,0.142704,0.157564,0.173929,0.191956,0.211816,0.2337,0.257817,0.284397,0.313695,0.345989,0.381589,0.420834,0.4641,0.511801,0.56439,0.622372,0.6863,0.756785,0.8345,0.920188,1.01467,1.11884,1.2337,1.36035,1.5
VALUES
0,0,0,0,0,0,0,0,0,0,0,0,0,0,0,0,0,0,0,0,0,0,0,0,0,0,0,0,0,0,0,0,0,0,0,0,0,0,0,0,0,0,0,0,0,0,0,0,0,0
1.29019e-10,1.41947e-10,1.55342e-10,1.70369e-10,1.86909e-10,2.05425e-10,2.26336e-10,2.50186e-10,2.7765e-10,3.0958e-10,3.47053e-10,3.91448e-10,4.44536e-10,5.0862e-10,5.86715e-10,6.82806e-10,8.02206e-10,9.52071e-10,1.14213e-09,1.38573e-09,1.70138e-09,2.11502e-09,2.66335e-09,3.39884e-09,4.39734e-09,5.76961e-09,7.67911e-09,1.03696e-08,1.42084e-08,1.97543e-08,2.78661e-08,3.9876e-08,5.78677e-08,8.51291e-08,1.26885e-07,1.91497e-07,2.9242e-07,4.5144e-07,7.04076e-07,1.1096e-06,1.78364e-06,3.56645e-06,-2.01019e-05,0.000250261,-0.00144758,0.0064171,-0.0223303,0.0656493,-0.167273,0.380572
6.04149e-09,6.61159e-09,7.20175e-09,7.85988e-09,8.5814e-09,9.38544e-09,1.02893e-08,1.13153e-08,1.2491e-08,1.38508e-08,1.5438e-08,1.73076e-08,1.95298e-08,2.21948e-08,2.54201e-08,2.93592e-08,3.42152e-08,4.02585e-08,4.78524e-08,5.74902e-08,6.98466e-08,8.5854e-08,1.06812e-07,1.34551e-07,1.71668e-07,2.21886e-07,2.90592e-07,3.8564e-07,5.18585e-07,7.06562e-07,9.75167e-07,1.3629e-06,1.92803e-06,2.75918e-06,3.99177e-06,5.8333e-06,8.60238e-06,1.27885e-05,1.91429e-05,2.88188e-05,4.36107e-05,6.75254e-05,5.18923e-05,0.000628505,-0.0026287,0.0128779,-0.0432742,0.129316,-0.326977,0.748162
1.04033e-07,1.13092e-07,1.22448e-07,1.32804e-07,1.44093e-07,1.56596e-07,1.70565e-07,1.86318e-07,2.04247e-07,2.24837e-07,2.48693e-07,2.76572e-07,3.09431e-07,3.4849e-07,3.95311e-07,4.51916e-07,5.20938e-07,6.05834e-07,7.1118e-07,8.43079e-07,1.00974e-06,1.22228e-06,1.49591e-06,1.85154e-06,2.3182e-06,2.93643e-06,3.76332e-06,4.8797e-06,6.40082e-06,8.49188e-06,1.13908e-05,1.54417e-05,2.11438e-05,2.92229e-05,4.07351e-05,5.72164e-05,8.08966e-05,0.000115002,0.000164177,0.000235066,0.000337142,0.000485609,0.000621322,0.00168756,-0.00277887,0.0203217,-0.061264,0.192025,-0.475451,1.10326
9.59511e-07,1.03571e-06,1.1142e-06,1.20038e-06,1.29375e-06,1.39648e-06,1.51046e-06,1.6381e-06,1.78231e-06,1.94666e-06,2.13554e-06,2.35438e-06,2.60999e-06,2.9109e-06,3.2679e-06,3.69477e-06,4.20917e-06,4.83391e-06,5.59868e-06,6.54237e-06,7.71628e-06,9.18848e-06,1.105e-05,1.34231e-05,1.64733e-05,2.04257e-05,2.5588e-05,3.23831e-05,4.13942e-05,5.34284e-05,6.96058e-05,9.14829e-05,0.000121225,0.00016184,0.000217503,0.000293987,0.000399243,0.000544147,0.000743473,0.00101711,0.0013916,0.00190438,0.00249952,0.00443009,-0.000672084,0.0301713,-0.0744527,0.255122,-0.608963,1.44636
5.69879e-06,6.10909e-06,6.53059e-06,6.98976e-06,7.48401e-06,8.02453e-06,8.6201e-06,9.28243e-06,1.00254e-05,1.08656e-05,1.18236e-05,1.29244e-05,1.41986e-05,1.56844e-05,1.74295e-05,1.94937e-05,2.19526e-05,2.49023e-05,2.84657e-05,3.28011e-05,3.8113e-05,4.46677e-05,5.28132e-05,6.3007e-05,7.5853e-05,9.21516e-05,0.000112967,0.000139721,0.000174313,0.000219289,0.00027806,0.000355199,0.000456826,0.000591113,0.00076893,0.00100467,0.00131726,0.00173143,0.00227918,0.00300149,0.00395037,0.00519395,0.00668869,0.00998906,0.00494339,0.0437826,-0.0814163,0.3198,-0.724654,1.77791
2.44891e-05,2.60742e-05,2.76086e-05,2.94988e-05,3.13251e-05,3.3389e-05,3.56376e-05,3.81216e-05,4.08891e-05,4.39972e-05,4.75146e-05,5.15244e-05,5.61276e-05,6.14483e-05,6.7639e-05,7.48886e-05,8.34326e-05,9.35656e-05,0.000105659,0.000120181,0.000137729,0.000159063,0.000185159,0.000217272,0.000257021,0.000306504,0.00036844,0.000446367,0.000544884,0.000669975,0.000829425,0.00103333,0.00129478,0.00163063,0.00206255,0.00261817,0.00333249,0.00424949,0.0054239,0.00692311,0.00882925,0.0112447,0.0141415,0.0193607,0.0150742,0.0621759,-0.081322,0.387033,-0.820589,2.09836
2.44891e-05,0.000128283,7.49094e-05,0.000100463,0.000102647,0.000108895,0.000115557,0.000122867,0.000130959,0.00013999,0.000150141,0.00016163,0.000174722,0.000189734,0.000207053,0.000227153,0.000250613,0.000278153,0.000310663,0.000349249,0.000395298,0.000450547,0.000517184,0.000597968,0.000696392,0.000816881,0.00096505,0.00114803,0.00137487,0.00165706,0.00200914,0.00244946,0.00300112,0.00369307,0.00456133,0.00565051,0.00701532,0.00872236,0.0108519,0.0134997,0.0167787,0.0208247,0.0256236,0.0332849,0.0303987,0.0859835,-0.0738382,0.457279,-0.885352,2.09836
0.000227534,0.000239686,0.000252158,0.000265295,0.000279397,0.000294471,0.000310819,0.000328681,0.000348353,0.000370179,0.000394567,0.000421997,0.000453043,0.00048839,0.000528862,0.000575456,0.000629379,0.000692104,0.000765431,0.000851573,0.000953251,0.00107383,0.00121747,0.00138933,0.00159584,0.00184498,0.00214666,0.00251325,0.00296009,0.00350621,0.00417518,0.00499604,0.00600445,0.00724398,0.0087675,0.0106388,0.012934,0.0157434,0.019173,0.0233461,0.028404,0.0345123,0.0416666,0.0522254,0.0512815,0.115499,-0.0591157,0.533419,-0.966178,2.70769
0.000543205,0.000569586,0.000596431,0.000624938,0.000655049,0.000687267,0.000722016,0.000759807,0.000801224,0.000846944,0.000897759,0.000954593,0.00101854,0.00109089,0.00117317,0.00126723,0.00137527,0.00149994,0.00164443,0.00181264,0.00200929,0.0022401,0.00251209,0.00283381,0.00321573,0.00367064,0.00421418,0.00486547,0.00564778,0.00658949,0.00772494,0.00909567,0.0107516,0.0127523,0.0151687,0.0180843,0.0215967,0.0258191,0.0308814,0.0369313,0.0441349,0.0526824,0.0625739,0.0763983,0.0778286,0.150739,-0.037378,0.61463,-1.03426,2.99739
0.00115023,0.00120113,0.00125283,0.00130748,0.00136499,0.00142628,0.00149213,0.00156344,0.00164126,0.00172678,0.00182138,0.00192667,0.0020445,0.00217708,0.00232699,0.00249727,0.00269156,0.00291417,0.00317025,0.00346598,0.00380877,0.00420753,0.00467297,0.00521801,0.00585822,0.00661234,0.00750295,0.00855717,0.00980753,0.0112929,0.0130597,0.0151629,0.0176674,0.0206492,0.0241971,0.0284138,0.0334168,0.0393401,0.0463346,0.0545686,0.0642282,0.075523,0.0884527,0.105819,0.109949,0.191518,-0.00892428,0.699668,-1.08534,3.27763
0.00220966,0.002299,0.00238962,0.00248498,0.00258503,0.00269128,0.00280503,0.00292776,0.00306118,0.00320723,0.00336811,0.00354637,0.00374496,0.0039673,0.00421739,0.0044999,0.00482035,0.00518521,0.00560217,0.00608029,0.00663037,0.00726521,0.00800005,0.00885301,0.00984565,0.0110036,0.0123572,0.0139427,0.0158024,0.0179866,0.0205542,0.0235737,0.027125,0.0313001,0.0362046,0.0419585,0.0486975,0.0565732,0.0657538,0.0764246,0.0887871,0.103065,0.119254,0.140353,0.147411,0.23752,0.0258348,0.787791,-1.12189,3.54881
0.00391822,0.00406337,0.00421041,0.00436462,0.00452571,0.00469652,0.00487869,0.00507463,0.00528692,0.00551848,0.00577261,0.00605311,0.00636431,0.00671121,0.00709961,0.00753622,0.00802888,0.00858674,0.00922051,0.00994274,0.0107682,0.0117143,0.0128013,0.0140533,0.0154985,0.0171701,0.0191068,0.0213541,0.023965,0.0270011,0.0305335,0.0346442,0.0394272,0.0449893,0.0514511,0.0589482,0.0676313,0.0776668,0.089237,0.10254,0.117788,0.135216,0.154811,0.179756,0.189891,0.288354,0.0664038,0.878511,-1.14579,3.81127
0.0065073,0.00672563,0.00692936,0.00718945,0.00742054,0.00768028,0.00795447,0.00824847,0.00856604,0.00891135,0.00928908,0.00970455,0.0101638,0.0106738,0.0112425,0.0118789,0.0125938,0.0133993,0.0143097,0.0153415,0.0165139,0.0178493,0.0193738,0.0211176,0.0231162,0.0254105,0.028048,0.0310836,0.0345807,0.0386118,0.0432602,0.0486202,0.0547986,0.0619155,0.0701047,0.0795148,0.090309,0.102666,0.116777,0.132852,0.151109,0.171791,0.194875,0.223716,0.237005,0.343586,0.112244,0.971435,-1.15855,4.06539
0.0065073,0.0132594,0.00968202,0.0114066,0.0115136,0.0118922,0.0122844,0.0127033,0.0131545,0.0136438,0.0141774,0.0147626,0.0154073,0.0161208,0.0169135,0.0177973,0.0187859,0.019895,0.0211427,0.0225499,0.0241407,0.0259427,0.0279881,0.0303138,0.0329624,0.0359827,0.0394309,0.0433712,0.047877,0.0530313,0.0589281,0.0656733,0.0733851,0.0821948,0.0922478,0.103703,0.116734,0.131527,0.148284,0.167218,0.188556,0.212543,0.239143,0.271876,0.288345,0.402771,0.162809,1.06617,-1.1581,4.06539
0.0152497,0.015688,0.0161378,0.0165928,0.0170803,0.0175837,0.0181188,0.01869,0.0193039,0.0199678,0.0206902,0.02148,0.0223479,0.0233053,0.0243655,0.0255435,0.0268564,0.0283237,0.0299677,0.0318138,0.033891,0.0362329,0.0388774,0.0418683,0.0452553,0.0490951,0.0534523,0.0583999,0.0640204,0.0704067,0.0776627,0.0859042,0.0952593,0.105869,0.117888,0.131483,0.146836,0.164141,0.183603,0.205441,0.229884,0.25718,0.287282,0.323861,0.343492,0.465468,0.217562,1.16251,-1.155,4.54991
0.0218971,0.0224832,0.0230743,0.0236869,0.0243226,0.0249892,0.0256939,0.0264444,0.0272493,0.028118,0.0290609,0.0300894,0.0312165,0.0324565,0.0338258,0.0353425,0.0370275,0.0389041,0.040999,0.0433423,0.0459684,0.0489163,0.0522301,0.0559601,0.0601631,0.0649034,0.0702532,0.076294,0.0831168,0.0908231,0.0995257,0.109349,0.120429,0.132915,0.14697,0.162766,0.180491,0.200343,0.222533,0.24728,0.274817,0.305392,0.338945,0.379291,0.402032,0.53125,0.275992,1.26022,-1.14683,4.78098
0.0303613,0.0311147,0.0318739,0.0326593,0.0334727,0.0343244,0.035223,0.0361784,0.0372011,0.0383026,0.0394957,0.0407943,0.0422141,0.0437724,0.0454887,0.0473846,0.0494846,0.0518164,0.0544109,0.0573031,0.0605326,0.0641439,0.0681871,0.0727189,0.0778028,0.0835101,0.0899205,0.0971228,0.105216,0.114309,0.124522,0.135987,0.148848,0.163259,0.179389,0.197416,0.217531,0.239936,0.264843,0.292475,0.323063,0.356857,0.393783,0.437795,0.463571,0.599716,0.337626,1.35893,-1.13167,5.00501
0.0408362,0.0417776,0.0427257,0.0437045,0.0447168,0.0457751,0.04689,0.0480733,0.0493378,0.0506974,0.0521673,0.0537641,0.0555063,0.0574142,0.0595107,0.0618211,0.0643735,0.0671998,0.0703355,0.0738202,0.0776986,0.0820207,0.0868424,0.0922264,0.0982425,0.104969,0.112491,0.120906,0.130318,0.140843,0.152609,0.165753,0.180424,0.196783,0.215002,0.235263,0.257759,0.282696,0.310285,0.340751,0.374324,0.411255,0.451458,0.499015,0.527732,0.670492,0.40203,1.45835,-1.1104,5.22229
0.0534871,0.0546349,0.0557901,0.0569805,0.0582103,0.0594941,0.0608446,0.0622759,0.0638031,0.0654425,0.067212,0.0691309,0.0712206,0.0735047,0.0760093,0.0787633,0.081799,0.085152,0.0888624,0.0929745,0.0975378,0.102608,0.108246,0.11452,0.121506,0.129288,0.137958,0.147618,0.15838,0.170365,0.183705,0.198544,0.215035,0.233342,0.25364,0.276115,0.300963,0.328387,0.358602,0.391831,0.428306,0.468276,0.511644,0.562617,0.59417,0.743236,0.46881,1.55818,-1.08377,5.43313
0.0684461,0.0698157,0.0711934,0.0726109,0.0740738,0.0755988,0.0772011,0.0788971,0.0807041,0.0826412,0.0847288,0.0869892,0.0894467,0.0921281,0.0950629,0.0982837,0.101826,0.105731,0.110042,0.114807,0.120082,0.125926,0.132407,0.139596,0.147577,0.156438,0.166277,0.1772,0.189326,0.20278,0.217699,0.234229,0.252529,0.272766,0.295116,0.319768,0.346917,0.376769,0.409537,0.445446,0.484726,0.527626,0.574038,0.628287,0.662563,0.817635,0.537612,1.65821,-1.05243,5.6378
0.0858114,0.0874153,0.089028,0.0906849,0.0923931,0.0941719,0.0960387,0.0980122,0.100112,0.102361,0.104781,0.107398,0.110238,0.113333,0.116714,0.120418,0.124485,0.128958,0.133887,0.139323,0.145326,0.151962,0.1593,0.16742,0.176408,0.186358,0.197373,0.209564,0.223052,0.237969,0.254455,0.272659,0.292743,0.314875,0.339234,0.366009,0.395397,0.427603,0.462841,0.501334,0.543313,0.589026,0.638356,0.695741,0.732622,0.893409,0.608119,1.75824,-1.01697,5.83658
0.105648,0.107496,0.109353,0.111258,0.113221,0.115263,0.117403,0.119664,0.122066,0.124636,0.127398,0.130381,0.133615,0.137133,0.140971,0.14517,0.149771,0.154824,0.16038,0.166496,0.173237,0.180671,0.188873,0.197927,0.207924,0.218962,0.231147,0.244597,0.259435,0.275796,0.293824,0.313671,0.335499,0.35948,0.385793,0.414628,0.446181,0.480659,0.518274,0.559249,0.603815,0.652221,0.704339,0.764717,0.804084,0.970308,0.680047,1.8581,-0.977896,6.02974
0.12799,0.130087,0.132196,0.134365,0.136575,0.13889,0.14131,0.143863,0.146574,0.149471,0.152581,0.155936,0.159569,0.163516,0.167816,0.172513,0.177654,0.18329,0.189476,0.196275,0.203754,0.211985,0.221049,0.231032,0.24203,0.254144,0.267486,0.282175,0.298338,0.316114,0.335649,0.357096,0.38062,0.406393,0.434596,0.465418,0.499055,0.535715,0.575608,0.618959,0.665998,0.716974,0.771751,0.834982,0.876717,1.04811,0.753147,1.95765,-0.935652,6.21755
0.153042,0.155297,0.15719,0.160203,0.162427,0.165044,0.167747,0.170596,0.173618,0.176844,0.180304,0.184032,0.188065,0.192442,0.197205,0.202401,0.20808,0.214297,0.221111,0.228588,0.236798,0.245818,0.255732,0.266632,0.278614,0.291786,0.30626,0.32216,0.339617,0.35877,0.379767,0.402764,0.427927,0.455428,0.485449,0.518179,0.553815,0.592563,0.634634,0.680253,0.729649,0.783073,0.840382,0.906326,0.950313,1.12662,0.827201,2.05679,-0.890632,6.40025
0.153042,0.203221,0.176946,0.189743,0.190777,0.193694,0.196683,0.199826,0.203159,0.206712,0.21052,0.214621,0.219051,0.223855,0.229077,0.234766,0.240977,0.247768,0.255201,0.263345,0.272274,0.28207,0.292818,0.304614,0.317558,0.33176,0.347337,0.364413,0.383123,0.403607,0.426017,0.450508,0.477246,0.506407,0.53817,0.572726,0.610271,0.651011,0.695158,0.742936,0.794574,0.850326,0.910041,0.978565,1.02469,1.20568,0.902018,2.15541,-0.842062,6.40025
0.210116,0.212876,0.215651,0.218677,0.221693,0.224802,0.228065,0.231499,0.235138,0.239015,0.243168,0.247634,0.252456,0.25768,0.263353,0.269527,0.27626,0.283613,0.291652,0.300449,0.310081,0.320631,0.332192,0.344858,0.358736,0.373936,0.390579,0.408791,0.428709,0.450475,0.47424,0.500164,0.528412,0.559159,0.592586,0.628884,0.668247,0.710883,0.757003,0.806832,0.8606,0.918564,0.980563,1.05154,1.09969,1.28513,0.977435,2.25344,-0.792377,6.75131
0.242554,0.245497,0.247858,0.251981,0.254853,0.258288,0.261827,0.265547,0.269486,0.27368,0.278169,0.282994,0.288199,0.293833,0.299946,0.306593,0.313835,0.321735,0.330363,0.339793,0.350106,0.361388,0.373734,0.387242,0.40202,0.418182,0.43585,0.455154,0.47623,0.499223,0.524287,0.551579,0.581267,0.613526,0.648537,0.68649,0.727581,0.772017,0.82001,0.871785,0.927574,0.987635,1.0518,1.1251,1.17518,1.36486,1.05331,2.35084,-0.741818,6.92015
0.242554,0.305802,0.272992,0.288927,0.290365,0.294083,0.297891,0.301891,0.306122,0.310625,0.315441,0.320614,0.326191,0.332223,0.338762,0.345868,0.353601,0.362031,0.371227,0.381268,0.392238,0.404225,0.417326,0.431642,0.447284,0.464368,0.483018,0.503366,0.525549,0.549713,0.576013,0.604609,0.635666,0.669361,0.705876,0.7454,0.788129,0.834271,0.884038,0.937657,0.995361,1.05741,1.12363,1.19914,1.25105,1.44475,1.12953,2.44758,-0.688706,6.92015
0.31381,0.317228,0.320616,0.324506,0.328239,0.332117,0.336179,0.340447,0.344961,0.349762,0.354893,0.360402,0.366338,0.372753,0.379703,0.38725,0.395457,0.404394,0.414137,0.424765,0.436364,0.449026,0.46285,0.47794,0.494407,0.512371,0.531957,0.553299,0.576535,0.601813,0.629287,0.659119,0.691475,0.726531,0.76447,0.80548,0.84976,0.897516,0.948962,1.00433,1.06384,1.12778,1.19595,1.27356,1.32719,1.52474,1.20599,2.54361,-0.634828,7.24558
0.353131,0.356688,0.359392,0.364646,0.368092,0.372287,0.376599,0.381126,0.385911,0.390998,0.396434,0.402265,0.408545,0.415327,0.422671,0.430639,0.439299,0.448723,0.458988,0.470176,0.482376,0.495682,0.510194,0.52602,0.543272,0.562073,0.582548,0.604832,0.629067,0.6554,0.683987,0.714988,0.748573,0.784915,0.824199,0.866615,0.912359,0.961641,1.01467,1.07169,1.13292,1.19864,1.26866,1.34826,1.40353,1.60475,1.28261,2.63895,-0.580464,7.40261
0.353131,0.42809,0.389628,0.408205,0.410072,0.414512,0.419065,0.42384,0.428885,0.434245,0.43997,0.446109,0.452716,0.459849,0.467568,0.475939,0.48503,0.494917,0.505678,0.517398,0.530169,0.544085,0.559251,0.575774,0.593771,0.613363,0.63468,0.657856,0.683035,0.710364,0.740001,0.772107,0.80685,0.844407,0.88496,0.928701,0.975828,1.02655,1.08108,1.13966,1.20251,1.26992,1.34169,1.42318,1.48001,1.68473,1.35934,2.73357,-0.524222,7.40261
0.437236,0.441216,0.445086,0.44975,0.454175,0.45872,0.463493,0.468502,0.473793,0.479414,0.485413,0.491844,0.498763,0.506228,0.514303,0.523054,0.532554,0.542879,0.55411,0.566334,0.579644,0.594138,0.609921,0.627104,0.645803,0.666143,0.688252,0.712269,0.738337,0.766606,0.797232,0.830378,0.866212,0.904912,0.946661,0.991651,1.04008,1.09216,1.14811,1.20816,1.27255,1.34155,1.41499,1.49827,1.55657,1.76463,1.43612,2.8275,-0.467453,7.70635
0.482005,0.486431,0.490863,0.4954,0.50003,0.504812,0.509797,0.515028,0.520552,0.526418,0.532677,0.539384,0.546597,0.554376,0.562786,0.571898,0.581783,0.592521,0.604195,0.616894,0.630712,0.64575,0.662115,0.679917,0.699277,0.72032,0.743175,0.767983,0.794887,0.824037,0.855593,0.889716,0.926576,0.966351,1.00922,1.05539,1.10505,1.15841,1.21569,1.27713,1.34297,1.41349,1.4885,1.57349,1.63319,1.84445,1.51292,2.92075,-0.410425,7.85348
0.528975,0.533587,0.538209,0.542915,0.547734,0.552713,0.5579,0.56334,0.569083,0.57518,0.581683,0.58865,0.596139,0.604213,0.612939,0.622388,0.632635,0.643761,0.655851,0.668995,0.683291,0.698839,0.715749,0.734133,0.754113,0.775814,0.799369,0.824917,0.852605,0.882583,0.91501,0.95005,0.987872,1.02865,1.07258,1.11985,1.17067,1.22523,1.28377,1.34653,1.41375,1.4857,1.5622,1.64881,1.70984,1.92417,1.58971,3.01335,-0.352554,7.99771
0.577739,0.582523,0.587318,0.592197,0.597193,0.602354,0.607729,0.613365,0.619314,0.625627,0.632359,0.639568,0.647315,0.655665,0.664687,0.674451,0.685037,0.696526,0.709005,0.722566,0.737308,0.753333,0.770752,0.78968,0.810239,0.832556,0.856764,0.883006,0.911426,0.942178,0.97542,1.01132,1.05004,1.09177,1.13669,1.185,1.23689,1.29259,1.35232,1.41632,1.48484,1.55815,1.63607,1.72423,1.78652,2.00377,1.6665,3.10534,-0.293913,8.13924
0.628236,0.633181,0.638137,0.643178,0.648339,0.65367,0.65922,0.665039,0.671178,0.677692,0.684638,0.692073,0.700061,0.708669,0.717965,0.728024,0.738925,0.750752,0.763593,0.777543,0.792699,0.809169,0.827063,0.846497,0.867595,0.890486,0.915304,0.942191,0.971295,1.00277,1.03677,1.07347,1.11304,1.15565,1.2015,1.25078,1.3037,1.36046,1.42131,1.48648,1.55623,1.63083,1.7101,1.79972,1.86321,2.08329,1.74328,3.19675,-0.234562,8.27826
0.680411,0.685504,0.69061,0.695801,0.701114,0.706603,0.712315,0.718303,0.72462,0.731321,0.738464,0.746109,0.754321,0.763166,0.772717,0.78305,0.794244,0.806384,0.819561,0.83387,0.849413,0.866295,0.884629,0.904533,0.926133,0.949556,0.974941,1.00243,1.03217,1.06431,1.09903,1.13647,1.17683,1.22027,1.26698,1.31718,1.37105,1.42882,1.49073,1.557,1.62791,1.70374,1.78429,1.87531,1.93994,2.16272,1.82006,3.28765,-0.174542,8.41496
0.734212,0.739444,0.744686,0.750016,0.755471,0.761104,0.766966,0.773111,0.779591,0.786464,0.793789,0.801628,0.810046,0.819111,0.828898,0.839482,0.850946,0.863376,0.876863,0.891505,0.907404,0.924667,0.943408,0.963748,0.985811,1.00973,1.03564,1.06368,1.09401,1.12678,1.16215,1.2003,1.24138,1.28559,1.33312,1.38417,1.43894,1.49766,1.56056,1.62788,1.69989,1.77688,1.85864,1.951,2.01672,2.2421,1.89687,3.37807,-0.113885,8.54951
0.7896,0.794957,0.800326,0.805783,0.811368,0.817134,0.823134,0.829421,0.836051,0.843083,0.850575,0.858591,0.867198,0.876466,0.886469,0.897284,0.908996,0.921692,0.935465,0.950413,0.966639,0.984253,1.00337,1.02411,1.0466,1.07097,1.09737,1.12593,1.1568,1.19015,1.22613,1.26492,1.30669,1.35162,1.39991,1.45176,1.50737,1.56698,1.63081,1.69912,1.77218,1.85026,1.93319,2.02683,2.09357,2.32146,1.97372,3.46809,-0.0526086,8.68211
0.846543,0.852015,0.857498,0.863071,0.868773,0.87466,0.880786,0.887204,0.893971,0.901146,0.908791,0.91697,0.925749,0.935202,0.945401,0.956429,0.968368,0.981307,0.995341,1.01057,1.02709,1.04503,1.06449,1.0856,1.10848,1.13328,1.16011,1.18915,1.22053,1.25441,1.29096,1.33035,1.37275,1.41835,1.46735,1.51994,1.57635,1.63679,1.7015,1.77075,1.84479,1.92392,2.00795,2.10281,2.17054,2.40084,2.05066,3.55778,0.00928074,8.81293
0.905016,0.910591,0.916179,0.921857,0.927666,0.933662,0.939901,0.946437,0.953328,0.960634,0.968418,0.976743,0.98568,0.995299,1.00568,1.0169,1.02904,1.0422,1.05647,1.07196,1.08876,1.10699,1.12676,1.14821,1.17145,1.19662,1.22387,1.25334,1.28518,1.31956,1.35663,1.39658,1.43957,1.48579,1.53545,1.58874,1.64588,1.70711,1.77265,1.84278,1.91776,1.99788,2.08297,2.17899,2.24766,2.48029,2.12773,3.64719,0.0717848,8.94214
0.965006,0.970675,0.976355,0.982127,0.988032,0.994127,1.00047,1.00711,1.01411,1.02154,1.02944,1.0379,1.04698,1.05675,1.06729,1.07868,1.09101,1.10437,1.11886,1.13457,1.15162,1.17012,1.19018,1.21193,1.2355,1.26102,1.28864,1.31851,1.35078,1.38561,1.42316,1.46361,1.50715,1.55395,1.60422,1.65816,1.716,1.77796,1.84429,1.91525,1.99111,2.07219,2.15828,2.25541,2.32498,2.55986,2.20498,3.73642,0.134918,9.06993
1.02651,1.03226,1.03802,1.04388,1.04987,1.05605,1.06248,1.06922,1.07632,1.08385,1.09187,1.10044,1.10965,1.11955,1.13024,1.14178,1.15428,1.16782,1.1825,1.19842,1.21569,1.23443,1.25475,1.27677,1.30064,1.32648,1.35444,1.38467,1.41732,1.45257,1.49056,1.53149,1.57552,1.62286,1.6737,1.72825,1.78673,1.84938,1.91645,1.9882,2.06491,2.14688,2.23393,2.33214,2.40256,2.63962,2.28246,3.82554,0.198702,9.19646
1.08953,1.09535,1.10118,1.10711,1.11318,1.11944,1.12595,1.13277,1.13996,1.14758,1.15569,1.16437,1.17369,1.18371,1.19453,1.20621,1.21886,1.23256,1.24741,1.26351,1.28098,1.29993,1.32048,1.34275,1.36689,1.39301,1.42128,1.45184,1.48485,1.52046,1.55886,1.60022,1.64472,1.69255,1.74392,1.79903,1.85812,1.92142,1.98918,2.06168,2.13918,2.22202,2.30998,2.40921,2.48046,2.71963,2.36024,3.91465,0.263165,9.32191
1.15407,1.15996,1.16586,1.17185,1.17798,1.1843,1.19088,1.19778,1.20504,1.21274,1.22094,1.22971,1.23913,1.24926,1.26018,1.27199,1.28476,1.2986,1.3136,1.32987,1.34752,1.36666,1.38741,1.4099,1.43427,1.46066,1.4892,1.52005,1.55338,1.58934,1.6281,1.66986,1.71478,1.76306,1.81492,1.87056,1.93021,1.99412,2.06254,2.13574,2.214,2.29766,2.38649,2.48671,2.55874,2.79996,2.43838,4.00383,0.328345,9.44644
1.22017,1.22611,1.23206,1.2381,1.24429,1.25067,1.25731,1.26426,1.2716,1.27936,1.28764,1.29649,1.30598,1.3162,1.32722,1.33913,1.35202,1.36598,1.38111,1.39752,1.41532,1.43463,1.45556,1.47825,1.50283,1.52944,1.55823,1.58934,1.62295,1.65922,1.69832,1.74043,1.78574,1.83444,1.88675,1.94288,2.00306,2.06753,2.13657,2.21044,2.28942,2.37385,2.46353,2.56469,2.63748,2.88069,2.51696,4.09317,0.394287,9.57023
1.28784,1.29383,1.29984,1.30594,1.31213,1.31857,1.32526,1.33227,1.33965,1.34748,1.35581,1.36473,1.37429,1.38459,1.39569,1.40769,1.42067,1.43474,1.44998,1.46651,1.48444,1.50389,1.52498,1.54784,1.5726,1.59941,1.62841,1.65976,1.69363,1.73017,1.76957,1.812,1.85766,1.90675,1.95947,2.01605,2.07672,2.14173,2.21134,2.28584,2.36551,2.45069,2.54116,2.64324,2.71674,2.96189,2.59605,4.18277,0.461044,9.69343
1.35705,1.36304,1.36902,1.37558,1.38152,1.38805,1.39478,1.40182,1.40925,1.41713,1.42551,1.43448,1.4441,1.45446,1.46563,1.4777,1.49076,1.50491,1.52025,1.53688,1.55492,1.57449,1.59571,1.61871,1.64363,1.67061,1.6998,1.73136,1.76545,1.80223,1.8419,1.88463,1.93061,1.98004,2.03314,2.09014,2.15127,2.21677,2.28693,2.36202,2.44234,2.52823,2.61948,2.72243,2.79663,3.04366,2.67573,4.27275,0.528673,9.81623
1.43046,1.43539,1.43705,1.44767,1.45252,1.45914,1.46591,1.47299,1.48045,1.48836,1.49678,1.50579,1.51546,1.52586,1.53708,1.54921,1.56234,1.57655,1.59197,1.60868,1.62682,1.64648,1.66781,1.69094,1.71599,1.74311,1.77246,1.8042,1.83848,1.87548,1.91538,1.95837,2.00464,2.05438,2.10784,2.16522,2.22677,2.29273,2.3634,2.43906,2.52,2.60657,2.69855,2.80234,2.87721,3.12608,2.7561,4.36319,0.597238,9.93877
1.43046,1.5565,1.49523,1.52195,1.52533,1.53192,1.53871,1.54581,1.55329,1.56123,1.56968,1.57872,1.58842,1.59886,1.61012,1.62229,1.63546,1.64973,1.6652,1.68198,1.70019,1.71993,1.74135,1.76457,1.78973,1.81698,1.84646,1.87835,1.91279,1.94998,1.99009,2.0333,2.07983,2.12986,2.18363,2.24136,2.3033,2.3697,2.44085,2.51704,2.59857,2.68579,2.77848,2.88308,2.95859,3.20925,2.83724,4.45421,0.667154,9.93877
1.57701,1.582,1.58592,1.59392,1.59997,1.60645,1.61325,1.62036,1.62786,1.63581,1.64428,1.65333,1.66305,1.67352,1.6848,1.697,1.71021,1.72451,1.74003,1.75685,1.77511,1.79491,1.8164,1.83969,1.86494,1.89228,1.92187,1.95388,1.98846,2.02581,2.06609,2.10951,2.15626,2.20654,2.2606,2.31865,2.38095,2.44775,2.51935,2.59605,2.67813,2.76597,2.85934,2.96473,3.04085,3.29327,2.91925,4.54593,0.738009,10.1838
1.65157,1.65762,1.66362,1.66999,1.67628,1.6828,1.68959,1.69671,1.70421,1.71217,1.72064,1.72971,1.73944,1.74991,1.76121,1.77343,1.78665,1.80098,1.81651,1.83337,1.85165,1.8715,1.89303,1.91638,1.94168,1.9691,1.99877,2.03087,2.06557,2.10305,2.14348,2.18707,2.23401,2.28452,2.33883,2.39718,2.45981,2.52699,2.59901,2.67618,2.75879,2.84722,2.94124,3.04739,3.12411,3.37824,3.00224,4.63845,0.809702,10.3066
1.72986,1.73593,1.74203,1.74825,1.7545,1.76104,1.76783,1.77494,1.78244,1.79039,1.79886,1.80793,1.81765,1.82813,1.83943,1.85164,1.86487,1.8792,1.89474,1.91161,1.92991,1.94978,1.97133,1.99471,2.02006,2.04752,2.07725,2.10943,2.14421,2.18179,2.22234,2.26608,2.31319,2.36389,2.41843,2.47704,2.53998,2.6075,2.67991,2.75753,2.84065,2.92965,3.02429,3.13118,3.20846,3.46428,3.0863,4.7319,0.882651,10.4298
1.81005,1.81605,1.82204,1.82881,1.83468,1.84127,1.84805,1.85515,1.86263,1.87057,1.87903,1.88808,1.89779,1.90825,1.91954,1.93174,1.94495,1.95928,1.97481,1.99167,2.00997,2.02984,2.0514,2.07479,2.10015,2.12764,2.15741,2.18963,2.22447,2.26213,2.30278,2.34663,2.39388,2.44476,2.49949,2.55834,2.62155,2.68938,2.76217,2.84021,2.9238,3.01335,3.10859,3.21619,3.29402,3.55149,3.17155,4.82641,0.956953,10.5536
1.89562,1.90024,1.90078,1.91237,1.91695,1.92358,1.93034,1.93741,1.94488,1.95279,1.96123,1.97025,1.97994,1.99038,2.00164,2.01382,2.02701,2.04131,2.05682,2.07366,2.09194,2.11178,2.13333,2.15671,2.18207,2.20956,2.23934,2.27158,2.30646,2.34417,2.38489,2.42883,2.4762,2.52721,2.58212,2.64118,2.70463,2.77276,2.84589,2.92432,3.00837,3.09843,3.19426,3.30254,3.38091,3.63999,3.25811,4.9221,1.03271,10.6781
1.89562,2.04036,1.96919,1.99855,2.00153,2.00807,2.01481,2.02185,2.02929,2.03717,2.04557,2.05456,2.06422,2.07462,2.08584,2.09798,2.11113,2.12539,2.14087,2.15767,2.17591,2.19572,2.21723,2.24058,2.26591,2.29339,2.32316,2.3554,2.39029,2.42802,2.46879,2.51279,2.56025,2.61138,2.66643,2.72567,2.78935,2.85774,2.93118,3.00999,3.09447,3.18502,3.28141,3.39035,3.46923,3.7299,3.34609,5.0191,1.11035,10.6781
2.06641,2.07104,2.07431,2.08262,2.0885,2.09488,2.10156,2.10857,2.11597,2.12381,2.13217,2.14112,2.15073,2.16108,2.17226,2.18435,2.19745,2.21165,2.22707,2.24382,2.262,2.28176,2.30322,2.32652,2.35181,2.37924,2.40898,2.44119,2.47607,2.5138,2.55459,2.59863,2.64614,2.69736,2.75254,2.81193,2.87581,2.94444,3.01818,3.09733,3.18222,3.27324,3.37016,3.47976,3.55912,3.82136,3.43562,5.11755,1.18954,10.9301
2.15361,2.1595,2.16532,2.1716,2.17772,2.18409,2.19073,2.19769,2.20504,2.21283,2.22114,2.23004,2.23959,2.24988,2.261,2.27303,2.28606,2.3002,2.31555,2.33222,2.35034,2.37003,2.39141,2.41464,2.43986,2.46723,2.49691,2.52908,2.56392,2.60163,2.64241,2.68646,2.73402,2.7853,2.84057,2.90009,2.96414,3.03299,3.10699,3.18647,3.27174,3.36322,3.46065,3.57087,3.65072,3.91449,3.52683,5.21759,1.27018,11.0579
2.24563,2.2515,2.25741,2.26345,2.26948,2.27584,2.28243,2.28934,2.29663,2.30436,2.31261,2.32144,2.33093,2.34115,2.3522,2.36415,2.37711,2.39116,2.40643,2.42302,2.44105,2.46064,2.48194,2.50508,2.53021,2.5575,2.5871,2.6192,2.65398,2.69164,2.73239,2.77643,2.82399,2.87531,2.93065,2.99028,3.05447,3.12352,3.19776,3.27754,3.36318,3.45509,3.55302,3.66384,3.74414,4.00943,3.61985,5.31936,1.35274,11.1871
2.3402,2.34596,2.35169,2.35835,2.36389,2.37026,2.37679,2.38363,2.39086,2.39853,2.40671,2.41547,2.42488,2.43503,2.44599,2.45785,2.47072,2.48468,2.49985,2.51633,2.53426,2.55374,2.57493,2.59796,2.62299,2.65017,2.67967,2.71167,2.74637,2.78396,2.82465,2.86866,2.91621,2.96754,3.02293,3.08264,3.14695,3.21616,3.29063,3.37068,3.45666,3.54898,3.64739,3.7588,3.83954,4.10633,3.71483,5.42302,1.43733,11.3179
2.44151,2.44558,2.44478,2.45714,2.46111,2.46748,2.47395,2.48073,2.48788,2.49548,2.50358,2.51225,2.52158,2.53164,2.5425,2.55427,2.56703,2.58088,2.59594,2.61231,2.63011,2.64947,2.67053,2.69344,2.71833,2.74539,2.77477,2.80666,2.84125,2.87874,2.91935,2.9633,3.01081,3.06213,3.11753,3.1773,3.24171,3.31107,3.38573,3.46604,3.55234,3.64505,3.74391,3.8559,3.93706,4.20532,3.81191,5.52871,1.52411,11.4505
2.44151,2.61207,2.52591,2.55941,2.56144,2.56766,2.57406,2.58076,2.58784,2.59535,2.60336,2.61195,2.62118,2.63113,2.64189,2.65355,2.66619,2.67993,2.69485,2.71109,2.72875,2.74797,2.76889,2.79165,2.8164,2.8433,2.87254,2.90429,2.93874,2.97612,3.01663,3.06049,3.10793,3.15922,3.21462,3.27441,3.3389,3.40838,3.48322,3.56377,3.65037,3.74344,3.84275,3.95528,4.03685,4.30657,3.91124,5.63659,1.61357,11.4505
2.6447,2.64874,2.65119,2.65952,2.66498,2.67097,2.67728,2.68389,2.69088,2.6983,2.70622,2.7147,2.72383,2.73367,2.74432,2.75585,2.76836,2.78196,2.79675,2.81283,2.83034,2.84941,2.87016,2.89275,2.91733,2.94407,2.97314,3.00472,3.03903,3.07626,3.11664,3.16039,3.20775,3.25897,3.31434,3.37414,3.43868,3.50826,3.58325,3.66402,3.7509,3.84432,3.94404,4.05711,4.13908,4.41024,4.01298,5.74682,1.70536,11.7217
2.74908,2.75456,2.75996,2.76588,2.77159,2.77754,2.78375,2.79028,2.79717,2.80449,2.8123,2.82068,2.82969,2.83941,2.84993,2.86133,2.8737,2.88715,2.90178,2.9177,2.93504,2.95393,2.9745,2.9969,3.0213,3.04785,3.07673,3.10813,3.14226,3.17932,3.21955,3.26317,3.31041,3.36155,3.41687,3.47665,3.54121,3.61087,3.68599,3.76695,3.85409,3.94784,4.04797,4.16156,4.2439,4.51648,4.1173,5.85959,1.79942,11.8608
2.85958,2.865,2.87044,2.87601,2.88167,2.88754,2.89366,2.90009,2.90687,2.91409,2.92179,2.93005,2.93893,2.94852,2.9589,2.97015,2.98237,2.99566,3.01012,3.02586,3.04302,3.06171,3.08208,3.10428,3.12847,3.15481,3.18348,3.21467,3.2486,3.28548,3.32553,3.36899,3.4161,3.46712,3.52236,3.5821,3.64667,3.71638,3.79161,3.87274,3.96011,4.05418,4.15469,4.26878,4.35148,4.62547,4.22436,5.97505,1.89628,12.0023
2.97369,2.97902,2.98436,2.9898,2.99538,3.00115,3.00717,3.01349,3.02017,3.02727,3.03485,3.04298,3.05173,3.06118,3.07141,3.0825,3.09455,3.10766,3.12194,3.13749,3.15444,3.17293,3.19308,3.21506,3.23902,3.26512,3.29356,3.32453,3.35823,3.3949,3.43475,3.47802,3.52497,3.57587,3.631,3.69068,3.75522,3.82496,3.90028,3.98156,4.06915,4.16351,4.26439,4.37896,4.46201,4.73739,4.33435,6.0934,1.9961,12.1465
3.09162,3.09684,3.10208,3.10742,3.11289,3.11856,3.12446,3.13067,3.13723,3.14421,3.15166,3.15965,3.16826,3.17756,3.18763,3.19855,3.21043,3.22335,3.23743,3.25277,3.26951,3.28777,3.30769,3.32942,3.35313,3.37898,3.40717,3.43789,3.47134,3.50777,3.5474,3.59047,3.63723,3.68797,3.74297,3.80256,3.86706,3.9368,4.01219,4.0936,4.18139,4.27602,4.37725,4.49229,4.57567,4.85242,4.44743,6.21482,2.09906,12.2936
3.21355,3.21866,3.22379,3.22902,3.23438,3.23994,3.24573,3.25182,3.25825,3.2651,3.27241,3.28026,3.28872,3.29786,3.30776,3.3185,3.33019,3.34291,3.35677,3.3719,3.3884,3.40641,3.42608,3.44755,3.47099,3.49657,3.52448,3.55493,3.58812,3.62428,3.66367,3.70651,3.75306,3.80361,3.85846,3.91793,3.98237,4.0521,4.12753,4.20904,4.29701,4.39189,4.49346,4.60895,4.69265,4.97076,4.56382,6.3395,2.20536,12.4439
3.33968,3.34467,3.34969,3.35481,3.36005,3.36549,3.37116,3.37712,3.38343,3.39013,3.3973,3.405,3.4133,3.42227,3.43198,3.44254,3.45402,3.46653,3.48017,3.49506,3.51131,3.52906,3.54846,3.56965,3.5928,3.61809,3.64571,3.67586,3.70876,3.74464,3.78375,3.82634,3.87266,3.923,3.97767,4.03701,4.10135,4.17104,4.24649,4.32809,4.41622,4.51134,4.61322,4.72915,4.81314,5.0926,4.68369,6.46764,2.31518,12.5974
3.47021,3.47509,3.47998,3.48498,3.49011,3.49542,3.50096,3.50679,3.51295,3.51952,3.52654,3.53407,3.5422,3.55099,3.56052,3.57087,3.58214,3.59442,3.60783,3.62246,3.63845,3.65593,3.67504,3.69593,3.71878,3.74375,3.77105,3.80088,3.83347,3.86905,3.90786,3.95017,3.99624,4.04635,4.10082,4.15999,4.22422,4.29385,4.36929,4.45096,4.53923,4.63456,4.73674,4.85309,4.93736,5.21815,4.80728,6.59945,2.42874,12.7544
3.60535,3.6101,3.61487,3.61975,3.62475,3.62993,3.63534,3.64103,3.64705,3.65346,3.66032,3.66769,3.67564,3.68424,3.69357,3.70371,3.71475,3.7268,3.73995,3.75432,3.77003,3.78722,3.80602,3.8266,3.84912,3.87376,3.90072,3.93021,3.96246,3.99771,4.03622,4.07822,4.12401,4.17386,4.22811,4.28709,4.35118,4.42072,4.49615,4.57786,4.66625,4.76178,4.86423,4.98098,5.06553,5.34762,4.93477,6.73514,2.54625,12.9152
3.74531,3.74994,3.75458,3.75932,3.76419,3.76923,3.7745,3.78005,3.78592,3.79217,3.79887,3.80606,3.81382,3.82223,3.83135,3.84127,3.85208,3.86388,3.87676,3.89085,3.90627,3.92315,3.94163,3.96188,3.98405,4.00834,4.03494,4.06407,4.09596,4.13086,4.16903,4.21071,4.25619,4.30577,4.35977,4.41854,4.48246,4.5519,4.62728,4.70901,4.7975,4.89321,4.99592,5.11306,5.19785,5.48125,5.06641,6.87493,2.66793,13.0798
3.89032,3.89481,3.89932,3.90392,3.90865,3.91356,3.91868,3.92408,3.92979,3.93588,3.9424,3.94942,3.95699,3.96518,3.97409,3.98378,3.99434,4.00588,4.01849,4.03229,4.0474,4.06396,4.0821,4.10199,4.1238,4.14772,4.17394,4.20269,4.2342,4.26873,4.30654,4.34788,4.39303,4.4423,4.49603,4.55457,4.6183,4.68761,4.76292,4.84466,4.93322,5.02909,5.13204,5.24955,5.33458,5.61926,5.20242,7.01906,2.79402,13.2487
4.04059,4.04494,4.04931,4.05378,4.05837,4.06313,4.06811,4.07335,4.0789,4.08482,4.09116,4.09798,4.10535,4.11334,4.12202,4.13146,4.14177,4.15304,4.16536,4.17886,4.19365,4.20987,4.22766,4.24718,4.26861,4.29213,4.31795,4.3463,4.37742,4.41156,4.44898,4.48996,4.53476,4.5837,4.63713,4.69542,4.75894,4.8281,4.90332,4.98503,5.07366,5.16966,5.27284,5.39069,5.47594,5.76189,5.34304,7.16777,2.92477,13.4219
4.19637,4.20058,4.20481,4.20913,4.21357,4.21818,4.22301,4.22809,4.23347,4.23922,4.24537,4.252,4.25916,4.26693,4.27537,4.28457,4.29462,4.3056,4.31763,4.33081,4.34527,4.36114,4.37856,4.39769,4.41872,4.44183,4.46723,4.49516,4.52585,4.55959,4.59661,4.6372,4.68163,4.73023,4.78334,4.84134,4.90463,4.97361,5.04872,5.1304,5.21906,5.31518,5.41856,5.53675,5.6222,5.90939,5.48853,7.3213,3.06042,13.5998
4.35789,4.36195,4.36603,4.37021,4.3745,4.37896,4.38363,4.38854,4.39376,4.39932,4.40529,4.41171,4.41866,4.4262,4.43441,4.44335,4.45312,4.46382,4.47553,4.48839,4.5025,4.518,4.53504,4.55378,4.57438,4.59707,4.62203,4.64951,4.67977,4.71307,4.74968,4.78986,4.8339,4.88213,4.9349,4.9926,5.05564,5.12442,5.19939,5.28101,5.36969,5.46591,5.56948,5.68798,5.77361,6.06203,5.63915,7.4799,3.20124,13.7825
4.5254,4.52931,4.53324,4.53727,4.54141,4.54571,4.55022,4.55496,4.56,4.56538,4.57115,4.57737,4.58411,4.59141,4.59937,4.60805,4.61754,4.62793,4.63933,4.65185,4.66561,4.68073,4.69737,4.71569,4.73587,4.7581,4.7826,4.80963,4.83943,4.87229,4.90846,4.94822,4.99184,5.03968,5.09209,5.14947,5.21223,5.28079,5.35561,5.43714,5.52582,5.62212,5.72585,5.84465,5.93045,6.22008,5.79517,7.64385,3.34752,13.9703
4.69915,4.70291,4.70669,4.71056,4.71455,4.71869,4.72303,4.72761,4.73247,4.73766,4.74323,4.74924,4.75575,4.76282,4.77052,4.77893,4.78813,4.79822,4.8093,4.82146,4.83485,4.84959,4.86582,4.88371,4.90343,4.9252,4.94923,4.97578,5.00511,5.03751,5.07323,5.11254,5.15574,5.20317,5.25519,5.31222,5.37468,5.44301,5.51765,5.59908,5.68774,5.7841,5.88798,6.00706,6.093,6.38382,5.95688,7.81343,3.49955,14.1634
4.8794,4.883,4.88663,4.89035,4.89418,4.89816,4.90234,4.90674,4.91142,4.91642,4.92179,4.92759,4.93387,4.94069,4.94813,4.95627,4.96518,4.97495,4.98569,4.9975,5.01051,5.02485,5.04066,5.0581,5.07736,5.09865,5.12219,5.14825,5.17709,5.20901,5.24427,5.28312,5.32588,5.37287,5.4245,5.48117,5.54331,5.61137,5.68581,5.76712,5.85574,5.95215,6.05615,6.17549,6.26156,6.55354,6.12457,7.98891,3.65763,14.3622
5.06641,5.06987,5.07334,5.07691,5.08058,5.0844,5.0884,5.09263,5.09712,5.10193,5.10709,5.11267,5.11872,5.1253,5.13248,5.14034,5.14895,5.1584,5.1688,5.18025,5.19287,5.2068,5.22217,5.23916,5.25795,5.27874,5.30178,5.32732,5.35566,5.3871,5.42188,5.46027,5.50256,5.54911,5.60031,5.65659,5.7184,5.78618,5.86041,5.94158,6.03013,6.12656,6.23067,6.35025,6.43643,6.72956,6.29854,8.1706,3.82208,14.5669
5.26048,5.26378,5.26709,5.2705,5.27401,5.27767,5.2815,5.28555,5.28986,5.29447,5.29943,5.30479,5.31061,5.31694,5.32385,5.33142,5.33973,5.34886,5.35891,5.36999,5.38222,5.39573,5.41066,5.42719,5.44548,5.46577,5.48828,5.5133,5.54113,5.57207,5.60637,5.64428,5.68609,5.73218,5.78295,5.83883,5.90027,5.96776,6.04175,6.12276,6.21123,6.30767,6.41187,6.53167,6.61794,6.91218,6.47913,8.35881,3.99323,14.7777
5.46186,5.465,5.46817,5.47142,5.47477,5.47826,5.48192,5.48579,5.48992,5.49433,5.49909,5.50423,5.50981,5.51589,5.52254,5.52982,5.53782,5.54662,5.55632,5.56703,5.57886,5.59194,5.60643,5.62247,5.64027,5.66003,5.68201,5.70649,5.7338,5.76425,5.79806,5.83547,5.8768,5.92242,5.97274,6.0282,6.08927,6.15644,6.23018,6.31101,6.39938,6.4958,6.60007,6.72007,6.80641,7.10174,6.66666,8.55385,4.17144,14.995
5.67086,5.67385,5.67686,5.67995,5.68314,5.68647,5.68996,5.69366,5.69759,5.70181,5.70636,5.71128,5.71662,5.72246,5.72883,5.73583,5.74352,5.75199,5.76134,5.77167,5.7831,5.79575,5.80978,5.82534,5.84263,5.86186,5.88328,5.90722,5.934,5.96394,5.99726,6.03419,6.07503,6.12016,6.17001,6.22504,6.28572,6.35256,6.42602,6.50666,6.59491,6.6913,6.79563,6.9158,7.0022,7.29858,6.86148,8.75607,4.35705,15.219
5.88777,5.8906,5.89345,5.89639,5.89943,5.90259,5.90591,5.90943,5.91318,5.91721,5.92155,5.92625,5.93136,5.93694,5.94305,5.94976,5.95714,5.96529,5.97428,5.98423,5.99525,6.00747,6.02104,6.03611,6.05288,6.07156,6.09243,6.1158,6.14205,6.1715,6.20434,6.24077,6.28111,6.32574,6.37512,6.4297,6.48998,6.55647,6.62966,6.71008,6.7982,6.89454,6.99889,7.11923,7.20566,7.50307,7.06395,8.9658,4.55045,15.4501
6.11288,6.11556,6.11827,6.12105,6.12393,6.12693,6.13009,6.13344,6.137,6.14084,6.14497,6.14945,6.15434,6.15967,6.16551,6.17194,6.17901,6.18683,6.19547,6.20504,6.21566,6.22744,6.24054,6.25512,6.27136,6.28949,6.30979,6.33259,6.3583,6.38726,6.41962,6.45556,6.4954,6.53954,6.58843,6.64256,6.70243,6.76856,6.84145,6.92165,7.00961,7.10589,7.21025,7.33072,7.41717,7.71557,7.27445,9.18341,4.75204,15.6885
6.34652,6.34905,6.35161,6.35425,6.35697,6.35981,6.36281,6.36598,6.36937,6.37302,6.37695,6.38122,6.38587,6.39096,6.39654,6.40268,6.40945,6.41694,6.42524,6.43443,6.44464,6.456,6.46863,6.48271,6.49843,6.516,6.5357,6.55792,6.58309,6.61159,6.64349,6.67895,6.71829,6.76193,6.81033,6.86399,6.92344,6.9892,7.06178,7.14174,7.22954,7.32573,7.43009,7.55068,7.63712,7.93647,7.49338,9.40928,4.96222,15.9346
6.589,6.59139,6.59381,6.59629,6.59887,6.60156,6.60439,6.6074,6.61062,6.61407,6.61781,6.62187,6.6263,6.63115,6.63647,6.64233,6.64881,6.65598,6.66393,6.67275,6.68256,6.69349,6.70566,6.71925,6.73442,6.75142,6.77053,6.79216,6.81679,6.84485,6.87631,6.9113,6.95015,6.99328,7.04119,7.09439,7.15341,7.21879,7.29105,7.37076,7.45839,7.55448,7.65881,7.7795,7.86591,8.16617,7.72113,9.64378,5.18143,16.1887
6.84066,6.84291,6.84519,6.84753,6.84997,6.85251,6.85519,6.85803,6.86108,6.86435,6.8679,6.87176,6.87597,6.88058,6.88565,6.89124,6.89743,6.90428,6.91189,6.92035,6.92977,6.94027,6.95199,6.96508,6.97973,6.99616,7.01466,7.03567,7.05976,7.08743,7.11848,7.15302,7.19138,7.23402,7.28144,7.33417,7.39276,7.45776,7.52969,7.60914,7.69657,7.79255,7.89684,8.0176,8.10397,8.40511,7.95814,9.88732,5.41012,16.4512
7.10184,7.10396,7.1061,7.10831,7.1106,7.113,7.11553,7.11822,7.1211,7.1242,7.12757,7.13122,7.13522,7.13961,7.14444,7.14977,7.15567,7.16222,7.1695,7.17761,7.18665,7.19673,7.208,7.22061,7.23472,7.25057,7.26845,7.28883,7.31239,7.33971,7.3704,7.4045,7.44239,7.48454,7.53148,7.58375,7.6419,7.70652,7.77812,7.8573,7.94453,8.04038,8.14462,8.26543,8.35174,8.6537,8.20485,10.1403,5.64875,16.7224
7.37288,7.37487,7.37689,7.37897,7.38113,7.38339,7.38578,7.38832,7.39104,7.39398,7.39717,7.40064,7.40444,7.40861,7.41321,7.41829,7.42392,7.43018,7.43714,7.4449,7.45357,7.46325,7.47409,7.48622,7.49981,7.51508,7.53232,7.55204,7.57505,7.60212,7.63249,7.66619,7.70362,7.7453,7.79176,7.84357,7.9013,7.96553,8.03679,8.11571,8.20273,8.29844,8.4026,8.52344,8.60967,8.9124,8.4617,10.4032,5.89781,17.0026
7.65415,7.65602,7.65791,7.65987,7.66191,7.66404,7.6663,7.6687,7.67128,7.67406,7.67708,7.68037,7.68398,7.68795,7.69233,7.69717,7.70254,7.70852,7.71518,7.72262,7.73093,7.74023,7.75065,7.76231,7.77539,7.79008,7.80667,7.8257,7.84813,7.87506,7.90518,7.93851,7.97551,8.01673,8.06272,8.11409,8.1714,8.23524,8.30618,8.38482,8.47163,8.56718,8.67125,8.79211,8.87824,9.18168,8.7292,10.6765,6.15782,17.2923
7.94602,7.94778,7.94956,7.95141,7.95332,7.95534,7.95747,7.95974,7.96218,7.96481,7.96768,7.97081,7.97424,7.97802,7.98219,7.98682,7.99195,7.99767,8.00404,8.01117,8.01915,8.02809,8.0381,8.04933,8.06191,8.07603,8.09194,8.11022,8.13204,8.15898,8.18892,8.22193,8.25852,8.2993,8.34485,8.39578,8.45268,8.51616,8.58677,8.66513,8.75172,8.84712,8.95108,9.07192,9.15794,9.46203,9.00783,10.9605,6.4293,17.5919
8.24887,8.25052,8.2522,8.25394,8.25575,8.25765,8.25967,8.26182,8.26413,8.26664,8.26936,8.27234,8.27562,8.27922,8.28321,8.28763,8.29255,8.29802,8.30414,8.31098,8.31865,8.32724,8.33688,8.34769,8.3598,8.37336,8.38859,8.40603,8.42714,8.45433,8.4842,8.51692,8.55313,8.59349,8.63862,8.68914,8.74565,8.80876,8.87905,8.95714,9.04351,9.13874,9.24259,9.3634,9.44928,9.75397,9.29812,11.2559,6.7128,17.9016
8.5631,8.56466,8.56624,8.56788,8.5696,8.57139,8.57331,8.57535,8.57755,8.57993,8.58253,8.58537,8.5885,8.59196,8.59579,8.60004,8.60476,8.61002,8.6159,8.62248,8.62986,8.63814,8.64744,8.65787,8.66953,8.68255,8.69709,8.7136,8.73381,8.76159,8.79149,8.82397,8.85984,8.89981,8.94454,8.99467,9.05081,9.11358,9.18357,9.26139,9.34754,9.44259,9.54632,9.66707,9.7528,10.058,9.60059,11.563,7.00892,18.2221
8.88911,8.89059,8.89208,8.89364,8.89527,8.89698,8.89879,8.90074,8.90283,8.9051,8.90758,8.91031,8.91332,8.91665,8.92036,8.92447,8.92903,8.9341,8.93977,8.94612,8.95325,8.96126,8.97025,8.98033,8.99159,9.00411,9.01795,9.03341,9.05238,9.08128,9.11132,9.14361,9.17916,9.21877,9.26314,9.31291,9.3687,9.43116,9.50085,9.57842,9.66435,9.75923,9.8628,9.98349,10.0691,10.3747,9.91581,11.8825,7.31824,18.5536
9.22734,9.22874,9.23017,9.23165,9.2332,9.23483,9.23656,9.23842,9.24042,9.24259,9.24496,9.24757,9.25046,9.25369,9.25732,9.26138,9.26581,9.27073,9.27621,9.28237,9.28928,9.29705,9.30578,9.31557,9.32648,9.33856,9.35174,9.36602,9.38311,9.41394,9.44422,9.47636,9.51162,9.55092,9.59497,9.64441,9.69989,9.76205,9.83147,9.9088,9.99452,10.0892,10.1926,10.3132,10.3986,10.7046,10.2444,12.2149,7.64139,18.8967
9.57823,9.57957,9.58093,9.58235,9.58383,9.5854,9.58706,9.58886,9.5908,9.59286,9.59512,9.59761,9.60036,9.60345,9.60702,9.61121,9.61558,9.62038,9.62573,9.63172,9.63846,9.64603,9.65455,9.66409,9.67472,9.68644,9.69905,9.71207,9.72613,9.76018,9.79077,9.82278,9.8578,9.89682,9.94058,9.98975,10.0449,10.1068,10.176,10.2531,10.3386,10.4331,10.5364,10.6569,10.7421,11.0484,10.5869,12.5606,7.97903,19.2518
9.94229,9.94358,9.94488,9.94624,9.94765,9.94913,9.9507,9.95242,9.95451,9.95649,9.95864,9.96099,9.96355,9.96634,9.96952,9.97446,9.97884,9.98356,9.9888,9.99468,10.0013,10.0087,10.0171,10.0264,10.0369,10.0483,10.0605,10.0724,10.0814,10.1207,10.1516,10.1834,10.2183,10.2571,10.3006,10.3495,10.4045,10.4661,10.5351,10.612,10.6973,10.7916,10.8948,11.0151,11.1001,11.4065,10.9439,12.9204,8.33183,19.6194
10.3218,10.3231,10.3244,10.3257,10.3271,10.3285,10.3301,10.3301,10.3339,10.3359,10.338,10.3403,10.3428,10.3455,10.3455,10.3537,10.3581,10.3628,10.368,10.3738,10.3804,10.3878,10.3961,10.4054,10.4157,10.4271,10.4392,10.4507,10.4507,10.4991,10.53,10.5618,10.5966,10.6353,10.6787,10.7276,10.7825,10.8441,10.9129,10.9898,11.075,11.1693,11.2724,11.3926,11.4776,11.7841,11.3211,13.2985,8.70759,20.0001
