SPACE_POINTS_X
30,31.9463,33.844,35.6946,37.4992,39.2593,40.976,42.6505,44.2842,45.8781,47.4333,48.9511,50.4324,51.8784,53.29,54.6683,56.0142,57.3287,58.6128,59.8674,61.0933,62.2914,63.4627,64.6078,65.7278,66.8232,67.895,68.9439,69.9706,70.9758,71.9604,72.9249,73.8702,74.7968,75.7054,76.5966,77.4712,78.3297,79.1727,80.0008,80.8147,81.6149,82.402,83.1765,83.939,84.69,85.4302,86.1599,86.8797,87.5902,88.2918,88.9851,89.6705,90.3486,91.0197,91.6845,92.3433,92.9966,93.645,94.2888,94.9285,95.5647,96.1976,96.8279,97.4558,98.082,98.7068,99.3307,99.9541,100.577,101.201,101.826,102.452,103.079,103.709,104.342,104.977,105.617,106.26,106.907,107.56,108.218,108.882,109.552,110.229,110.913,111.605,112.306,113.015,113.733,114.462,115.2,115.95,116.71,117.483,118.268,119.066,119.878,120.704,121.545,122.401,123.273,124.162,125.068,125.992,126.934,127.896,128.878,129.88,130.903,131.949,133.017,134.109,135.225,136.367,137.534,138.728,139.95,141.2,142.48,143.79,145.131,146.505,147.911,149.352,150.828,152.341,153.89,155.478,157.106,158.775,160.485,162.239,164.036,165.88,167.771,169.71,171.699,173.739,175.831,177.978,180.18,182.44,184.758,187.137,189.578,192.083,194.654,197.292,200
SPACE_POINTS_Y
0,0.00225896,0.0045379,0.00685694,0.0092366,0.0116979,0.0142626,0.0169534,0.0197941,0.0228097,0.026027,0.0294743,0.0331822,0.0371834,0.0415133,0.0462101,0.0513154,0.0568744,0.0629361,0.0695541,0.076787,0.0846987,0.093359,0.102845,0.113239,0.124635,0.137133,0.150842,0.165885,0.182395,0.200517,0.220411,0.242254,0.266238,0.292575,0.321499,0.353265,0.388154,0.426473,0.468563,0.514794,0.565577,0.621359,0.682633,0.749942,0.823879,0.9051,0.994322,1.09233,1.2
VALUES
0,0,0,0,0,0,0,0,0,0,0,0,0,0,0,0,0,0,0,0,0,0,0,0,0,0,0,0,0,0,0,0,0,0,0,0,0,0,0,0,0,0,0,0,0,0,0,0,0,0
0.00649804,0.00674255,0.00699081,0.00725102,0.00752323,0.00781115,0.00811796,0.00844733,0.00880338,0.00919076,0.00961473,0.0100813,0.0105974,0.0111709,0.0118109,0.012528,0.0133345,0.0142447,0.0152752,0.0164456,0.0177785,0.0193007,0.0210434,0.023043,0.0253423,0.0279909,0.0310467,0.034577,0.0386591,0.0433822,0.0488479,0.0551712,0.0624816,0.0709227,0.0806526,0.0918425,0.104675,0.119343,0.136043,0.154974,0.17633,0.200294,0.227032,0.256689,0.289562,0.326895,0.330351,0.711496,-1.98732,31.9463
0.0134101,0.0139152,0.0144278,0.0149644,0.0155253,0.016118,0.0167489,0.0174257,0.0181565,0.018951,0.0198196,0.0207747,0.02183,0.0230015,0.0243075,0.0257694,0.0274118,0.0292632,0.031357,0.0337321,0.0364339,0.0395156,0.0430392,0.0470771,0.051714,0.0570483,0.0631946,0.0702855,0.0784738,0.0879349,0.0988687,0.111501,0.126087,0.142908,0.162272,0.184517,0.21,0.239096,0.272192,0.309676,0.351928,0.399307,0.45214,0.510699,0.575524,0.650543,0.646471,1.45743,-3.77488,33.844
0.0221842,0.0229895,0.0238066,0.0246607,0.0255527,0.0264943,0.0274957,0.0285686,0.029726,0.0309826,0.032355,0.0338619,0.0355248,0.0373682,0.0394203,0.0417137,0.0442859,0.0471805,0.0504482,0.0541479,0.0583482,0.0631291,0.0685837,0.0748208,0.0819665,0.0901677,0.0995946,0.110444,0.122941,0.137344,0.153949,0.173087,0.195129,0.220489,0.249619,0.283007,0.321175,0.36467,0.414054,0.469891,0.532735,0.603109,0.681489,0.768265,0.86414,0.976968,0.95781,2.20483,-5.05273,35.6946
0.0337764,0.0349438,0.0361275,0.0373629,0.0386514,0.0400098,0.0414523,0.0429957,0.0446583,0.0464606,0.0484258,0.0505802,0.0529535,0.0555797,0.0584977,0.0617522,0.0653948,0.069485,0.0740917,0.0792948,0.085187,0.091876,0.0994867,0.108164,0.118077,0.12942,0.142417,0.157328,0.17445,0.19412,0.216722,0.24269,0.272505,0.3067,0.34586,0.390616,0.441638,0.499629,0.565311,0.639409,0.722635,0.815663,0.919103,1.03345,1.1595,1.31001,1.27139,2.93614,-5.96868,37.4992
0.0490189,0.0506248,0.0522519,0.0539468,0.0557122,0.0575705,0.0595411,0.061646,0.06391,0.0663601,0.0690272,0.0719457,0.0751546,0.0786985,0.0826279,0.087001,0.0918842,0.0973542,0.103499,0.110421,0.118238,0.127087,0.137123,0.148531,0.16152,0.176333,0.193248,0.212585,0.234709,0.260034,0.289029,0.32222,0.360191,0.403588,0.453115,0.50953,0.573639,0.646286,0.728334,0.820653,0.924097,1.03947,1.16752,1.30882,1.46418,1.65199,1.59199,3.64591,-6.62182,39.2593
0.0686989,0.0708292,0.0729857,0.0752282,0.0775607,0.0800123,0.082608,0.0853765,0.0883492,0.0915611,0.0950512,0.0988633,0.103047,0.107658,0.11276,0.118425,0.124736,0.131788,0.13969,0.148567,0.158562,0.169843,0.182599,0.19705,0.213449,0.232085,0.25329,0.277442,0.304972,0.336366,0.372173,0.413004,0.459539,0.512525,0.572774,0.641159,0.718606,0.806083,0.904578,1.01509,1.1386,1.27603,1.42822,1.59587,1.77969,2.00421,1.92257,4.3341,-7.07992,40.976
0.0935775,0.096324,0.0991023,0.101986,0.104982,0.108126,0.11145,0.11499,0.118786,0.12288,0.127321,0.132163,0.137467,0.143302,0.149744,0.156883,0.164817,0.173661,0.183546,0.194621,0.207057,0.22105,0.236825,0.254638,0.274785,0.297602,0.323471,0.352829,0.386167,0.42404,0.467072,0.515953,0.57145,0.6344,0.705712,0.786362,0.877381,0.979844,1.09485,1.22351,1.36691,1.52608,1.70198,1.89534,2.10678,2.36724,2.26478,5.00286,-7.39019,42.6505
0.124388,0.127846,0.131341,0.134963,0.138722,0.14266,0.146819,0.151241,0.155975,0.161074,0.166596,0.172608,0.17918,0.186397,0.19435,0.203144,0.212897,0.223743,0.235837,0.249351,0.264486,0.281467,0.300554,0.322042,0.346266,0.373608,0.404502,0.439438,0.478966,0.523707,0.57435,0.631662,0.696485,0.769739,0.85242,0.945591,1.05038,1.16794,1.29949,1.44622,1.60931,1.78989,1.989,2.20746,2.44569,2.74119,2.6193,5.65501,-7.58616,44.2842
0.161826,0.166091,0.170399,0.174857,0.179477,0.184312,0.189411,0.194826,0.200614,0.20684,0.213572,0.220889,0.228876,0.237631,0.24726,0.257887,0.26965,0.282702,0.297222,0.313409,0.33149,0.351723,0.374401,0.399857,0.428468,0.460659,0.496912,0.537769,0.583837,0.635796,0.694398,0.760476,0.834944,0.918794,1.0131,1.11899,1.23769,1.37043,1.51849,1.68317,1.86572,2.06734,2.28916,2.53205,2.79624,3.12578,2.98617,6.2933,-7.69211,45.8781
0.206539,0.211706,0.216921,0.22231,0.227888,0.23372,0.239862,0.246376,0.253332,0.260802,0.268869,0.277623,0.287165,0.297606,0.309072,0.321701,0.335653,0.351105,0.368256,0.387333,0.408592,0.432322,0.45885,0.488545,0.521824,0.559156,0.601068,0.648153,0.70107,0.760552,0.827412,0.902542,0.986918,1.0816,1.18772,1.30648,1.43917,1.5871,1.75161,1.93406,2.13578,2.35804,2.60204,2.86872,3.15802,3.52054,3.36503,6.92014,-7.72594,47.4333
0.259118,0.265276,0.271489,0.2779,0.28453,0.291453,0.298737,0.306453,0.314681,0.323507,0.333027,0.343343,0.354571,0.366839,0.380289,0.395079,0.411389,0.429417,0.449389,0.471556,0.496204,0.523652,0.554261,0.588437,0.626635,0.669365,0.717199,0.770776,0.830803,0.898066,0.973429,1.05784,1.15233,1.25801,1.37608,1.5078,1.65451,1.81757,1.9984,2.1984,2.41897,2.66144,2.92707,3.21684,3.53045,3.92484,3.75521,7.53755,-7.70111,48.9511
0.320081,0.327317,0.334613,0.342132,0.349901,0.358005,0.366521,0.375534,0.385135,0.395422,0.406502,0.418495,0.43153,0.445753,0.461323,0.478418,0.497237,0.518003,0.540964,0.566401,0.594625,0.625987,0.660882,0.699749,0.743081,0.791429,0.845406,0.905693,0.973046,1.04829,1.13235,1.22622,1.33097,1.44776,1.57785,1.72255,1.88324,2.06134,2.2583,2.47558,2.71464,2.97686,3.26354,3.57572,3.91281,4.33794,4.15589,8.14711,-7.62791,50.4324
0.389877,0.39827,0.406727,0.415434,0.424422,0.433789,0.443622,0.454019,0.465082,0.476923,0.489663,0.503436,0.518388,0.534681,0.552491,0.572019,0.593482,0.617128,0.643228,0.672089,0.704051,0.739496,0.778849,0.822584,0.871231,0.925377,0.985675,1.05285,1.12769,1.21108,1.30397,1.4074,1.5225,1.65047,1.7926,1.95024,2.12481,2.31779,2.53065,2.76492,3.02206,3.30353,3.61067,3.94457,4.30433,4.75906,4.56616,8.75004,-7.51435,51.8784
0.468876,0.478497,0.488187,0.498153,0.508431,0.519134,0.530361,0.542218,0.554824,0.568303,0.582791,0.598436,0.6154,0.633863,0.654021,0.676091,0.700315,0.726962,0.756328,0.788745,0.824582,0.864249,0.908202,0.95695,1.01105,1.07114,1.1379,1.21209,1.29454,1.38618,1.48798,1.60105,1.72653,1.86566,2.01978,2.19028,2.3786,2.58624,2.81474,3.06564,3.34045,3.64065,3.96764,4.32256,4.70419,5.1874,4.98506,9.34724,-7.36678,53.29
0.557368,0.56828,0.579266,0.590554,0.602187,0.61429,0.626975,0.640362,0.65458,0.669769,0.686079,0.703675,0.722734,0.743453,0.766047,0.790754,0.817837,0.847585,0.880321,0.916402,0.956223,1.00022,1.04889,1.10276,1.16243,1.22856,1.30187,1.38317,1.47331,1.57324,1.68401,1.80672,1.94256,2.09282,2.25884,2.44205,2.64392,2.866,3.10982,3.37697,3.66898,3.98739,4.33362,4.70885,5.11156,5.62214,5.41164,9.93936,-7.1903,54.6683
0.655565,0.667823,0.680159,0.692823,0.705865,0.719424,0.733622,0.748596,0.764486,0.781446,0.799642,0.819254,0.840475,0.863521,0.888625,0.916045,0.946065,0.978996,1.01518,1.05501,1.0989,1.14732,1.20078,1.25985,1.32517,1.39741,1.47734,1.56578,1.66363,1.77189,1.89161,2.02392,2.17007,2.33135,2.50914,2.70488,2.92009,3.1563,3.41511,3.6981,4.00685,4.34292,4.70776,5.1026,5.52563,6.06249,5.84494,10.5269,-6.98908,56.0142
0.763602,0.777252,0.790984,0.805068,0.819565,0.834624,0.850384,0.86699,0.8846,0.903382,0.923515,0.945194,0.968633,0.994061,1.02173,1.05192,1.08494,1.12111,1.16082,1.20445,1.25247,1.30536,1.36367,1.428,1.49899,1.57738,1.66395,1.75955,1.86512,1.98167,2.11029,2.25214,2.40849,2.58065,2.77003,2.97809,3.20636,3.45641,3.72983,4.02823,4.35324,4.7064,5.08924,5.503,5.94558,6.50767,6.28406,11.1101,-6.76657,57.3287
0.881543,0.896622,0.911787,0.927328,0.943314,0.959911,0.977267,0.995543,1.01491,1.03555,1.05766,1.08145,1.10714,1.135,1.16528,1.19828,1.23433,1.27379,1.31705,1.36453,1.41671,1.47411,1.5373,1.6069,1.68359,1.76813,1.86133,1.96406,2.07731,2.20209,2.33953,2.49081,2.65722,2.8401,3.04086,3.26099,3.50203,3.76556,4.05321,4.36659,4.70734,5.07705,5.47726,5.90927,6.37066,6.95695,6.72813,11.6891,-6.52566,58.6128
1.00938,1.02592,1.04254,1.05957,1.07707,1.09523,1.11421,1.13419,1.15534,1.17786,1.20198,1.2279,1.25588,1.28618,1.3191,1.35495,1.39406,1.43683,1.48366,1.53501,1.59137,1.65329,1.72135,1.79622,1.8786,1.96926,2.06905,2.17887,2.29971,2.43264,2.57878,2.73935,2.91565,3.10904,3.32095,3.55287,3.80637,4.08303,4.3845,4.7124,5.06839,5.45409,5.87106,6.32063,6.80011,7.40962,7.17634,12.2641,-6.2688,59.8674
1.14706,1.16507,1.18318,1.20171,1.22073,1.24049,1.26111,1.28279,1.30575,1.33018,1.35631,1.38438,1.41466,1.44743,1.483,1.52169,1.56388,1.60997,1.66038,1.71559,1.77613,1.84255,1.91547,1.99558,2.0836,2.18034,2.28665,2.40348,2.53183,2.67277,2.82748,2.99717,3.18317,3.38684,3.60963,3.85306,4.11868,4.4081,4.72296,5.06492,5.43564,5.83677,6.26989,6.73638,7.23325,7.86502,7.62792,12.835,-5.99809,61.0933
1.2944,1.3139,1.3335,1.35374,1.3741,1.3955,1.41777,1.44118,1.46595,1.49229,1.52044,1.55067,1.58326,1.6185,1.65671,1.69826,1.74352,1.79291,1.84688,1.90594,1.97063,2.04152,2.11927,2.20457,2.29818,2.40092,2.51367,2.6374,2.77312,2.92195,3.08505,3.26368,3.45915,3.67286,3.90626,4.16087,4.43826,4.74005,5.06789,5.42344,5.80839,6.22439,6.67308,7.15583,7.66942,8.32253,8.08217,13.4019,-5.71533,62.2914
1.45359,1.47347,1.48966,1.51705,1.53687,1.56006,1.584,1.60913,1.6357,1.66395,1.69413,1.72651,1.7614,1.79909,1.83995,1.88433,1.93264,1.98531,2.04283,2.1057,2.17449,2.24982,2.33233,2.42276,2.52187,2.63052,2.74961,2.88011,3.02307,3.17962,3.35093,3.53828,3.74299,3.96647,4.21019,4.47566,4.76447,5.07823,5.41862,5.7873,6.18596,6.6163,7.07996,7.57836,8.108,8.78157,8.53843,13.9647,-5.42211,63.4627
1.45359,1.76133,1.61454,1.69459,1.70911,1.73393,1.75953,1.78638,1.81475,1.8449,1.87709,1.91161,1.94877,1.98891,2.03238,2.07957,2.1309,2.18682,2.24784,2.31448,2.38733,2.46701,2.55422,2.64969,2.75421,2.86866,2.99396,3.1311,3.28114,3.44522,3.62455,3.82039,4.0341,4.26707,4.52079,4.79679,5.09665,5.422,5.7745,6.15584,6.56773,7.01186,7.48993,8.00338,8.54844,9.24163,8.9961,14.5233,-5.11376,63.4627
1.79444,1.81729,1.83961,1.86578,1.89092,1.91687,1.94408,1.97263,2.00278,2.03481,2.06899,2.10563,2.14505,2.1876,2.23365,2.28361,2.33792,2.39705,2.46152,2.53187,2.6087,2.69268,2.78449,2.8849,2.99474,3.11486,3.24623,3.38985,3.5468,3.71823,3.90535,4.10945,4.33189,4.57407,4.83749,5.12367,5.43421,5.77074,6.13493,6.52847,6.9531,7.41051,7.90242,8.43033,8.9902,9.7022,9.45464,15.0776,-4.80033,65.7278
1.97708,2.00251,2.02801,2.05416,2.08089,2.10852,2.13733,2.16756,2.19948,2.23336,2.26951,2.30823,2.34988,2.3948,2.4434,2.49609,2.55333,2.61561,2.68346,2.75745,2.8382,2.92637,3.0227,3.12795,3.24296,3.36863,3.50592,3.65585,3.81952,3.99809,4.19279,4.4049,4.6358,4.8869,5.1597,5.45572,5.77658,6.12389,6.49934,6.90463,7.34151,7.8117,8.31692,8.85871,9.4328,10.1628,9.91355,15.6276,-4.4857,66.8232
2.16974,2.19663,2.22362,2.25115,2.27937,2.30855,2.33896,2.37084,2.40449,2.4402,2.47828,2.51906,2.56288,2.61014,2.66124,2.71661,2.77673,2.84209,2.91325,2.9908,3.07537,3.16766,3.26838,3.37835,3.49842,3.62948,3.77253,3.92861,4.09881,4.28431,4.48634,4.70622,4.94531,5.20503,5.48688,5.79241,6.1232,6.4809,6.8672,7.2838,7.73247,8.21492,8.73294,9.28807,9.87582,10.6232,10.3724,16.1732,-4.1651,67.895
2.37057,2.39888,2.42729,2.45626,2.48595,2.51664,2.54861,2.58212,2.61747,2.65497,2.69494,2.73773,2.7837,2.83324,2.88678,2.94477,3.0077,3.07608,3.15048,3.2315,3.3198,3.41609,3.5211,3.63567,3.76064,3.89696,4.0456,4.20763,4.38416,4.57637,4.78551,5.01289,5.25989,5.52794,5.81852,6.13321,6.47358,6.84129,7.23803,7.6655,8.12549,8.61974,9.15004,9.71799,10.3188,11.0828,10.8307,16.7143,-3.8394,68.9439
2.57923,2.60894,2.63875,2.66914,2.70026,2.73243,2.76593,2.80103,2.83804,2.8773,2.91912,2.96387,3.01193,3.06371,3.11964,3.18018,3.24585,3.31716,3.39472,3.47912,3.57106,3.67123,3.78042,3.89944,4.02919,4.17059,4.32465,4.49245,4.6751,4.8738,5.08981,5.32444,5.57907,5.85514,6.15415,6.47765,6.82724,7.20457,7.61134,8.04927,8.52014,9.02572,9.56783,10.1481,10.7615,11.5414,11.2882,17.2509,-3.50935,69.9706
2.79541,2.82649,2.85766,2.88942,2.92196,2.95557,2.99055,3.02721,3.06585,3.10681,3.15044,3.19711,3.24721,3.30116,3.35941,3.42244,3.49077,3.56494,3.64556,3.73326,3.82872,3.93267,4.0459,4.16924,4.30361,4.44993,4.60924,4.78262,4.97119,5.17616,5.39878,5.6404,5.90239,6.18619,6.4933,6.82528,7.18374,7.57032,7.98674,8.4347,8.91603,9.43249,9.98593,10.578,11.2035,11.9987,11.7446,17.783,-3.17561,70.9758
3.01875,3.05116,3.08366,3.11677,3.15067,3.18569,3.22213,3.26029,3.30052,3.34314,3.38853,3.43706,3.48914,3.5452,3.60571,3.67116,3.74207,3.81902,3.90261,3.9935,4.09237,4.19998,4.31712,4.44465,4.58348,4.73457,4.89895,5.0777,5.27198,5.48299,5.712,5.96035,6.22942,6.52066,6.83556,7.1757,7.54268,7.93814,8.36382,8.82143,9.31279,9.8397,10.404,11.0074,11.6446,12.4544,12.1995,18.3103,-2.8388,71.9604
3.24891,3.28261,3.31641,3.35083,3.38606,3.42245,3.46029,3.49993,3.54168,3.58592,3.63301,3.68335,3.73735,3.79547,3.85817,3.92596,3.99938,4.07901,4.16548,4.25945,4.36163,4.47277,4.5937,4.72527,4.86841,5.02409,5.19335,5.3773,5.57708,5.79391,6.02906,6.28388,6.55977,6.85815,7.18054,7.52852,7.90368,8.30768,8.74225,9.20911,9.7101,10.247,10.8218,11.4361,12.0845,12.9084,12.6527,18.833,-2.49942,72.9249
3.48554,3.5205,3.55555,3.59124,3.62777,3.66548,3.70469,3.74575,3.789,3.8348,3.88354,3.93563,3.9915,4.05159,4.11641,4.18646,4.26231,4.34454,4.43379,4.53074,4.6361,4.75066,4.87524,5.0107,5.158,5.31811,5.49208,5.68102,5.88609,6.10852,6.34958,6.61063,6.89305,7.1983,7.52789,7.88338,8.26639,8.67858,9.12169,9.59743,10.1077,10.6543,11.2391,11.8639,12.5229,13.3604,13.1041,19.3511,-2.15797,73.8702
3.72832,3.76449,3.80076,3.83768,3.87546,3.91445,3.95499,3.99742,4.04211,4.08942,4.13976,4.19354,4.25121,4.31322,4.38008,4.45232,4.53051,4.61524,4.70718,4.807,4.91544,5.03329,5.16138,5.3006,5.4519,5.61626,5.79476,5.98851,6.19867,6.42647,6.67321,6.94023,7.22894,7.54078,7.87726,8.23997,8.63052,9.05057,9.50187,9.98613,10.5052,11.0611,11.6555,12.2904,12.9597,13.8102,13.5534,19.8644,-1.81484,74.7968
3.97691,4.01426,4.05171,4.08981,4.1288,4.16903,4.21084,4.25461,4.30068,4.34946,4.40134,4.45676,4.51615,4.58001,4.64885,4.72319,4.80364,4.89079,4.9853,5.08789,5.19929,5.32031,5.45178,5.59461,5.74975,5.91821,6.10106,6.29942,6.51447,6.74744,6.99962,7.27238,7.56711,7.88527,8.22837,8.59801,8.99578,9.42336,9.88251,10.3749,10.9026,11.4673,12.071,12.7155,13.3948,14.2578,14.0004,20.3731,-1.47041,75.7054
4.231,4.26949,4.30807,4.34732,4.38747,4.42889,4.47194,4.51699,4.5644,4.61459,4.66795,4.72494,4.78601,4.85165,4.92238,4.99876,5.08137,5.17084,5.26784,5.37309,5.48734,5.6114,5.74612,5.89242,6.05125,6.22364,6.41067,6.61346,6.83319,7.07111,7.32852,7.60677,7.90728,8.23149,8.58094,8.95721,9.36191,9.79672,10.2634,10.7637,11.2995,11.8727,12.4853,13.1392,13.8279,14.703,14.4452,20.8772,-1.12499,76.5966
4.49029,4.52988,4.56955,4.6099,4.65117,4.69374,4.73798,4.78426,4.83296,4.8845,4.93929,4.99779,5.06047,5.12782,5.20037,5.2787,5.3634,5.4551,5.55449,5.66229,5.77928,5.90625,6.04409,6.19372,6.3561,6.53226,6.72329,6.93032,7.15454,7.39721,7.65962,7.94314,8.24919,8.5792,8.93473,9.31736,9.7287,10.1704,10.6443,11.1521,11.6958,12.2772,12.8984,13.5611,14.259,15.1457,14.8874,21.3767,-0.778858,77.4712
4.7545,4.79513,4.83586,4.87727,4.91961,4.96329,5.00867,5.05613,5.10607,5.15891,5.21508,5.27503,5.33924,5.40824,5.48254,5.56274,5.64944,5.74328,5.84497,5.95522,6.07482,6.2046,6.34543,6.49824,6.66402,6.84379,7.03865,7.24975,7.47828,7.72549,7.99269,8.28126,8.5926,8.92817,9.28952,9.67824,10.0959,10.5443,11.0251,11.5402,12.0914,12.6806,13.31,13.9813,14.688,15.5859,15.3272,21.8716,-0.432266,78.3297
5.02334,5.06498,5.10671,5.14914,5.19252,5.23726,5.28373,5.33233,5.38346,5.43754,5.49503,5.55637,5.62206,5.69263,5.76862,5.85061,5.93923,6.03512,6.139,6.2516,6.37371,6.50617,6.64986,6.80573,6.97475,7.15798,7.35651,7.5715,7.80415,8.05571,8.3275,8.62089,8.93731,9.2782,9.64512,10.0397,10.4635,10.9182,11.4057,11.9276,12.4861,13.0829,13.7201,14.3997,15.1149,16.0236,15.7645,22.3621,-0.085415,79.1727
5.29657,5.33918,5.38187,5.42527,5.46965,5.5154,5.56292,5.61261,5.66487,5.72015,5.77889,5.84157,5.90868,5.98076,6.05835,6.14206,6.23251,6.33037,6.43635,6.55119,6.6757,6.81073,6.95716,7.11595,7.28808,7.47462,7.67666,7.89537,8.13195,8.38767,8.66385,8.96186,9.28313,9.62911,10.0014,10.4015,10.8311,11.292,11.7858,12.3144,12.8798,13.4838,14.1287,14.8162,15.5396,16.4586,16.1991,22.8483,0.261523,80.0008
5.57394,5.61747,5.66109,5.70543,5.75075,5.79747,5.84599,5.89672,5.95008,6.0065,6.06644,6.1304,6.19886,6.27238,6.35151,6.43686,6.52907,6.62881,6.73679,6.85378,6.98059,7.11807,7.26711,7.42869,7.6038,7.79349,7.99889,8.22115,8.4615,8.72119,9.00157,9.30398,9.62989,9.98074,10.3581,10.7636,11.1988,11.6655,12.1654,12.7004,13.2724,13.8835,14.5356,15.2308,15.962,16.891,16.6312,23.3301,0.608394,80.8147
5.85524,5.89966,5.94416,5.98938,6.0356,6.08326,6.13274,6.18446,6.23886,6.29637,6.35747,6.42264,6.4924,6.56729,6.64789,6.73481,6.82869,6.93022,7.04012,7.15916,7.28816,7.42798,7.57953,7.74377,7.92171,8.11442,8.32302,8.54868,8.79262,9.05611,9.34049,9.64713,9.97747,10.333,10.7152,11.1258,11.5664,12.0387,12.5445,13.0855,13.664,14.2817,14.9409,15.6435,16.3822,17.3209,17.0607,23.8078,0.95508,81.6149
6.14027,6.18554,6.2309,6.27697,6.32399,6.37257,6.42296,6.47563,6.53102,6.58957,6.65177,6.7181,6.78909,6.8653,6.9473,7.03572,7.1312,7.23443,7.34616,7.46716,7.59825,7.7403,7.89423,8.06102,8.24167,8.43725,8.64891,8.87781,9.12517,9.39229,9.6805,9.99116,10.3257,10.6857,11.0726,11.4881,11.9338,12.4114,12.9228,13.4698,14.0544,14.6786,15.3445,16.0542,16.8002,17.7483,17.4877,24.2814,1.30149,82.402
6.42869,6.47479,6.52104,6.56823,6.61569,6.6652,6.71647,6.77004,6.82638,6.88592,6.94916,7.01661,7.08878,7.16623,7.24957,7.33941,7.43641,7.54128,7.65475,7.77761,7.9107,8.05488,8.21108,8.38028,8.56351,8.76185,8.97641,9.2084,9.45904,9.72962,10.0215,10.336,10.6746,11.0388,11.4302,11.8504,12.301,12.7838,13.3005,13.8531,14.4436,15.074,15.7464,16.4629,17.2161,18.1731,17.9121,24.7511,1.64755,83.1765
6.72015,6.7666,6.81269,6.86384,6.91052,6.96101,7.01311,7.06755,7.12478,7.18527,7.24951,7.318,7.39129,7.46994,7.55455,7.64574,7.7442,7.85062,7.96574,8.09038,8.22536,8.37157,8.52993,8.70145,8.88713,9.08808,9.30542,9.54036,9.79412,10.068,10.3633,10.6815,11.024,11.3923,11.7879,12.2126,12.6679,13.1556,13.6775,14.2355,14.8317,15.468,16.1467,16.8698,17.6297,18.5955,18.3342,25.217,1.99321,83.939
7.03131,7.07235,7.0949,7.16496,7.20847,7.25983,7.31274,7.368,7.42609,7.48747,7.55266,7.62216,7.69651,7.77629,7.86211,7.95459,8.05443,8.16232,8.27902,8.40535,8.54213,8.69027,8.85069,9.0244,9.21242,9.41586,9.63585,9.87358,10.1303,10.4073,10.706,11.0277,11.3739,11.746,12.1457,12.5747,13.0345,13.5269,14.0538,14.617,15.2186,15.8607,16.5454,17.2749,18.0414,19.0156,18.7538,25.6793,2.33844,84.69
7.03131,7.54658,7.35204,7.46837,7.50974,7.56159,7.61524,7.67128,7.73018,7.79242,7.8585,7.92895,8.00431,8.08517,8.17213,8.26584,8.36699,8.47628,8.59448,8.72241,8.86091,9.01088,9.17326,9.34905,9.5393,9.74511,9.96761,10.208,10.4676,10.7476,11.0494,11.3744,11.7241,12.1,12.5036,12.9367,13.4008,13.8977,14.4294,14.9976,15.6044,16.252,16.9425,17.6782,18.451,19.4333,19.1712,26.1381,2.68511,84.69
7.6278,7.67001,7.70452,7.76472,7.81394,7.86616,7.92051,7.97728,8.03695,8.1,8.16693,8.23828,8.31461,8.39648,8.48453,8.5794,8.68179,8.79241,8.91204,9.04149,9.18161,9.33332,9.49756,9.67534,9.86771,10.0758,10.3007,10.5436,10.8059,11.0887,11.3936,11.7218,12.0748,12.4542,12.8616,13.2985,13.7668,14.2681,14.8043,15.3772,15.9892,16.6421,17.3382,18.0798,18.8587,19.849,19.5864,26.5936,3.03091,86.1599
7.91943,7.96869,8.01723,8.06939,8.1205,8.17345,8.22845,8.28592,8.34632,8.41013,8.47787,8.55008,8.62731,8.71015,8.79923,8.89521,8.99877,9.11065,9.23163,9.36252,9.50419,9.65755,9.82355,10.0032,10.1976,10.4078,10.6349,10.8803,11.1451,11.4307,11.7384,12.0697,12.4259,12.8087,13.2196,13.6603,14.1325,14.638,15.1785,15.7561,16.3729,17.0309,17.7325,18.4798,19.2646,20.2625,19.9996,27.046,3.37446,86.8797
8.22628,8.27637,8.32654,8.37779,8.42977,8.48337,8.53901,8.59713,8.65822,8.72275,8.79126,8.86427,8.94236,9.02612,9.11617,9.21319,9.31787,9.43094,9.5532,9.68546,9.82859,9.98351,10.1512,10.3326,10.5289,10.7411,10.9705,11.2181,11.4854,11.7735,12.084,12.4181,12.7774,13.1634,13.5777,14.022,14.498,15.0074,15.5522,16.1342,16.7557,17.4186,18.1254,18.8783,19.6688,20.6742,20.4108,27.4954,3.71765,87.5902
8.53611,8.58677,8.63752,8.68908,8.74168,8.79588,8.85212,8.91086,8.9726,9.03782,9.10704,9.18082,9.25972,9.34434,9.43532,9.53332,9.63905,9.75325,9.87671,10.0103,10.1548,10.3112,10.4804,10.6636,10.8617,11.0758,11.3072,11.557,11.8266,12.1172,12.4303,12.7671,13.1294,13.5185,13.936,14.3837,14.8633,15.3766,15.9254,16.5116,17.1376,17.8053,18.5171,19.2754,20.0715,21.084,20.8202,27.942,4.06051,88.2918
8.84857,8.89974,8.95101,9.00305,9.0562,9.11095,9.16775,9.22708,9.28943,9.35529,9.4252,9.4997,9.57936,9.6648,9.75665,9.85557,9.9623,10.0776,10.2022,10.3369,10.4828,10.6406,10.8113,10.9961,11.1959,11.4118,11.6451,11.897,12.1688,12.4618,12.7773,13.1168,13.4818,13.8738,14.2945,14.7455,15.2285,15.7455,16.2981,16.8885,17.5187,18.1911,18.9078,19.6712,20.4727,21.4922,21.2279,28.386,4.40312,88.9851
9.1637,9.21536,9.26711,9.31964,9.37329,9.42856,9.48589,9.54578,9.6087,9.67517,9.74572,9.82089,9.90128,9.98748,10.0801,10.18,10.2876,10.4039,10.5296,10.6655,10.8126,10.9717,11.1439,11.3301,11.5315,11.7492,11.9844,12.2382,12.5121,12.8072,13.1251,13.4671,13.8348,14.2296,14.6532,15.1073,15.5937,16.1142,16.6705,17.2648,17.8993,18.576,19.2975,20.0659,20.8726,21.8989,21.6341,28.8277,4.74555,89.6705
9.48152,9.53363,9.58584,9.63883,9.69295,9.7487,9.80654,9.86694,9.9304,9.99744,10.0686,10.1444,10.2255,10.3124,10.4058,10.5065,10.615,10.7322,10.8589,10.9959,11.1442,11.3045,11.478,11.6657,11.8687,12.088,12.3249,12.5806,12.8564,13.1537,13.4738,13.8182,14.1883,14.5858,15.0123,15.4694,15.959,16.4828,17.0427,17.6408,18.2793,18.9603,19.6863,20.4596,21.2713,22.3042,22.0389,29.2672,5.08789,90.3486
9.80203,9.85458,9.90721,9.96064,10.0152,10.0714,10.1297,10.1906,10.2546,10.3221,10.3938,10.4703,10.552,10.6396,10.7337,10.8351,10.9445,11.0626,11.1902,11.3283,11.4776,11.6392,11.8139,12.003,12.2073,12.4282,12.6667,12.9242,13.2019,13.5011,13.8234,14.17,14.5426,14.9426,15.3718,15.8318,16.3244,16.8514,17.4148,18.0165,18.6589,19.344,20.0744,20.8524,21.669,22.7083,22.4426,29.7047,5.43025,91.0197
10.1253,10.1782,10.2313,10.2851,10.3401,10.3967,10.4554,10.5168,10.5812,10.6493,10.7215,10.7985,10.8808,10.969,11.0639,11.166,11.2761,11.3951,11.5236,11.6626,11.813,11.9756,12.1516,12.3419,12.5476,12.7699,13.01,13.2692,13.5486,13.8498,14.174,14.5228,14.8976,15.3001,15.7318,16.1946,16.69,17.2202,17.7869,18.3921,19.0382,19.7274,20.462,21.2446,22.0659,23.1115,22.8452,30.1405,5.77272,91.6845
10.4513,10.5046,10.558,10.6122,10.6676,10.7246,10.7837,10.8455,10.9104,10.9789,11.0517,11.1291,11.212,11.3008,11.3963,11.4991,11.61,11.7297,11.8591,11.999,12.1503,12.314,12.4911,12.6826,12.8896,13.1132,13.3548,13.6155,13.8966,14.1996,14.5257,14.8766,15.2536,15.6583,16.0925,16.5579,17.0561,17.5893,18.1591,18.7677,19.4174,20.1105,20.8493,21.6362,22.4622,23.5139,23.2471,30.5748,6.11544,92.3433
10.7801,10.8338,10.8875,10.9421,10.9978,11.0552,11.1147,11.1768,11.2422,11.3111,11.3843,11.4623,11.5457,11.635,11.7311,11.8345,11.9461,12.0666,12.1967,12.3375,12.4897,12.6544,12.8325,13.0251,13.2333,13.4583,13.7012,13.9634,14.2461,14.5507,14.8787,15.2314,15.6105,16.0175,16.454,16.9219,17.4228,17.9588,18.5317,19.1435,19.7967,20.4935,21.2363,22.0276,22.858,23.9156,23.6482,31.0078,6.45854,92.9966
11.1118,11.1658,11.2199,11.2748,11.3308,11.3885,11.4484,11.5109,11.5766,11.646,11.7196,11.798,11.8819,11.9717,12.0684,12.1724,12.2846,12.4057,12.5366,12.6781,12.8312,12.9968,13.1759,13.3695,13.5789,13.805,14.0493,14.3129,14.5971,14.9033,15.233,15.5875,15.9686,16.3776,16.8164,17.2866,17.7901,18.3289,18.9047,19.5197,20.1762,20.8766,21.6233,22.4188,23.2536,24.3169,24.049,31.4398,6.80214,93.645
11.4464,11.5008,11.5552,11.6105,11.6666,11.7247,11.7849,11.8478,11.9138,11.9835,12.0575,12.1364,12.2207,12.311,12.4082,12.5127,12.6255,12.7473,12.8789,13.0211,13.175,13.3414,13.5214,13.7161,13.9264,14.1538,14.3992,14.6641,14.9497,15.2574,15.5887,15.945,16.3279,16.739,17.1798,17.6524,18.1583,18.6997,19.2783,19.8963,20.5561,21.26,22.0105,22.81,23.6491,24.7181,24.4495,31.871,7.14642,94.2888
11.7836,11.8382,11.893,11.9498,12.0053,12.0638,12.1243,12.1875,12.2538,12.3239,12.3983,12.4775,12.5622,12.653,12.7506,12.8557,12.969,13.0914,13.2236,13.3665,13.5211,13.6883,13.8692,14.0648,14.2761,14.5045,14.7511,15.0172,15.3041,15.6133,15.9461,16.304,16.6887,17.1016,17.5445,18.0192,18.5275,19.0714,19.6527,20.2737,20.9366,21.6439,22.398,23.2014,24.0447,25.1192,24.85,32.3016,7.49152,94.9285
12.1252,12.1786,12.2303,12.2933,12.3471,12.406,12.4668,12.5302,12.5969,12.6673,12.742,12.8216,12.9066,12.9979,13.0959,13.2014,13.3153,13.4382,13.5709,13.7145,13.8698,14.0377,14.2194,14.4158,14.6281,14.8574,15.1051,15.3723,15.6605,15.971,16.3053,16.6647,17.051,17.4658,17.9106,18.3874,18.8979,19.4442,20.0281,20.6519,21.3179,22.0285,22.7861,23.5934,24.4406,25.5205,25.2507,32.732,7.83761,95.5647
12.4973,12.542,12.5582,12.6412,12.6922,12.7514,12.8124,12.8761,12.943,13.0137,13.0887,13.1686,13.2541,13.3456,13.4441,13.55,13.6643,13.7877,13.921,14.0652,14.2211,14.3897,14.572,14.7692,14.9824,15.2127,15.4613,15.7296,16.019,16.3307,16.6663,17.0273,17.4152,17.8316,18.2782,18.757,19.2697,19.8183,20.4047,21.0312,21.7001,22.4139,23.175,23.986,24.8372,25.9223,25.6518,33.1623,8.18487,96.1976
12.4973,13.0542,12.8773,12.9904,13.0409,13.1001,13.1613,13.2253,13.2924,13.3634,13.4387,13.5189,13.6046,13.6965,13.7953,13.9016,14.0163,14.1402,14.274,14.4187,14.5751,14.7444,14.9274,15.1253,15.3393,15.5704,15.82,16.0893,16.3797,16.6926,17.0295,17.3918,17.7812,18.1992,18.6476,19.1283,19.643,20.1939,20.7827,21.4118,22.0836,22.8004,23.5648,24.3795,25.2345,26.3248,26.0536,33.5928,8.53471,96.1976
13.1907,13.2354,13.2672,13.3377,13.3931,13.4523,13.5137,13.5779,13.6452,13.7164,13.7919,13.8724,13.9584,14.0506,14.1497,14.2564,14.3715,14.4958,14.63,14.7752,14.9322,15.102,15.2856,15.4842,15.6989,15.9308,16.1812,16.4515,16.7429,17.0569,17.395,17.7586,18.1494,18.569,19.019,19.5015,20.0181,20.5711,21.1623,21.7939,22.4684,23.1882,23.9559,24.7741,25.6328,26.7282,26.4563,34.0238,8.88586,97.4558
13.5242,13.5789,13.6317,13.6917,13.7488,13.8081,13.8697,13.934,14.0016,14.073,14.1487,14.2294,14.3157,14.4082,14.5076,14.6146,14.73,14.8546,14.9893,15.1349,15.2924,15.4627,15.6469,15.8461,16.0614,16.294,16.5452,16.8164,17.1088,17.4238,17.763,18.1278,18.5199,18.9409,19.3925,19.8767,20.3952,20.9502,21.5436,22.1776,22.8548,23.5775,24.3484,25.17,26.0324,27.1328,26.8602,34.4555,9.23752,98.082
13.882,13.9376,13.9932,14.0506,14.1082,14.1677,14.2295,14.294,14.3617,14.4333,14.5092,14.5901,14.6766,14.7693,14.869,14.9763,15.092,15.217,15.352,15.498,15.6559,15.8266,16.0114,16.2111,16.4271,16.6603,16.9123,17.1842,17.4775,17.7934,18.1336,18.4996,18.8929,19.3153,19.7684,20.2543,20.7745,21.3315,21.927,22.5634,23.2431,23.9687,24.7426,25.5676,26.4336,27.5388,27.2655,34.8883,9.59134,98.7068
14.2452,14.301,14.357,14.4139,14.4718,14.5314,14.5933,14.6579,14.7258,14.7975,14.8736,14.9547,15.0414,15.1343,15.2342,15.3417,15.4577,15.583,15.7183,15.8646,16.0229,16.1941,16.3793,16.5795,16.796,17.0299,17.2825,17.5551,17.8492,18.166,18.5072,18.8742,19.2687,19.6924,20.1469,20.6343,21.1562,21.7151,22.3127,22.9513,23.6335,24.3618,25.1387,25.967,26.8365,27.9464,27.6723,35.3223,9.94693,99.3307
14.6127,14.6686,14.7246,14.7815,14.8395,14.8993,14.9613,15.026,15.094,15.1659,15.2421,15.3233,15.4102,15.5033,15.6034,15.7111,15.8273,15.9528,16.0884,16.2351,16.3937,16.5652,16.7508,16.9515,17.1685,17.4029,17.6561,17.9294,18.2242,18.5419,18.8839,19.2519,19.6475,20.0723,20.5282,21.0171,21.5406,22.1013,22.7008,23.3417,24.0263,24.7572,25.5371,26.3686,27.2415,28.3561,28.0812,35.7581,10.3055,99.9541
14.9847,15.0406,15.0967,15.1536,15.2117,15.2716,15.3337,15.3985,15.4666,15.5386,15.6149,15.6963,15.7832,15.8765,15.9767,16.0847,16.2011,16.3268,16.4626,16.6095,16.7684,16.9403,17.1262,17.3273,17.5447,17.7796,18.0333,18.3072,18.6027,18.9211,19.264,19.6329,20.0295,20.4555,20.9126,21.4028,21.9279,22.4903,23.0918,23.7347,24.4216,25.1552,25.9378,26.7725,27.6487,28.7679,28.4922,36.1957,10.6661,100.577
15.3613,15.4174,15.4735,15.5304,15.5886,15.6485,15.7107,15.7756,15.8438,15.9158,15.9922,16.0737,16.1608,16.2541,16.3545,16.4626,16.5791,16.705,16.8411,16.9882,17.1473,17.3195,17.5057,17.7071,17.9249,18.1602,18.4145,18.6889,18.985,19.304,19.6477,20.0174,20.415,20.842,21.3002,21.7918,22.3184,22.8824,23.4857,24.1306,24.8199,25.5559,26.3413,27.179,28.0585,29.1823,28.9057,36.6356,11.03,101.201
15.743,15.799,15.8552,15.9122,15.9704,16.0304,16.0926,16.1575,16.2258,16.2978,16.3743,16.4559,16.543,16.6365,16.7369,16.8451,16.9618,17.0878,17.224,17.3713,17.5307,17.7031,17.8895,18.0913,18.3094,18.5451,18.7997,19.0746,19.3712,19.6909,20.0352,20.4057,20.8041,21.2321,21.6915,22.1843,22.7123,23.2778,23.8829,24.5298,25.2212,25.9596,26.7478,27.5885,28.4712,29.5994,29.3219,37.0779,11.3968,101.826
16.1299,16.186,16.2421,16.2991,16.3573,16.4173,16.4796,16.5445,16.6128,16.6849,16.7615,16.843,16.9303,17.0238,17.1243,17.2326,17.3494,17.4755,17.6118,17.7592,17.9187,18.0913,18.278,18.4799,18.6983,18.9343,19.1893,19.4646,19.7617,20.0819,20.4269,20.7981,21.1973,21.6262,22.0866,22.5806,23.1099,23.6769,24.2836,24.9324,25.6259,26.3668,27.1575,28.0011,28.887,30.0196,29.7412,37.523,11.767,102.452
16.5223,16.5784,16.6345,16.6915,16.7497,16.8097,16.8719,16.9369,17.0052,17.0774,17.1539,17.2355,17.3227,17.4163,17.5168,17.6252,17.742,17.8682,18.0046,18.1521,18.3117,18.4844,18.6713,18.8734,19.092,19.3283,19.5835,19.8592,20.1567,20.4774,20.8229,21.1948,21.5947,22.0244,22.4858,22.9809,23.5114,24.0799,24.6882,25.3388,26.0344,26.7775,27.5708,28.4173,29.3062,30.4431,30.1639,37.9713,12.1408,103.079
16.9205,16.9765,17.0327,17.0897,17.1477,17.2078,17.27,17.3349,17.4032,17.4753,17.5519,17.6335,17.7207,17.8143,17.9148,18.0232,18.14,18.2662,18.4027,18.5502,18.7099,18.8827,19.0697,19.272,19.4907,19.7272,19.9827,20.2587,20.5565,20.8776,21.2236,21.5961,21.9967,22.4272,22.8894,23.3855,23.9172,24.4871,25.0969,25.7492,26.4468,27.1921,27.988,28.8373,29.7292,30.8703,30.5902,38.4231,12.5185,103.709
17.3244,17.3805,17.4368,17.4941,17.5517,17.6118,17.6739,17.7389,17.8071,17.8792,17.9557,18.0373,18.1245,18.218,18.3186,18.4269,18.5437,18.6699,18.8064,18.954,19.1137,19.2865,19.4735,19.6759,19.8948,20.1314,20.3871,20.6633,20.9614,21.2829,21.6293,22.0022,22.4034,22.8346,23.2977,23.7948,24.3276,24.8987,25.51,26.164,26.8635,27.611,28.4093,29.2613,30.1563,31.3015,31.0204,38.8786,12.9005,104.342
17.7342,17.7901,17.8462,17.9054,17.9619,18.022,18.0841,18.149,18.2172,18.2892,18.3657,18.4472,18.5343,18.6278,18.7283,18.8366,18.9534,19.0796,19.216,19.3635,19.5232,19.6961,19.8831,20.0855,20.3045,20.5412,20.797,21.0734,21.3717,21.6935,22.0403,22.4136,22.8154,23.2472,23.711,24.209,24.7428,25.3152,25.9279,26.5834,27.2848,28.0344,28.8351,29.6898,30.5876,31.7371,31.455,39.3382,13.2868,104.977
18.1531,18.2068,18.2575,18.3246,18.3786,18.4388,18.5009,18.5657,18.6338,18.7057,18.7821,18.8635,18.9506,19.044,19.1444,19.2526,19.3693,19.4954,19.6318,19.7793,19.9389,20.1117,20.2987,20.5011,20.7201,20.9568,21.2127,21.4892,21.7877,22.1097,22.4568,22.8305,23.2327,23.6651,24.1296,24.6284,25.1632,25.7367,26.3507,27.0079,27.711,28.4627,29.2656,30.123,31.0237,32.1772,31.8941,39.8024,13.678,105.617
18.6145,18.6568,18.6614,18.7517,18.8024,18.8625,18.9245,18.9892,19.0572,19.129,19.2053,19.2866,19.3736,19.4669,19.5672,19.6752,19.7919,19.9178,20.0541,20.2015,20.361,20.5337,20.7207,20.923,21.1419,21.3787,21.6346,21.9111,22.2098,22.5319,22.8792,23.2532,23.6558,24.0887,24.5539,25.0534,25.5891,26.1637,26.779,27.4376,28.1425,28.8961,29.7013,30.5613,31.4648,32.6223,32.3382,40.2713,14.0742,106.26
18.6145,19.2785,19.0621,19.1835,19.2337,19.2934,19.3553,19.4199,19.4877,19.5595,19.6356,19.7168,19.8036,19.8968,19.9969,20.1049,20.2213,20.3472,20.4833,20.6305,20.7899,20.9625,21.1493,21.3515,21.5704,21.807,22.0629,22.3395,22.6381,22.9604,23.3078,23.6821,24.085,24.5184,24.9841,25.4842,26.0208,26.5964,27.2129,27.873,28.5795,29.3351,30.1425,31.005,31.9113,33.0727,32.7875,40.7454,14.4769,106.26
19.4769,19.5185,19.5432,19.6174,19.6726,19.7319,19.7936,19.858,19.9258,19.9974,20.0734,20.1544,20.2411,20.334,20.434,20.5418,20.6581,20.7837,20.9196,21.0667,21.2259,21.3983,21.585,21.787,22.0057,22.2423,22.498,22.7745,23.0732,23.3955,23.743,24.1175,24.5207,24.9544,25.4206,25.9213,26.4587,27.0352,27.6529,28.3143,29.0224,29.7799,30.5895,31.4544,32.3634,33.5288,33.2425,41.2251,14.8852,107.56
19.8957,19.95,20.0013,20.0624,20.1191,20.1783,20.2398,20.3041,20.3717,20.4431,20.5189,20.5997,20.6862,20.779,20.8788,20.9863,21.1024,21.2279,21.3635,21.5104,21.6694,21.8416,22.028,22.2299,22.4484,22.6847,22.9403,23.2167,23.5153,23.8375,24.1851,24.5597,24.9631,25.3971,25.8637,26.365,26.9031,27.4805,28.0993,28.7619,29.4717,30.2309,31.0426,31.91,32.8216,33.9909,33.7034,41.7106,15.2984,108.218
20.3495,20.4045,20.4594,20.5168,20.5739,20.6329,20.6943,20.7584,20.8258,20.897,20.9726,21.0533,21.1395,21.2321,21.3316,21.4389,21.5548,21.68,21.8154,21.962,22.1207,22.2926,22.4788,22.6804,22.8986,23.1347,23.3902,23.6664,23.9648,24.287,24.6345,25.0091,25.4127,25.8469,26.3138,26.8157,27.3544,27.9326,28.5524,29.2163,29.9275,30.6885,31.5023,32.372,33.2863,34.4594,34.1708,42.2024,15.7179,108.882
20.8139,20.8689,20.924,20.9803,21.0373,21.0962,21.1574,21.2213,21.2885,21.3595,21.4349,21.5153,21.6013,21.6936,21.7929,21.9,22.0155,22.1404,22.2755,22.4218,22.5802,22.7518,22.9377,23.139,23.3569,23.5927,23.8479,24.1239,24.4221,24.7441,25.0916,25.4662,25.8697,26.3041,26.7714,27.2736,27.8129,28.3919,29.0126,29.6777,30.3903,31.153,31.9688,32.8409,33.7577,34.9346,34.6448,42.701,16.1441,109.552
21.2875,21.3423,21.3972,21.453,21.5099,21.5686,21.6295,21.6932,21.7602,21.8309,21.9061,21.9862,22.072,22.164,22.263,22.3698,22.485,22.6096,22.7443,22.8903,23.0483,23.2196,23.4051,23.606,23.8236,24.0591,24.3139,24.5896,24.8876,25.2093,25.5567,25.9312,26.3347,26.7692,27.2367,27.7393,28.2791,28.8587,29.4803,30.1466,30.8606,31.6249,32.4426,33.317,34.2364,35.417,35.126,43.2066,16.5775,110.229
21.7706,21.8251,21.8797,21.9352,21.992,22.0504,22.1111,22.1746,22.2413,22.3118,22.3866,22.4665,22.552,22.6437,22.7424,22.8488,22.9636,23.0878,23.2222,23.3678,23.5254,23.6963,23.8814,24.0819,24.2991,24.5342,24.7886,25.0639,25.3616,25.6831,26.0302,26.4045,26.808,27.2425,27.7101,28.213,28.7533,29.3336,29.956,30.6233,31.3386,32.1045,32.9241,33.8007,34.7226,35.9069,35.6147,43.7196,17.0183,110.913
22.2636,22.3179,22.3722,22.4275,22.4839,22.5422,22.6026,22.6657,22.7322,22.8024,22.877,22.9565,23.0416,23.133,23.2314,23.3374,23.4519,23.5757,23.7097,23.8548,24.012,24.1824,24.367,24.5671,24.7838,25.0184,25.2724,25.5473,25.8446,26.1657,26.5125,26.8867,27.29,27.7245,28.1922,28.6952,29.2359,29.8167,30.4399,31.1082,31.8247,32.5922,33.4137,34.2925,35.2169,36.4048,36.1112,44.2406,17.4669,111.605
22.767,22.821,22.8752,22.9301,22.9862,23.0442,23.1043,23.1672,23.2333,23.3032,23.3775,23.4567,23.5415,23.6325,23.7304,23.8361,23.9501,24.0735,24.207,24.3517,24.5084,24.6783,24.8624,25.0619,25.2781,25.5123,25.7658,26.0402,26.3369,26.6577,27.0042,27.378,27.7811,28.2155,28.6832,29.1864,29.7273,30.3087,30.9326,31.6018,32.3195,33.0885,33.9118,34.7927,35.7195,36.9111,36.6162,44.7699,17.9238,112.306
23.2811,23.3348,23.3889,23.4439,23.4991,23.557,23.6168,23.6794,23.7452,23.8147,23.8887,23.9675,24.0519,24.1425,24.24,24.3452,24.4588,24.5817,24.7148,24.8589,25.0151,25.1844,25.368,25.5669,25.7826,26.0161,26.2691,26.5429,26.8392,27.1594,27.5055,27.8789,28.2818,28.716,29.1836,29.6869,30.2281,30.8098,31.4344,32.1044,32.8233,33.5937,34.4188,35.3017,36.2309,37.4261,37.1298,45.308,18.3893,113.015
23.8056,23.8591,23.9128,23.9697,24.0233,24.081,24.1405,24.2027,24.2682,24.3374,24.4109,24.4894,24.5734,24.6635,24.7606,24.8653,24.9785,25.1008,25.2333,25.3769,25.5325,25.7012,25.8842,26.0825,26.2975,26.5304,26.7828,27.056,27.3517,27.6714,28.0169,28.39,28.7925,29.2264,29.6939,30.1972,30.7385,31.3206,31.9457,32.6166,33.3365,34.1083,34.9351,35.8201,36.7516,37.9504,37.6527,45.8553,18.8638,113.733
24.3443,24.395,24.4425,24.5091,24.5591,24.6167,24.6759,24.7377,24.8028,24.8716,24.9448,25.0228,25.1064,25.1961,25.2927,25.3969,25.5095,25.6313,25.7632,25.9061,26.0611,26.2292,26.4115,26.6092,26.8235,27.0557,27.3073,27.5799,27.8749,28.194,28.539,28.9115,29.3136,29.7472,30.2145,30.7177,31.2591,31.8415,32.4671,33.1388,33.8597,34.6328,35.4612,36.3483,37.2821,38.4844,38.1852,46.4122,19.3479,114.462
24.9398,24.9756,24.9643,25.0625,25.1074,25.1645,25.2234,25.2849,25.3496,25.418,25.4907,25.5683,25.6513,25.7406,25.8367,25.9403,26.0523,26.1736,26.3048,26.4471,26.6015,26.7688,26.9504,27.1473,27.3609,27.5924,27.8433,28.1151,28.4094,28.7278,29.0721,29.4441,29.8457,30.2789,30.7458,31.2489,31.7904,32.373,32.999,33.6714,34.3932,35.1676,35.9976,36.8866,37.8227,39.0285,38.7278,46.9793,19.8419,115.2
24.9398,25.8033,25.4794,25.6253,25.6687,25.7251,25.7836,25.8447,25.9089,25.9769,26.0492,26.1263,26.2088,26.2976,26.3931,26.4962,26.6076,26.7282,26.8588,27.0004,27.154,27.3206,27.5014,27.6975,27.9103,28.141,28.391,28.662,28.9555,29.2732,29.6168,29.9881,30.3891,30.8219,31.2885,31.7913,32.3327,32.9155,33.5419,34.2148,34.9376,35.7132,36.5448,37.4357,38.3739,39.5832,39.2809,47.5569,20.3477,115.2
26.0672,26.1022,26.1169,26.1925,26.2433,26.2989,26.3569,26.4176,26.4814,26.5489,26.6207,26.6973,26.7794,26.8675,26.9625,27.0649,27.1757,27.2956,27.4255,27.5664,27.7192,27.885,28.065,28.2603,28.4722,28.702,28.9511,29.2212,29.5139,29.8307,30.1735,30.5441,30.9445,31.3767,31.8428,32.3454,32.8867,33.4695,34.0962,34.7697,35.4933,36.2701,37.1031,37.9959,38.9363,40.149,39.8452,48.1457,20.8641,116.71
26.6228,26.6732,26.7205,26.7785,26.8312,26.8865,26.944,27.0042,27.0676,27.1346,27.2059,27.282,27.3635,27.451,27.5453,27.6472,27.7572,27.8764,28.0056,28.1457,28.2977,28.4626,28.6417,28.8361,29.047,29.2759,29.5241,29.7933,30.085,30.4009,30.7428,31.1126,31.5122,31.9438,32.4095,32.9117,33.4527,34.0356,34.6625,35.3365,36.0609,36.8388,37.6732,38.5678,39.5104,40.7264,40.4209,48.7461,21.3904,117.483
27.2253,27.2762,27.3272,27.3805,27.4334,27.4883,27.5454,27.6051,27.668,27.7345,27.8052,27.8807,27.9616,28.0486,28.1423,28.2434,28.3527,28.4712,28.5995,28.7388,28.8899,29.0539,29.232,29.4255,29.6354,29.8633,30.1105,30.3786,30.6693,30.9842,31.3253,31.6941,32.093,32.5238,32.9889,33.4907,34.0314,34.6142,35.2413,35.9157,36.6408,37.4197,38.2556,39.1519,40.0965,41.316,41.0088,49.3586,21.9286,118.268
27.8446,27.8952,27.946,27.9978,28.0505,28.105,28.1616,28.2208,28.2832,28.3491,28.4193,28.4942,28.5745,28.6608,28.7538,28.8542,28.9627,29.0804,29.2079,29.3462,29.4964,29.6595,29.8366,30.029,30.2379,30.4647,30.7108,30.9779,31.2675,31.5813,31.9213,32.2892,32.6872,33.1173,33.5816,34.0829,34.6233,35.2059,35.8331,36.5078,37.2336,38.0135,38.8507,39.7487,40.6954,41.9182,41.6092,49.9838,22.4792,119.066
28.4793,28.5294,28.5797,28.6308,28.6831,28.7371,28.7932,28.8519,28.9137,28.9791,29.0487,29.1229,29.2026,29.2882,29.3804,29.4801,29.5878,29.7046,29.8312,29.9686,30.1179,30.2799,30.456,30.6473,30.8551,31.0807,31.3257,31.5915,31.88,32.1927,32.5316,32.8985,33.2955,33.7246,34.1882,34.6889,35.2289,35.8113,36.4385,37.1135,37.8398,38.6206,39.4591,40.3588,41.3075,42.5335,42.2228,50.6222,23.0426,119.878
29.13,29.1796,29.2293,29.28,29.3318,29.3852,29.4408,29.4989,29.5602,29.625,29.6939,29.7676,29.8465,29.9314,30.0229,30.1217,30.2286,30.3445,30.4702,30.6066,30.7548,30.9158,31.0907,31.2809,31.4875,31.7119,31.9556,32.2202,32.5074,32.8189,33.1567,33.5224,33.9183,34.3466,34.8093,35.3093,35.8488,36.4308,37.0579,37.7332,38.46,39.2416,40.0813,40.9827,41.9334,43.1627,42.8501,51.2743,23.6195,120.704
29.7974,29.8465,29.8957,29.9458,29.9971,30.05,30.105,30.1626,30.2232,30.2874,30.3557,30.4286,30.5068,30.591,30.6816,30.7796,30.8857,31.0006,31.1253,31.2607,31.4078,31.5677,31.7414,31.9304,32.1357,32.3588,32.6012,32.8646,33.1504,33.4606,33.7971,34.1616,34.5564,34.9836,35.4454,35.9446,36.4835,37.0652,37.6922,38.3675,39.0948,39.8772,40.7181,41.621,42.5736,43.8061,43.4916,51.9407,24.2103,121.545
30.4822,30.5307,30.5794,30.6289,30.6797,30.732,30.7864,30.8434,30.9034,30.967,31.0346,31.1068,31.1843,31.2676,31.3574,31.4545,31.5596,31.6736,31.7973,31.9316,32.0775,32.2362,32.4087,32.5964,32.8004,33.0221,33.2632,33.5251,33.8096,34.1184,34.4535,34.8168,35.2103,35.6364,36.0972,36.5955,37.1337,37.7149,38.3417,39.0171,39.7447,40.5279,41.3699,42.2743,43.2288,44.4645,44.148,52.6221,24.8158,122.401
31.185,31.2329,31.2811,31.33,31.3802,31.4319,31.4858,31.5421,31.6015,31.6643,31.7312,31.8027,31.8794,31.9619,32.0509,32.147,32.2512,32.3641,32.4867,32.6198,32.7646,32.922,33.0932,33.2795,33.4822,33.7025,33.9421,34.2026,34.4855,34.7929,35.1266,35.4885,35.8807,36.3055,36.7652,37.2626,37.8,38.3807,39.0071,39.6825,40.4105,41.1943,42.0373,42.9432,43.8995,45.1384,44.8198,53.3191,25.4364,123.273
31.9065,31.9538,32.0014,32.0497,32.0993,32.1504,32.2036,32.2593,32.318,32.3801,32.4463,32.517,32.5929,32.6745,32.7626,32.8578,32.9609,33.0728,33.1942,33.3262,33.4697,33.6258,33.7956,33.9805,34.1817,34.4005,34.6386,34.8975,35.179,35.4848,35.8169,36.1773,36.5681,36.9917,37.4502,37.9465,38.4831,39.0631,39.6891,40.3645,41.0926,41.877,42.721,43.6283,44.5864,45.8284,45.5077,54.0322,26.0728,124.162
32.6474,32.6941,32.741,32.7887,32.8376,32.8882,32.9407,32.9957,33.0537,33.1151,33.1805,33.2504,33.3254,33.4061,33.4933,33.5875,33.6895,33.8002,33.9205,34.0512,34.1934,34.3482,34.5166,34.7,34.8996,35.1169,35.3534,35.6106,35.8904,36.1946,36.5252,36.884,37.2733,37.6955,38.1527,38.6479,39.1835,39.7628,40.3884,41.0635,41.7918,42.5768,43.4216,44.3303,45.2902,46.5352,46.2124,54.7621,26.7257,125.068
33.4083,33.4544,33.5007,33.5477,33.5959,33.6458,33.6977,33.752,33.8092,33.8699,33.9345,34.0036,34.0777,34.1575,34.2436,34.3368,34.4377,34.5473,34.6663,34.7957,34.9366,35.0899,35.2568,35.4387,35.6367,35.8523,36.0871,36.3427,36.6207,36.9232,37.2521,37.6092,37.997,38.4176,38.8734,39.3674,39.902,40.4804,41.1055,41.7804,42.5088,43.2941,44.1399,45.0498,46.0114,47.2595,46.9344,55.5094,27.3957,125.992
34.1899,34.2354,34.2812,34.3277,34.3748,34.4241,34.4753,34.5289,34.5854,34.6452,34.709,34.7772,34.8504,34.9292,35.0143,35.1064,35.2062,35.3145,35.4323,35.5603,35.6998,35.8516,36.017,36.1972,36.3935,36.6075,36.8404,37.0942,37.3705,37.6712,37.9982,38.3537,38.7398,39.1588,39.6131,40.1058,40.6393,41.2168,41.8412,42.5158,43.2441,44.0299,44.8764,45.7876,46.7508,48.0019,47.6745,56.2749,28.0834,126.934
34.9922,35.0371,35.0824,35.1301,35.1749,35.2238,35.2742,35.3271,35.3828,35.4418,35.5047,35.572,35.6443,35.7221,35.8061,35.8971,35.9957,36.1028,36.2192,36.3458,36.4838,36.6341,36.7978,36.9763,37.171,37.383,37.6142,37.8661,38.1405,38.4393,38.7645,39.1181,39.5024,39.9197,40.3725,40.8637,41.396,41.9725,42.5962,43.2703,43.9986,44.7847,45.6319,46.5443,47.5091,48.7631,48.4333,57.0592,28.7897,127.896
35.8167,35.8589,35.8988,35.9579,35.9969,36.0456,36.0953,36.1473,36.2022,36.2604,36.3225,36.3888,36.4601,36.5368,36.6198,36.7096,36.8069,36.9127,37.0277,37.153,37.2893,37.438,37.6001,37.7769,37.9696,38.1798,38.4091,38.659,38.9315,39.2283,39.5515,39.9031,40.2856,40.7012,41.1523,41.642,42.1729,42.7483,43.3712,44.0448,44.773,45.5593,46.4072,47.3207,48.2869,49.5438,49.2117,57.8631,29.5151,128.878
36.7215,36.7426,36.7019,36.8141,36.8421,36.8902,36.9392,36.9904,37.0445,37.1018,37.1629,37.2283,37.2986,37.3743,37.4561,37.5446,37.6407,37.7451,37.8587,37.9824,38.1172,38.2642,38.4245,38.5995,38.7904,38.9986,39.2259,39.4738,39.7441,40.0389,40.36,40.7097,41.0902,41.5038,41.9532,42.4413,42.9708,43.545,44.167,44.84,45.5679,46.3544,47.2029,48.1174,49.0852,50.3449,50.0102,58.6873,30.2606,129.88
36.7215,38.0981,37.4656,37.6904,37.712,37.7586,37.8067,37.8572,37.9104,37.9668,38.0269,38.0913,38.1605,38.2351,38.3157,38.403,38.4978,38.6008,38.7129,38.8351,38.9682,39.1135,39.272,39.445,39.6339,39.8402,40.0653,40.3111,40.5793,40.8719,41.1909,41.5384,41.9169,42.3286,42.7761,43.2624,43.7905,44.3633,44.9844,45.6567,46.3843,47.1708,48.0198,48.9353,49.9045,51.167,50.8298,59.5325,31.0291,129.88
38.4757,38.4965,38.4928,38.5673,38.6064,38.6514,38.6987,38.7483,38.8006,38.8561,38.9153,38.9786,39.0467,39.1202,39.1996,39.2856,39.379,39.4806,39.5912,39.7117,39.8431,39.9866,40.1432,40.3143,40.5011,40.7053,40.9282,41.1718,41.4378,41.7282,42.0449,42.3903,42.7665,43.1761,43.6217,44.1062,44.6327,45.2042,45.8241,46.4957,47.2228,48.0094,48.8588,49.7752,50.7457,52.011,51.6711,60.3995,31.8187,131.949
39.3577,39.3978,39.4355,39.4832,39.5252,39.5695,39.6159,39.6646,39.716,39.7706,39.8288,39.8911,39.9581,40.0303,40.1085,40.1932,40.2852,40.3852,40.4942,40.6131,40.7427,40.8843,41.039,41.208,41.3928,41.5947,41.8154,42.0567,42.3204,42.6085,42.9229,43.2659,43.6399,44.0474,44.4908,44.9735,45.4982,46.0682,46.687,47.3577,48.0844,48.8708,49.7206,50.6379,51.6097,52.8777,52.535,61.2892,32.6282,133.017
40.3055,40.3456,40.3859,40.4281,40.4701,40.5137,40.5593,40.607,40.6575,40.7111,40.7682,40.8294,40.8953,40.9663,41.0432,41.1265,41.2171,41.3156,41.423,41.5401,41.6679,41.8076,41.9603,42.1272,42.3098,42.5095,42.7278,42.9667,43.228,43.5136,43.8257,44.1663,44.538,44.9431,45.3845,45.8651,46.388,46.9564,47.5739,48.2437,48.9698,49.7561,50.6062,51.5242,52.4972,53.7679,53.4224,62.2023,33.461,134.109
41.2812,41.3206,41.3602,41.4007,41.442,41.4849,41.5295,41.5764,41.6259,41.6784,41.7345,41.7946,41.8593,41.9291,42.0046,42.0866,42.1756,42.2726,42.3783,42.4936,42.6196,42.7573,42.9079,43.0726,43.2529,43.4502,43.6662,43.9027,44.1615,44.4446,44.7542,45.0923,45.4615,45.8643,46.3034,46.7819,47.3029,47.8696,48.4857,49.1544,49.8799,50.6659,51.5162,52.435,53.4091,54.6824,54.334,63.1398,34.3179,135.225
42.2846,42.3231,42.3618,42.4013,42.4419,42.4838,42.5276,42.5735,42.622,42.6736,42.7286,42.7875,42.851,42.9195,42.9937,43.0742,43.1617,43.257,43.361,43.4745,43.5985,43.7342,43.8827,44.0452,44.2231,44.418,44.6315,44.8655,45.1217,45.4022,45.7092,46.0447,46.4114,46.8118,47.2484,47.7248,48.2437,48.8087,49.4233,50.0909,50.8156,51.6013,52.4518,53.3711,54.3464,55.6222,55.2708,64.1024,35.1997,136.367
43.3166,43.3543,43.3922,43.4308,43.4705,43.5115,43.5543,43.5993,43.6468,43.6973,43.7512,43.809,43.8712,43.9384,44.0112,44.0902,44.1762,44.2699,44.372,44.4837,44.6057,44.7393,44.8856,45.0457,45.2213,45.4137,45.6247,45.856,46.1095,46.3874,46.6917,47.0246,47.3887,47.7864,48.2207,48.6947,49.2115,49.7746,50.3877,51.054,51.7779,52.5632,53.4137,54.3336,55.3098,56.5881,56.2337,65.0912,36.1075,137.534
44.3784,44.4152,44.4522,44.4899,44.5287,44.5688,44.6107,44.6547,44.7012,44.7506,44.8034,44.86,44.9209,44.9868,45.0582,45.1357,45.22,45.312,45.4123,45.5221,45.6421,45.7735,45.9175,46.0753,46.2484,46.4383,46.6465,46.8751,47.126,47.4011,47.7026,48.0328,48.3942,48.7893,49.2209,49.6925,50.2072,50.7683,51.3797,52.0447,52.7676,53.5524,54.4029,55.3233,56.3005,57.5812,57.2237,66.107,37.0422,138.728
45.4708,45.5067,45.5428,45.5797,45.6175,45.6567,45.6976,45.7406,45.7861,45.8344,45.886,45.9414,46.0011,46.0655,46.1355,46.2114,46.2941,46.3843,46.4828,46.5906,46.7085,46.8377,46.9794,47.1348,47.3053,47.4926,47.6981,47.924,48.172,48.4443,48.743,49.0704,49.4289,49.8212,50.2503,50.7194,51.2317,51.7907,52.4004,53.064,53.7858,54.5701,55.4205,56.3413,57.3193,58.6024,58.2416,67.1508,38.0047,139.95
46.5948,46.6298,46.665,46.7009,46.7378,46.7761,46.816,46.858,46.9024,46.9496,47,47.0542,47.1125,47.1756,47.244,47.3184,47.3995,47.4879,47.5845,47.6902,47.8061,47.933,48.0723,48.2252,48.3931,48.5776,48.7804,49.0034,49.2485,49.5179,49.8137,50.1382,50.4938,50.8834,51.3097,51.7761,52.286,52.8429,53.4507,54.1128,54.8335,55.6171,56.4673,57.3884,58.3672,59.6526,59.2886,68.2236,38.9962,141.2
47.7513,47.7854,47.8196,47.8546,47.8906,47.9279,47.9669,48.0078,48.0511,48.0972,48.1464,48.1993,48.2563,48.318,48.3849,48.4577,48.537,48.6236,48.7183,48.822,48.9356,49.0603,49.1971,49.3475,49.5127,49.6945,49.8944,50.1145,50.3566,50.6231,50.9159,51.2374,51.59,51.9766,52.4001,52.8638,53.3712,53.9258,54.5317,55.1922,55.9117,56.6946,57.5445,58.4659,59.4454,60.733,60.3656,69.3264,40.0177,142.48
48.9414,48.9745,49.0078,49.0419,49.0769,49.1132,49.1511,49.191,49.2332,49.2781,49.3262,49.3778,49.4335,49.4937,49.5591,49.6302,49.7078,49.7926,49.8853,49.9869,50.0983,50.2206,50.3549,50.5027,50.6652,50.8441,51.0411,51.2582,51.4973,51.7607,52.0505,52.3689,52.7186,53.1021,53.5227,53.9836,54.4884,55.0407,55.6444,56.3033,57.0215,57.8036,58.6531,59.5747,60.5548,61.8446,61.4737,70.4602,41.0702,143.79
50.1659,50.198,50.2304,50.2635,50.2976,50.3329,50.3698,50.4086,50.4498,50.4935,50.5403,50.5906,50.6449,50.7037,50.7676,50.837,50.9129,50.9957,51.0865,51.1859,51.295,51.4149,51.5468,51.6918,51.8515,52.0275,52.2216,52.4356,52.6717,52.932,53.2187,53.534,53.8805,54.2609,54.6785,55.1366,55.6386,56.1884,56.7901,57.4471,58.164,58.9451,59.7942,60.7159,61.6965,62.9884,62.614,71.6261,42.155,145.131
51.426,51.4572,51.4886,51.5208,51.5536,51.5881,51.624,51.6617,51.7017,51.7443,51.7899,51.8389,51.8918,51.9491,52.0114,52.0792,52.1532,52.2342,52.3228,52.4201,52.527,52.6444,52.7737,52.916,53.0729,53.2459,53.4369,53.6478,53.8808,54.1379,54.4214,54.7335,55.0769,55.4542,55.8686,56.3237,56.823,57.3703,57.9697,58.6249,59.3403,60.1204,60.969,61.8906,62.8718,64.1656,63.7876,72.8252,43.2732,146.505
52.7222,52.7526,52.7834,52.8155,52.8459,52.8798,52.9146,52.9513,52.9902,53.0316,53.0759,53.1236,53.1751,53.2309,53.2915,53.3577,53.4299,53.5089,53.5955,53.6906,53.7951,53.9101,54.0367,54.1763,54.3302,54.5003,54.6881,54.8959,55.1257,55.3796,55.6599,55.9688,56.3089,56.683,57.0943,57.5463,58.0427,58.5873,59.1845,59.8377,60.5515,61.3306,62.1786,63.1001,64.0816,65.3774,64.9958,74.0587,44.4259,147.911
54.0539,54.0822,54.1094,54.1527,54.1753,54.209,54.2428,54.2784,54.3162,54.3564,54.3994,54.4458,54.4959,54.5502,54.6092,54.6736,54.744,54.8211,54.9056,54.9985,55.1006,55.2131,55.337,55.4738,55.6248,55.7917,55.9764,56.181,56.4076,56.6583,56.9353,57.2409,57.5777,57.9485,58.3565,58.8055,59.2989,59.8409,60.4356,61.0868,61.799,62.5768,63.4242,64.3456,65.3274,66.625,66.2396,75.3278,45.6146,149.352
55.4881,55.4899,55.4156,55.5424,55.5432,55.5768,55.6097,55.6442,55.6808,55.7198,55.7616,55.8066,55.8553,55.908,55.9655,56.0282,56.0967,56.1718,56.2542,56.3449,56.4446,56.5545,56.6758,56.8097,56.9577,57.1215,57.303,57.5043,57.7276,57.9751,58.2488,58.5511,58.8845,59.2519,59.6567,60.1024,60.5929,61.132,61.7242,62.3733,63.0838,63.8604,64.707,65.6282,66.6101,67.9095,67.5204,76.6336,46.8404,150.828
55.4881,57.801,56.5776,56.9749,56.953,56.9844,57.0163,57.0497,57.0851,57.1229,57.1635,57.2072,57.2544,57.3056,57.3615,57.4224,57.4891,57.5622,57.6425,57.7309,57.8282,57.9355,58.0541,58.1851,58.3301,58.4907,58.6689,58.8669,59.0869,59.3311,59.6016,59.9005,60.2305,60.5945,60.9959,61.4384,61.9258,62.4621,63.0517,63.6987,64.4074,65.1826,66.0283,66.9492,67.9313,69.2324,68.8394,77.9774,48.1091,150.828
58.3363,58.3386,58.3152,58.3826,58.4046,58.4331,58.4638,58.4961,58.5304,58.567,58.6063,58.6486,58.6944,58.7441,58.7983,58.8575,58.9223,58.9934,59.0716,59.1577,59.2526,59.3573,59.4731,59.6012,59.7431,59.9005,60.0754,60.2701,60.4868,60.7277,60.9949,61.2904,61.617,61.9775,62.3756,62.8148,63.299,63.8323,64.4194,65.064,65.7709,66.5447,67.3895,68.31,69.2921,70.5948,70.1979,79.3604,49.4165,153.89
59.79,59.8149,59.8383,59.8694,59.8957,59.9237,59.9533,59.9845,60.0177,60.0531,60.0911,60.132,60.1764,60.2246,60.2772,60.3346,60.3976,60.4667,60.5428,60.6265,60.719,60.8211,60.9341,61.0592,61.198,61.3522,61.5238,61.7151,61.9285,62.1661,62.43,62.7222,63.0453,63.4023,63.7969,64.2327,64.7137,65.2441,65.8285,66.4708,67.1757,67.9481,68.7919,69.7119,70.694,71.9981,71.5972,80.7841,50.7608,155.478
61.329,61.3535,61.3783,61.4042,61.4302,61.4574,61.4859,61.5161,61.5481,61.5823,61.6191,61.6587,61.7017,61.7484,61.7993,61.855,61.9161,61.9832,62.0571,62.1386,62.2286,62.3281,62.4383,62.5605,62.6961,62.847,63.0152,63.2031,63.4131,63.6476,63.9082,64.197,64.5166,64.8701,65.2612,65.6937,66.1714,66.6988,67.2804,67.9204,68.6233,69.3941,70.2368,71.1563,72.1383,73.4438,73.0389,82.2497,52.1478,157.106
62.9122,62.9358,62.9596,62.9841,63.0093,63.0355,63.063,63.0921,63.123,63.156,63.1915,63.2298,63.2714,63.3165,63.3659,63.4198,63.4791,63.5442,63.616,63.6952,63.7827,63.8796,63.9869,64.1061,64.2386,64.3862,64.551,64.7354,64.9422,65.1734,65.4308,65.7163,66.0324,66.3824,66.77,67.1991,67.6735,68.1978,68.7766,69.4141,70.115,70.8842,71.7258,72.6446,73.6263,74.9332,74.5242,83.7587,53.579,158.775
64.5406,64.5633,64.5862,64.6097,64.6339,64.6592,64.6857,64.7137,64.7435,64.7754,64.8096,64.8466,64.8867,64.9304,64.9781,65.0304,65.0878,65.1509,65.2206,65.2975,65.3826,65.4768,65.5814,65.6976,65.8269,65.971,66.1324,66.3134,66.5168,66.745,66.9993,67.2814,67.594,67.9405,68.3246,68.7502,69.2213,69.7425,70.3185,70.9535,71.6523,72.4198,73.2602,74.1784,75.1598,76.4678,76.0547,85.3125,55.0561,160.485
66.2158,66.2375,66.2595,66.2821,66.3054,66.3297,66.3552,66.3822,66.4109,66.4416,66.4746,66.5103,66.5491,66.5913,66.6374,66.6879,66.7435,66.8047,66.8722,66.9469,67.0295,67.1211,67.2229,67.3361,67.4621,67.603,67.7608,67.9383,68.1385,68.3637,68.6149,68.8937,69.203,69.5459,69.9265,70.3486,70.8164,71.3345,71.9076,72.5401,73.2367,74.0025,74.8416,75.759,76.74,78.0492,77.6319,86.9125,56.5805,162.239
67.939,67.9599,67.9809,68.0026,68.025,68.0484,68.0729,68.0988,68.1264,68.156,68.1878,68.2223,68.2596,68.3004,68.3449,68.3938,68.4476,68.5068,68.5722,68.6446,68.7249,68.8139,68.9128,69.023,69.1459,69.2833,69.4376,69.6116,69.8086,70.0309,70.2791,70.5548,70.8606,71.2001,71.5771,71.9957,72.4603,72.9752,73.5454,74.1753,74.8698,75.6338,76.4716,77.3881,78.3687,79.6789,79.2574,88.5604,58.1541,164.036
69.7115,69.7315,69.7516,69.7725,69.794,69.8164,69.8399,69.8649,69.8914,69.9199,69.9505,69.9837,70.0197,70.0591,70.1021,70.1493,70.2013,70.2586,70.322,70.3922,70.47,70.5565,70.6526,70.7598,70.8794,71.0134,71.1641,71.3346,71.5284,71.7481,71.9935,72.266,72.5685,72.9045,73.278,73.6932,74.1544,74.6662,75.2335,75.8609,76.5531,77.3153,78.1517,79.0673,80.0474,81.3584,80.9327,90.2577,59.7784,165.88
71.5345,71.5537,71.573,71.593,71.6136,71.6351,71.6577,71.6817,71.7072,71.7346,71.7641,71.7961,71.8308,71.8687,71.9102,71.9558,72.0061,72.0616,72.1229,72.1909,72.2664,72.3503,72.4437,72.5478,72.6642,72.7947,72.9418,73.1088,73.2995,73.5166,73.7594,74.029,74.3282,74.6608,75.0308,75.4426,75.9005,76.4092,76.9736,77.5983,78.2883,79.0486,79.8836,80.7982,81.7777,83.0896,82.6596,92.0059,61.4552,167.771
73.4095,73.4278,73.4464,73.4655,73.4853,73.5059,73.5276,73.5506,73.5752,73.6015,73.6299,73.6606,73.6941,73.7307,73.7707,73.8148,73.8633,73.917,73.9763,74.0422,74.1153,74.1967,74.2874,74.3886,74.5018,74.6288,74.7722,74.9356,75.1232,75.3382,75.5785,75.8452,76.1413,76.4705,76.8371,77.2455,77.7001,78.2057,78.7672,79.3894,80.0771,80.8355,81.669,82.5826,83.5614,84.8739,84.4398,93.8067,63.1864,169.71
75.3378,75.3553,75.3731,75.3914,75.4103,75.4301,75.451,75.4731,75.4967,75.522,75.5493,75.5789,75.6111,75.6464,75.685,75.7275,75.7745,75.8263,75.8838,75.9475,76.0184,76.0974,76.1854,76.2837,76.3936,76.5171,76.6568,76.8164,77.001,77.2141,77.4524,77.7164,78.0094,78.3352,78.6985,79.1035,79.5549,80.0575,80.6162,81.2358,81.9212,82.6777,83.5096,84.4222,85.4002,86.7133,86.275,95.662,64.9739,171.699
77.3207,77.3375,77.3545,77.3721,77.3902,77.4092,77.4292,77.4505,77.4731,77.4974,77.5237,77.5522,77.5833,77.6173,77.6546,77.6956,77.741,77.7911,77.8467,77.9085,77.9772,78.0537,78.1391,78.2345,78.3413,78.4613,78.5971,78.7528,78.9344,79.1462,79.3826,79.6441,79.9341,80.2568,80.6167,81.0185,81.4667,81.9663,82.5222,83.1392,83.8224,84.577,85.4074,86.3188,87.296,88.6096,88.1671,97.5733,66.8195,173.739
79.3598,79.3759,79.3921,79.4089,79.4264,79.4446,79.4638,79.4842,79.506,79.5294,79.5547,79.5821,79.6121,79.6449,79.6809,79.7205,79.7644,79.8129,79.8667,79.9265,79.9931,80.0673,80.1502,80.2428,80.3464,80.4628,80.5947,80.7463,80.9248,81.136,81.3709,81.63,81.9172,82.2368,82.5935,82.9922,83.4373,83.9339,84.4871,85.1016,85.7825,86.5351,87.364,88.2742,89.2506,90.5645,90.1178,99.5425,68.7254,175.831
81.4564,81.4718,81.4874,81.5035,81.5202,81.5377,81.5561,81.5757,81.5967,81.6192,81.6436,81.6701,81.699,81.7306,81.7654,81.8038,81.8462,81.8931,81.9452,82.0032,82.0678,82.1398,82.2202,82.3101,82.4107,82.5235,82.6513,82.7985,82.9738,83.1851,83.4189,83.6759,83.9604,84.277,84.6308,85.0263,85.4685,85.9622,86.5127,87.1247,87.8035,88.5542,89.3814,90.2904,91.2659,92.5799,92.1292,101.572,70.6935,177.978
83.612,83.6267,83.6417,83.6571,83.6732,83.69,83.7077,83.7266,83.7468,83.7685,83.792,83.8176,83.8455,83.8761,83.9098,83.9469,83.988,84.0335,84.084,84.1402,84.2029,84.2728,84.3509,84.4381,84.5357,84.645,84.7685,84.911,85.0827,85.2953,85.5285,85.7836,86.0656,86.3794,86.7302,87.1228,87.562,88.0531,88.6009,89.2105,89.8872,90.6359,91.4616,92.3694,93.3438,94.6579,94.2032,103.662,72.7261,180.18
85.8282,85.8423,85.8566,85.8715,85.8869,85.9031,85.9201,85.9383,85.9578,85.9787,86.0014,86.0262,86.0532,86.0829,86.1156,86.1516,86.1914,86.2356,86.2846,86.3392,86.4001,86.468,86.5439,86.6287,86.7233,86.8291,86.9483,87.0855,87.253,87.4683,87.7015,87.955,88.2346,88.5457,88.8937,89.2835,89.72,90.2084,90.7538,91.3611,92.0356,92.7825,93.6065,94.5131,95.4864,96.8005,96.3418,105.816,74.8252,182.44
88.1063,88.1199,88.1337,88.148,88.1628,88.1784,88.1949,88.2124,88.2312,88.2514,88.2734,88.2974,88.3237,88.3526,88.3844,88.4194,88.4582,88.5011,88.5487,88.6018,88.661,88.7272,88.801,88.8835,88.9754,89.0778,89.1924,89.3237,89.4859,89.706,89.9398,90.1919,90.4693,90.778,91.1233,91.5105,91.9444,92.4302,92.9732,93.5783,94.2508,94.9959,95.8183,96.7236,97.6958,99.0098,98.5472,108.036,76.9931,184.758
90.4482,90.4613,90.4745,90.4883,90.5026,90.5176,90.5335,90.5504,90.5686,90.5882,90.6095,90.6328,90.6584,90.6866,90.7178,90.7521,90.7899,90.8317,90.8782,90.9299,90.9876,91.0521,91.1241,91.2044,91.2938,91.3929,91.503,91.6274,91.7824,92.0104,92.2453,92.4963,92.7717,93.078,93.421,93.8057,94.2372,94.7206,95.2614,95.8643,96.535,97.2782,98.0991,99.0031,99.9742,101.288,100.822,110.324,79.2323,187.137
92.8553,92.8679,92.8807,92.894,92.9078,92.9224,92.9377,92.9541,92.9717,92.9907,93.0113,93.0339,93.0589,93.0865,93.1173,93.1513,93.1884,93.2293,93.2747,93.3252,93.3816,93.4446,93.5149,93.5933,93.6804,93.7766,93.8821,93.9989,94.1434,94.3835,94.6202,94.8702,95.1439,95.4481,95.7888,96.1712,96.6004,97.0817,97.6204,98.2213,98.8902,99.6317,100.451,101.354,102.324,103.637,103.167,112.681,81.5451,189.578
95.3294,95.3416,95.354,95.3669,95.3803,95.3944,95.4093,95.4253,95.4423,95.4607,95.4806,95.5024,95.5266,95.5536,95.5842,95.6187,95.6554,95.6956,95.7401,95.7895,95.8448,95.9065,95.9754,96.0522,96.1373,96.2309,96.3322,96.4404,96.5692,96.8276,97.0665,97.3158,97.5878,97.8901,98.2288,98.6092,99.0364,99.5157,100.052,100.652,101.319,102.059,102.876,103.778,104.746,106.059,105.586,115.111,83.934,192.083
97.8723,97.8841,97.8961,97.9086,97.9216,97.9353,97.9499,97.9656,97.9826,98.0002,98.0194,98.0403,98.0633,98.0891,98.1192,98.1561,98.1929,98.2325,98.2762,98.3249,98.3792,98.4399,98.5076,98.583,98.6666,98.758,98.8557,98.9551,99.0592,99.3454,99.5866,99.8351,100.106,100.406,100.743,101.122,101.547,102.025,102.56,103.157,103.823,104.561,105.378,106.278,107.245,108.557,108.081,117.614,86.4015,194.654
100.486,100.498,100.509,100.521,100.534,100.547,100.56,100.575,100.595,100.612,100.63,100.65,100.672,100.695,100.721,100.766,100.803,100.842,100.885,100.933,100.987,101.047,101.113,101.188,101.27,101.36,101.455,101.547,101.612,101.94,102.183,102.43,102.7,102.999,103.334,103.711,104.135,104.611,105.145,105.741,106.405,107.142,107.957,108.856,109.822,111.133,110.654,120.195,88.9504,197.292
103.186,103.198,103.209,103.221,103.233,103.246,103.259,103.259,103.294,103.311,103.329,103.349,103.37,103.392,103.392,103.464,103.501,103.541,103.584,103.631,103.685,103.744,103.811,103.885,103.967,104.056,104.15,104.24,104.24,104.633,104.877,105.124,105.393,105.692,106.027,106.403,106.827,107.302,107.835,108.431,109.094,109.831,110.645,111.544,112.509,113.82,113.34,122.883,91.6287,200
