SPACE_POINTS_X
0,0.397311,0.78019,1.14921,1.50493,1.84788,2.17858,2.49753,2.80519,3.10205,3.38854,3.66509,3.93212,4.19003,4.4392,4.68002,4.91285,5.13803,5.3559,5.56679,5.77102,5.96889,6.1607,6.34675,6.5273,6.70263,6.87301,7.03869,7.19991,7.35693,7.50998,7.65928,7.80507,7.94755,8.08696,8.22348,8.35734,8.48873,8.61785,8.74488,8.87004,8.99349,9.11543,9.23605,9.35551,9.47401,9.59171,9.7088,9.82546,9.94185,10.0582,10.1745,10.2912,10.4083,10.526,10.6445,10.764,10.8846,11.0065,11.13,11.2551,11.3822,11.5113,11.6427,11.7765,11.913,12.0524,12.1949,12.3407,12.49,12.6431,12.8001,12.9613,13.127,13.2974,13.4727,13.6533,13.8393,14.0311,14.229,14.4332,14.6441,14.862,15.0872,15.32,15.5608,15.81,16.0679,16.3349,16.6115,16.898,17.1948,17.5025,17.8214,18.1521,18.4951,18.8508,19.2198,19.6027,20
SPACE_POINTS_Y
0,0.0179882,0.0359822,0.0539878,0.072011,0.0900574,0.108133,0.126243,0.144395,0.162593,0.180844,0.199153,0.217527,0.235971,0.254491,0.273094,0.291785,0.31057,0.329456,0.348449,0.367554,0.386778,0.406128,0.425609,0.445227,0.46499,0.484903,0.504972,0.525206,0.545609,0.566189,0.586951,0.607904,0.629054,0.650407,0.67197,0.693751,0.715756,0.737993,0.760469,0.783191,0.806166,0.829402,0.852906,0.876687,0.900751,0.925106,0.949761,0.974723,1
VALUES
0,0,0,0,0,0,0,0,0,0,0,0,0,0,0,0,0,0,0,0,0,0,0,0,0,0,0,0,0,0,0,0,0,0,0,0,0,0,0,0,0,0,0,0,0,0,0,0,0,0
1.9227e-10,3.71599e-10,6.37345e-10,1.05738e-09,1.68666e-09,2.60599e-09,3.91729e-09,5.74921e-09,8.26202e-09,1.16532e-08,1.61637e-08,2.2085e-08,2.97672e-08,3.96275e-08,5.21611e-08,6.7952e-08,8.76869e-08,1.12171e-07,1.42346e-07,1.79318e-07,2.24384e-07,2.79081e-07,3.45248e-07,4.25128e-07,5.2153e-07,6.38109e-07,7.79846e-07,9.53926e-07,1.17135e-06,1.44999e-06,1.82042e-06,2.33734e-06,3.10226e-06,4.3093e-06,6.33904e-06,9.95407e-06,1.67129e-05,2.98605e-05,5.62744e-05,0.00011079,0.000225977,0.000474603,0.00102216,0.00225187,0.00506748,0.0116402,0.0272858,0.0652726,0.159375,0.397311
8.95313e-09,1.66581e-08,2.78467e-08,4.50591e-08,7.02087e-08,1.06065e-07,1.56009e-07,2.24175e-07,3.15556e-07,4.36116e-07,5.92913e-07,7.9422e-07,1.04967e-06,1.37039e-06,1.76916e-06,2.26056e-06,2.86118e-06,3.58975e-06,4.46737e-06,5.51771e-06,6.76725e-06,8.24555e-06,9.98554e-06,1.20239e-05,1.44018e-05,1.71651e-05,2.03661e-05,2.40653e-05,2.83346e-05,3.32637e-05,3.89714e-05,4.56289e-05,5.35036e-05,6.30496e-05,7.50913e-05,9.12068e-05,0.000114539,0.00015154,0.000215788,0.000336467,0.000577536,0.0010818,0.00217395,0.00460586,0.0101508,0.0230696,0.0537952,0.128371,0.313099,0.78019
1.52437e-07,2.70288e-07,4.36586e-07,6.83053e-07,1.03091e-06,1.51057e-06,2.15743e-06,3.013e-06,4.12542e-06,5.54991e-06,7.34923e-06,9.59422e-06,1.23642e-05,1.57474e-05,1.98416e-05,2.47542e-05,3.0603e-05,3.75164e-05,4.56342e-05,5.51075e-05,6.60995e-05,7.8786e-05,9.33558e-05,0.000110012,0.00012897,0.000150464,0.000174744,0.00020208,0.000232767,0.000267135,0.000305563,0.000348517,0.000396609,0.000450733,0.000512331,0.000583955,0.000670454,0.000781531,0.000937337,0.00118091,0.00160632,0.00242336,0.00410897,0.00776775,0.0160056,0.035086,0.080351,0.19011,0.461916,1.14921
1.38488e-06,2.33463e-06,3.6327e-06,5.47949e-06,7.98977e-06,1.13288e-05,1.56789e-05,2.12443e-05,2.82517e-05,3.69502e-05,4.76115e-05,6.05299e-05,7.60222e-05,9.44277e-05,0.000116108,0.000141447,0.00017085,0.000204746,0.000243582,0.00028783,0.000337981,0.000394549,0.000458069,0.000529095,0.000608207,0.000696005,0.000793114,0.000900187,0.00101791,0.00114701,0.00128828,0.00144264,0.00161116,0.00179531,0.00199725,0.00222057,0.00247185,0.00276394,0.00312328,0.00360602,0.00433469,0.00558247,0.0079705,0.0129381,0.0238828,0.0489759,0.108243,0.251715,0.606853,1.50493
8.08715e-06,1.29853e-05,1.94676e-05,2.83234e-05,3.99254e-05,5.48272e-05,7.36055e-05,9.68785e-05,0.000125303,0.000159572,0.000200411,0.000248577,0.000304853,0.000370051,0.000445004,0.00053057,0.000627624,0.000737063,0.000859798,0.000996762,0.0011489,0.00131717,0.00150254,0.00170602,0.00192859,0.00217129,0.00243515,0.00272122,0.00303059,0.0033644,0.00372382,0.00411019,0.00452502,0.00497027,0.00544874,0.00596495,0.006527,0.00715064,0.00786805,0.00874754,0.00993815,0.0117723,0.0150067,0.0213957,0.0350847,0.0660509,0.138765,0.314403,0.748921,1.84788
3.41062e-05,5.23587e-05,7.5781e-05,0.000106583,0.000145583,0.000194089,0.000253382,0.000324783,0.000409635,0.000509301,0.000625157,0.000758586,0.000910973,0.0010837,0.00127816,0.00149571,0.00173774,0.00200559,0.00230062,0.00262416,0.00297756,0.00336214,0.0037792,0.00423007,0.00471604,0.00523841,0.0057985,0.0063976,0.00703703,0.00771816,0.0084424,0.00921129,0.0100266,0.0108906,0.0118065,0.0127795,0.0138189,0.014943,0.0161892,0.0176367,0.0194591,0.0220439,0.0262741,0.0341993,0.0506672,0.0873564,0.172935,0.379133,0.888945,2.17858
0.000112465,0.000165813,0.00023234,0.000316845,0.000420605,0.000545995,0.000695189,0.000870335,0.00107354,0.00130685,0.00157228,0.00187176,0.00220717,0.00258032,0.00299299,0.00344687,0.00394361,0.0044848,0.005072,0.00570671,0.00639038,0.00712445,0.0079103,0.00874931,0.0096428,0.0105921,0.0115985,0.0126634,0.0137879,0.0149735,0.0162216,0.0175336,0.0189114,0.0203573,0.0218747,0.0234692,0.0251512,0.0269408,0.0288801,0.0310584,0.0336717,0.0371584,0.0425189,0.0520782,0.0713411,0.113583,0.211422,0.446544,1.02752,2.49753
0.000306729,0.000436253,0.000593606,0.000787368,0.0010189,0.00129168,0.00160863,0.00197255,0.00238605,0.00285157,0.0033714,0.00394768,0.0045824,0.00527744,0.00603453,0.00685531,0.0077413,0.00869396,0.00971464,0.0108046,0.0119652,0.0131975,0.0145026,0.0158818,0.017336,0.0188663,0.0204737,0.0221592,0.023924,0.0257691,0.0276957,0.029705,0.0317986,0.0339789,0.036249,0.038615,0.0410877,0.0436894,0.0464658,0.0495156,0.0530553,0.0575702,0.0641696,0.0754346,0.0974834,0.145085,0.254565,0.516978,1.16501,2.80519
0.00072063,0.000992803,0.00131572,0.00170254,0.00215383,0.00267379,0.00326557,0.00393202,0.00467567,0.00549875,0.00640327,0.00739096,0.00846337,0.00962187,0.0108677,0.0122018,0.0136253,0.0151389,0.0167435,0.0184397,0.0202282,0.0221097,0.0240846,0.0261536,0.0283172,0.030576,0.0329304,0.0353812,0.0379289,0.0405742,0.0433178,0.0461607,0.0491042,0.0521503,0.0553021,0.0585657,0.0619527,0.0654866,0.069217,0.0732506,0.0778231,0.083463,0.0913803,0.104394,0.129194,0.181945,0.302444,0.590543,1.30165,3.10205
0.00150287,0.00201293,0.00260531,0.00329785,0.00408899,0.00498286,0.00598195,0.00708829,0.00830352,0.00962891,0.0110654,0.0126137,0.0142743,0.0160474,0.0179333,0.0199319,0.0220433,0.0242673,0.0266037,0.0290524,0.0316132,0.0342858,0.0370702,0.0399662,0.0429737,0.0460925,0.0493226,0.0526641,0.056117,0.0596816,0.0633582,0.0671473,0.0710499,0.0750676,0.0792036,0.0834638,0.0878605,0.0924183,0.0971904,0.102291,0.107973,0.114805,0.124091,0.13887,0.166363,0.224038,0.35494,0.667172,1.43749,3.38854
0.00284561,0.00371733,0.00471052,0.00584693,0.00712138,0.00853681,0.010094,0.0117931,0.0136342,0.0156165,0.0177395,0.0200021,0.0224031,0.0249413,0.0276155,0.0304243,0.0333664,0.0364403,0.039645,0.0429791,0.0464414,0.0500309,0.0537466,0.0575875,0.0615528,0.0656417,0.0698537,0.0741881,0.0786447,0.0832231,0.0879232,0.0927452,0.0976898,0.102758,0.107954,0.113283,0.118757,0.124403,0.130277,0.1365,0.143341,0.151407,0.162085,0.178622,0.208732,0.271098,0.411801,0.746675,1.57254,3.66509
0.00497692,0.00635884,0.00790643,0.00964392,0.011561,0.0136584,0.0159338,0.0183851,0.0210095,0.023804,0.0267656,0.0298912,0.0331778,0.0366222,0.0402216,0.0439729,0.0478735,0.0519208,0.0561123,0.0604457,0.0649188,0.0695297,0.0742766,0.0791578,0.0841718,0.0893173,0.0945932,0.0999984,0.105532,0.111194,0.116983,0.122899,0.128944,0.135117,0.141423,0.147867,0.154462,0.161236,0.168247,0.175624,0.183651,0.192967,0.205041,0.223309,0.255946,0.322765,0.472687,0.828788,1.70673,3.93212
0.00814879,0.0102076,0.0124779,0.0149845,0.0177108,0.0206541,0.0238086,0.0271687,0.0307285,0.0344824,0.0384246,0.0425499,0.046853,0.051329,0.0559731,0.0607811,0.0657487,0.0708721,0.0761479,0.0815726,0.0871434,0.0928575,0.0987124,0.104706,0.110836,0.117101,0.123499,0.130029,0.13669,0.143481,0.150402,0.157451,0.164631,0.17194,0.179384,0.186968,0.194705,0.202626,0.21079,0.219332,0.22855,0.239115,0.252571,0.27253,0.307592,0.378629,0.537211,0.913201,1.83994,4.19003
0.012623,0.0155355,0.0187029,0.0221487,0.0258493,0.0297978,0.0339845,0.0383999,0.0430349,0.0478809,0.0529298,0.0581738,0.0636057,0.0692188,0.0750068,0.0809641,0.0870853,0.0933657,0.0998007,0.106386,0.113119,0.119995,0.127013,0.134168,0.141459,0.148885,0.156442,0.16413,0.171947,0.179893,0.187967,0.196168,0.204497,0.212956,0.221547,0.230277,0.239161,0.248228,0.257543,0.267246,0.277646,0.289445,0.304255,0.32585,0.363232,0.438254,0.604966,0.999588,1.97207,4.4392
0.0186567,0.0226012,0.0268376,0.0313865,0.0362173,0.0413187,0.0466765,0.0522778,0.0581103,0.0641626,0.0704241,0.0768852,0.0835369,0.0903711,0.0973802,0.104558,0.111897,0.119393,0.12704,0.134835,0.142772,0.150849,0.159062,0.167408,0.175886,0.184493,0.193227,0.202086,0.211071,0.220179,0.229411,0.238765,0.248244,0.257848,0.26758,0.277449,0.287469,0.297671,0.308121,0.318966,0.330527,0.343532,0.359657,0.382831,0.422422,0.501203,0.675542,1.08762,2.10298,4.68002
0.02649,0.031638,0.0371054,0.0429085,0.0490103,0.0553949,0.0620444,0.0689423,0.0760738,0.0834251,0.0909838,0.0987385,0.106679,0.114796,0.123082,0.131529,0.14013,0.148879,0.157771,0.166802,0.175968,0.185264,0.194688,0.204237,0.213909,0.223701,0.233613,0.243643,0.25379,0.264054,0.274434,0.284931,0.295545,0.306278,0.317134,0.328122,0.339255,0.350568,0.362129,0.374088,0.386779,0.400955,0.418352,0.443037,0.484727,0.56705,0.748542,1.17697,2.23255,4.91285
0.0363357,0.0428454,0.0496897,0.05688,0.0643738,0.0721514,0.0801916,0.0884753,0.0969853,0.105706,0.114625,0.123728,0.133005,0.142446,0.152044,0.161789,0.171675,0.181697,0.191849,0.202127,0.212527,0.223045,0.23368,0.244427,0.255287,0.266256,0.277334,0.28852,0.299813,0.311214,0.322722,0.334338,0.346063,0.3579,0.369853,0.38193,0.394148,0.40654,0.419179,0.432218,0.446002,0.461307,0.479925,0.506055,0.549735,0.635391,0.823591,1.26735,2.36066,5.13803
0.0483721,0.056383,0.0647298,0.0734189,0.0824038,0.0916618,0.101169,0.110905,0.120851,0.130991,0.14131,0.151796,0.162438,0.173225,0.184151,0.195206,0.206385,0.217682,0.229093,0.240613,0.252239,0.263969,0.2758,0.287731,0.299759,0.311884,0.324106,0.336423,0.348837,0.361346,0.373953,0.386658,0.399463,0.412371,0.425386,0.438518,0.451784,0.465219,0.478897,0.492976,0.507812,0.524202,0.543988,0.571494,0.617056,0.705849,0.900339,1.35846,2.48721,5.3559
0.0627394,0.0723687,0.0823208,0.0925975,0.103149,0.113952,0.124981,0.136214,0.147632,0.15922,0.170962,0.182846,0.194862,0.207001,0.219254,0.231616,0.24408,0.256641,0.269296,0.282042,0.294875,0.307795,0.320799,0.333886,0.347055,0.360307,0.373641,0.387058,0.400559,0.414143,0.427814,0.441571,0.455418,0.469358,0.483398,0.497545,0.511819,0.526256,0.540931,0.556009,0.571851,0.589279,0.61018,0.638992,0.686334,0.778078,0.978467,1.45006,2.61211,5.56679
0.0795374,0.0908786,0.102515,0.114445,0.126616,0.139006,0.151589,0.164344,0.177252,0.190297,0.203467,0.216749,0.230134,0.243614,0.257182,0.270833,0.284562,0.298366,0.31224,0.326184,0.340196,0.354275,0.368419,0.382629,0.396906,0.411248,0.425659,0.440137,0.454686,0.469306,0.484,0.498769,0.513618,0.528549,0.54357,0.55869,0.57393,0.589325,0.604955,0.620986,0.637791,0.656207,0.678168,0.708221,0.757243,0.851763,1.05769,1.54192,2.73526,5.77102
0.0988267,0.111949,0.125325,0.138954,0.152773,0.166773,0.180924,0.195207,0.209604,0.224102,0.238688,0.253353,0.268089,0.282888,0.297747,0.31266,0.327625,0.342638,0.3577,0.372808,0.387962,0.403162,0.418409,0.433703,0.449046,0.46444,0.479885,0.495383,0.510938,0.526551,0.542226,0.557964,0.57377,0.58965,0.605608,0.621658,0.637819,0.654128,0.670668,0.687608,0.705328,0.724685,0.747654,0.778881,0.82949,0.926623,1.13775,1.63383,2.85659,5.96889
0.120631,0.135578,0.150727,0.166083,0.18156,0.197172,0.212887,0.228688,0.24456,0.260491,0.276471,0.292493,0.30855,0.324637,0.340752,0.356892,0.373055,0.389241,0.405449,0.421681,0.437936,0.454216,0.470523,0.486858,0.503225,0.519625,0.536061,0.552536,0.569052,0.585614,0.602225,0.618887,0.635607,0.652389,0.669242,0.686176,0.703213,0.720393,0.737798,0.755602,0.774192,0.794442,0.818366,0.850705,0.902813,1.00241,1.21841,1.72563,2.97605,6.1607
0.144944,0.161735,0.178663,0.195765,0.212892,0.230102,0.247363,0.264659,0.281978,0.299311,0.316652,0.333994,0.351334,0.368671,0.386001,0.403326,0.420645,0.437959,0.45527,0.47258,0.489891,0.507206,0.524528,0.541859,0.559204,0.576565,0.593946,0.611351,0.628785,0.64625,0.663751,0.681293,0.698882,0.716523,0.734224,0.751999,0.769869,0.787875,0.806101,0.824725,0.84414,0.865237,0.890066,0.923456,0.976979,1.07889,1.2995,1.81716,3.09355,6.34675
0.171747,0.190373,0.209042,0.227913,0.246663,0.265445,0.28422,0.302976,0.321705,0.340401,0.35906,0.37768,0.39626,0.414799,0.4333,0.451762,0.47019,0.488586,0.506953,0.525294,0.543614,0.561916,0.580205,0.598486,0.616762,0.635037,0.653318,0.671608,0.689912,0.708235,0.726583,0.74496,0.763372,0.781827,0.800334,0.818906,0.837565,0.856355,0.875359,0.89476,0.914958,0.936856,0.962542,0.996926,1.05179,1.15589,1.38083,1.90831,3.20905,6.5273
0.201053,0.221461,0.241748,0.262421,0.282759,0.303073,0.323321,0.343493,0.363587,0.383598,0.403528,0.423377,0.443146,0.46284,0.48246,0.502011,0.521499,0.540926,0.560299,0.579623,0.598904,0.618145,0.637354,0.656536,0.675696,0.69484,0.713974,0.733103,0.752233,0.771369,0.790518,0.809686,0.828879,0.848106,0.867375,0.886702,0.906109,0.92564,0.945381,0.965518,0.986456,1.00911,1.03561,1.07093,1.12706,1.23323,1.46228,1.99899,3.32246,6.70263
0.233008,0.255065,0.276644,0.299171,0.321053,0.342852,0.364523,0.386061,0.407467,0.428742,0.44989,0.470915,0.491822,0.512616,0.533305,0.553893,0.574389,0.594798,0.615127,0.635384,0.655576,0.675709,0.69579,0.715826,0.735824,0.75579,0.775732,0.795655,0.815566,0.835472,0.85538,0.875295,0.895227,0.915183,0.935174,0.955215,0.975329,0.995562,1.016,1.03683,1.05847,1.08185,1.10911,1.14532,1.20264,1.31077,1.54371,2.08916,3.43369,6.87301
0.268087,0.291519,0.313616,0.338036,0.361418,0.384646,0.407684,0.430532,0.453194,0.475677,0.497987,0.520133,0.542123,0.563965,0.585668,0.607241,0.628693,0.650033,0.671268,0.692409,0.713463,0.73444,0.755346,0.77619,0.79698,0.817724,0.838429,0.859103,0.879752,0.900386,0.92101,0.941632,0.962262,0.982907,1.00358,1.0243,1.04508,1.06597,1.08707,1.10857,1.13087,1.15492,1.18291,1.21996,1.27841,1.38839,1.62502,2.17881,3.54262,7.03869
0.306626,0.331721,0.352645,0.378888,0.403725,0.428323,0.452668,0.476765,0.500624,0.524256,0.547671,0.570881,0.593898,0.616733,0.639397,0.661902,0.684259,0.706478,0.728571,0.750546,0.772416,0.794188,0.815873,0.837481,0.859019,0.880497,0.901922,0.923304,0.944651,0.965971,0.987271,1.00856,1.02985,1.05115,1.07246,1.09382,1.11523,1.13676,1.15848,1.18059,1.20352,1.22822,1.25689,1.29474,1.35425,1.46599,1.70614,2.26798,3.64909,7.19991
0.306626,0.375853,0.393929,0.421611,0.447848,0.473753,0.499341,0.524625,0.54962,0.574341,0.598802,0.62302,0.647008,0.670781,0.694353,0.717738,0.740949,0.763998,0.786898,0.809661,0.832299,0.854823,0.877243,0.899569,0.921812,0.943982,0.966088,0.988138,1.01014,1.03211,1.05405,1.07597,1.09788,1.11979,1.14171,1.16367,1.18568,1.2078,1.23011,1.25281,1.27634,1.30164,1.33096,1.36956,1.43009,1.54349,1.78699,2.35667,3.75698,7.19991
0.384922,0.412155,0.43749,0.466107,0.493668,0.520813,0.54758,0.573987,0.600056,0.625805,0.651255,0.676422,0.701326,0.725984,0.750411,0.774625,0.798639,0.82247,0.846131,0.869636,0.892997,0.916228,0.939339,0.962343,0.985251,1.00807,1.03082,1.0535,1.07612,1.0987,1.12124,1.14375,1.16625,1.18874,1.21124,1.23377,1.25634,1.27902,1.30189,1.32515,1.34923,1.37512,1.40505,1.44436,1.50584,1.62083,1.8675,2.44466,3.8677,7.50998
0.424146,0.454187,0.482594,0.512273,0.541073,0.56939,0.597269,0.624736,0.651816,0.678535,0.704914,0.730975,0.756741,0.782229,0.807461,0.832453,0.857224,0.881789,0.906165,0.930367,0.954409,0.978304,1.00207,1.02571,1.04924,1.07268,1.09602,1.1193,1.1425,1.16566,1.18877,1.21184,1.23489,1.25793,1.28097,1.30403,1.32714,1.35035,1.37375,1.39753,1.42215,1.44858,1.4791,1.51908,1.58147,1.69795,1.94763,2.5318,3.9727,7.65928
0.467159,0.498763,0.529239,0.559998,0.58996,0.619379,0.648304,0.676767,0.704798,0.732426,0.759678,0.786578,0.813151,0.83942,0.865406,0.891129,0.916609,0.941864,0.966912,0.991768,1.01645,1.04097,1.06534,1.08958,1.1137,1.13772,1.16163,1.18546,1.20922,1.23292,1.25656,1.28016,1.30373,1.32729,1.35084,1.37441,1.39803,1.42173,1.44563,1.46992,1.49504,1.52198,1.55305,1.59368,1.65693,1.77483,2.02737,2.6182,4.07596,7.80507
0.512308,0.545312,0.577361,0.609184,0.640234,0.670687,0.700591,0.729987,0.758909,0.787389,0.815458,0.843144,0.870474,0.897473,0.924165,0.950573,0.976718,1.00262,1.0283,1.05377,1.07905,1.10415,1.1291,1.15391,1.17858,1.20313,1.22758,1.25194,1.27622,1.30042,1.32457,1.34867,1.37273,1.39678,1.42082,1.44486,1.46896,1.49314,1.51751,1.54227,1.56786,1.5953,1.62689,1.66813,1.7322,1.85145,2.10671,2.70387,4.17764,7.94755
0.559261,0.593538,0.626896,0.659745,0.691812,0.723229,0.75405,0.784317,0.81407,0.843346,0.872178,0.900598,0.928635,0.956317,0.98367,1.01072,1.03749,1.06399,1.09026,1.1163,1.14215,1.1678,1.19329,1.21862,1.24382,1.26888,1.29383,1.31869,1.34345,1.36813,1.39276,1.41733,1.44186,1.46636,1.49086,1.51536,1.5399,1.56453,1.58935,1.61456,1.64061,1.66851,1.7006,1.74241,1.80726,1.9278,2.18566,2.78885,4.27784,8.08696
0.607831,0.643275,0.677781,0.711605,0.744618,0.776934,0.808607,0.839686,0.870215,0.900232,0.929775,0.958879,0.987576,1.0159,1.04387,1.07151,1.09886,1.12593,1.15275,1.17934,1.2057,1.23188,1.25787,1.2837,1.30938,1.33493,1.36035,1.38567,1.41089,1.43603,1.4611,1.48611,1.51108,1.53602,1.56095,1.58588,1.61085,1.63591,1.66115,1.68678,1.71326,1.7416,1.77417,1.81653,1.88212,2.00389,2.26422,2.87317,4.3767,8.22348
0.657902,0.694422,0.72996,0.764699,0.798591,0.831741,0.864206,0.896039,0.927287,0.957994,0.988199,1.01794,1.04725,1.07616,1.10471,1.13291,1.1608,1.1884,1.21574,1.24283,1.26969,1.29635,1.32281,1.34911,1.37525,1.40124,1.42711,1.45287,1.47852,1.50409,1.52958,1.55501,1.5804,1.60575,1.63108,1.65642,1.6818,1.70726,1.7329,1.75894,1.78583,1.81459,1.84761,1.8905,1.95679,2.07973,2.34243,2.95688,4.47431,8.35734
0.709394,0.746904,0.783382,0.818976,0.853679,0.887601,0.920799,0.95333,0.985245,1.01659,1.04741,1.07774,1.10762,1.13709,1.16617,1.19489,1.22329,1.25138,1.2792,1.30676,1.33408,1.36119,1.38811,1.41484,1.44141,1.46783,1.49411,1.52028,1.54634,1.57231,1.5982,1.62403,1.64981,1.67555,1.70127,1.72699,1.75275,1.77859,1.80462,1.83105,1.85832,1.88748,1.92093,1.96432,2.03129,2.15535,2.42031,3.04003,4.57079,8.48873
0.762249,0.800668,0.838004,0.874391,0.909841,0.944474,0.978348,1.01152,1.04406,1.07599,1.10738,1.13826,1.16867,1.19865,1.22822,1.25743,1.2863,1.31485,1.34312,1.37112,1.39888,1.42641,1.45374,1.48088,1.50786,1.53467,1.56135,1.58791,1.61436,1.64071,1.66697,1.69317,1.71932,1.74543,1.77152,1.79761,1.82373,1.84994,1.87633,1.90312,1.93076,1.96031,1.99416,2.03803,2.10565,2.23077,2.49791,3.12268,4.66623,8.61785
0.816425,0.855674,0.893794,0.930915,0.967048,1.00233,1.03683,1.0706,1.1037,1.13618,1.16809,1.19948,1.23038,1.26083,1.29087,1.32052,1.34983,1.37881,1.4075,1.43591,1.46407,1.492,1.51972,1.54725,1.5746,1.6018,1.62885,1.65577,1.68258,1.70928,1.73591,1.76246,1.78896,1.81541,1.84185,1.86829,1.89476,1.92131,1.94805,1.97518,2.00318,2.03309,2.06733,2.11166,2.17989,2.30605,2.57527,3.20489,4.76074,8.74488
0.871891,0.911895,0.950726,0.988524,1.02528,1.06116,1.09623,1.13054,1.16416,1.19714,1.22954,1.26139,1.29274,1.32364,1.3541,1.38418,1.41389,1.44327,1.47235,1.50114,1.52968,1.55798,1.58607,1.61396,1.64167,1.66921,1.69661,1.72388,1.75102,1.77807,1.80503,1.83192,1.85875,1.88553,1.9123,1.93907,1.96586,1.99275,2.01981,2.04728,2.07562,2.10587,2.14049,2.18525,2.25408,2.38123,2.65244,3.28673,4.85443,8.87004
0.928629,0.969313,1.00879,1.04721,1.08453,1.12096,1.15654,1.19135,1.22545,1.25889,1.29173,1.32401,1.35578,1.38708,1.41794,1.4484,1.47849,1.50824,1.53768,1.56683,1.59572,1.62437,1.6528,1.68103,1.70907,1.73695,1.76468,1.79227,1.81974,1.8471,1.87438,1.90158,1.92872,1.95583,1.98291,2.00998,2.0371,2.06429,2.09167,2.11946,2.14812,2.17871,2.21368,2.25886,2.32826,2.45635,2.7295,3.36828,4.9474,8.99349
0.986631,1.02792,1.06797,1.10697,1.1448,1.18172,1.21777,1.25303,1.28756,1.32143,1.35467,1.38735,1.4195,1.45117,1.48239,1.51321,1.54365,1.57375,1.60352,1.63301,1.66223,1.6912,1.71995,1.7485,1.77686,1.80505,1.83308,1.86098,1.88875,1.91642,1.94399,1.97149,1.99894,2.02634,2.05371,2.08109,2.1085,2.13599,2.16368,2.19177,2.22073,2.25164,2.28696,2.33254,2.40248,2.53149,2.8065,3.44962,5.03976,9.11543
1.0459,1.08773,1.12828,1.16781,1.2061,1.24346,1.27993,1.3156,1.35053,1.38477,1.41839,1.45142,1.48393,1.51594,1.5475,1.57865,1.60941,1.63982,1.66992,1.69971,1.72924,1.75852,1.78757,1.81641,1.84506,1.87354,1.90187,1.93005,1.95811,1.98607,2.01393,2.04171,2.06943,2.09712,2.12478,2.15244,2.18013,2.20791,2.23588,2.26426,2.29352,2.32473,2.36038,2.40635,2.47682,2.60672,2.88352,3.53083,5.13162,9.23605
1.10647,1.14876,1.18972,1.22976,1.26844,1.3062,1.34306,1.37909,1.41438,1.44896,1.48291,1.51628,1.5491,1.58143,1.61329,1.64474,1.67581,1.70651,1.7369,1.76698,1.79679,1.82636,1.85569,1.88481,1.91374,1.94249,1.97109,1.99955,2.02788,2.0561,2.08423,2.11228,2.14027,2.16823,2.19616,2.22409,2.25205,2.28011,2.30835,2.33701,2.36655,2.39806,2.43402,2.48036,2.55134,2.68209,2.96063,3.612,5.22309,9.35551
1.16837,1.21104,1.25232,1.29284,1.33187,1.36997,1.40717,1.44354,1.47914,1.51403,1.54829,1.58195,1.61506,1.64767,1.67982,1.71155,1.74289,1.77387,1.80452,1.83487,1.86495,1.89477,1.92437,1.95375,1.98294,2.01195,2.04081,2.06952,2.09811,2.12659,2.15497,2.18328,2.21152,2.23973,2.26792,2.29611,2.32433,2.35265,2.38116,2.41008,2.43989,2.47168,2.50795,2.55464,2.62612,2.75769,3.03792,3.69322,5.31428,9.47401
1.23166,1.27463,1.3161,1.35708,1.39642,1.43482,1.47232,1.50897,1.54486,1.58003,1.61456,1.64848,1.68186,1.71473,1.74714,1.77912,1.81071,1.84194,1.87284,1.90344,1.93376,1.96383,1.99367,2.0233,2.05273,2.08199,2.11109,2.14004,2.16887,2.19759,2.22621,2.25476,2.28325,2.3117,2.34013,2.36857,2.39704,2.42561,2.45437,2.48355,2.51362,2.54568,2.58224,2.62928,2.70123,2.83361,3.11548,3.77459,5.4053,9.59171
1.29645,1.33961,1.3811,1.42253,1.46212,1.50079,1.53855,1.57546,1.61159,1.64701,1.68177,1.71594,1.74955,1.78266,1.81529,1.84751,1.87933,1.91079,1.94192,1.97275,2.0033,2.0336,2.06367,2.09353,2.12319,2.15267,2.182,2.21118,2.24024,2.26918,2.29803,2.32681,2.35553,2.38421,2.41288,2.44155,2.47026,2.49907,2.52807,2.5575,2.58782,2.62014,2.65698,2.70436,2.77677,2.90992,3.19339,3.85621,5.49626,9.7088
1.36288,1.4061,1.44737,1.48924,1.52906,1.56795,1.60592,1.64305,1.67939,1.71503,1.75001,1.78438,1.81821,1.85152,1.88437,1.91679,1.94882,1.98049,2.01183,2.04287,2.07364,2.10415,2.13443,2.1645,2.19438,2.22408,2.25362,2.28302,2.31229,2.34145,2.37051,2.39951,2.42845,2.45735,2.48624,2.51514,2.54408,2.57311,2.60235,2.63201,2.66258,2.69515,2.73226,2.77996,2.85282,2.98673,3.27175,3.9382,5.58727,9.82546
1.43115,1.47427,1.51497,1.55728,1.59727,1.63634,1.6745,1.71181,1.74834,1.78416,1.81933,1.85389,1.88789,1.92139,1.95443,1.98704,2.01926,2.05112,2.08266,2.11389,2.14485,2.17556,2.20604,2.23631,2.26639,2.29629,2.32603,2.35563,2.3851,2.41447,2.44374,2.47294,2.50209,2.5312,2.56031,2.58942,2.61858,2.64783,2.67729,2.70718,2.73798,2.7708,2.80818,2.85619,2.92947,3.06412,3.35067,4.02067,5.67845,9.94185
1.50158,1.54436,1.58399,1.62671,1.66684,1.70606,1.74436,1.78182,1.81851,1.85448,1.88981,1.92453,1.9587,1.99236,2.02556,2.05834,2.09073,2.12277,2.15448,2.18589,2.21703,2.24792,2.27859,2.30904,2.33931,2.36939,2.39933,2.42912,2.45878,2.48834,2.5178,2.5472,2.57655,2.60586,2.63517,2.66449,2.69385,2.72332,2.753,2.78311,2.81414,2.84718,2.88482,2.93313,3.00684,3.14221,3.43025,4.10372,5.76991,10.0582
1.57448,1.61673,1.65452,1.6976,1.73784,1.77717,1.81559,1.85317,1.88998,1.92608,1.96153,1.99639,2.0307,2.0645,2.09785,2.13078,2.16332,2.19551,2.22738,2.25896,2.29027,2.32133,2.35216,2.38279,2.41322,2.44349,2.4736,2.50357,2.53341,2.56315,2.5928,2.62238,2.65192,2.68142,2.71093,2.74044,2.77001,2.79969,2.82957,2.85989,2.89114,2.92441,2.9623,3.0109,3.08502,3.22109,3.51059,4.1875,5.86176,10.1745
1.64751,1.69183,1.72673,1.77006,1.81037,1.84977,1.88827,1.92593,1.96284,1.99904,2.0346,2.06957,2.10399,2.13792,2.17139,2.20445,2.23713,2.26946,2.30147,2.33319,2.36465,2.39587,2.42686,2.45764,2.48824,2.51867,2.54895,2.57908,2.6091,2.63901,2.66883,2.69859,2.72831,2.758,2.78769,2.81739,2.84716,2.87703,2.90712,2.93764,2.96909,3.00259,3.04071,3.08961,3.16413,3.30088,3.59181,4.27212,5.9541,10.2912
1.64751,1.76857,1.80078,1.84416,1.88451,1.92395,1.96249,2.00022,2.03719,2.07346,2.1091,2.14416,2.17867,2.2127,2.24628,2.27945,2.31225,2.3447,2.37684,2.4087,2.44029,2.47165,2.50278,2.53372,2.56447,2.59505,2.62548,2.65578,2.68595,2.71602,2.74601,2.77594,2.80582,2.83569,2.86555,2.89545,2.9254,2.95546,2.98574,3.01646,3.04812,3.08183,3.12019,3.16936,3.24427,3.38169,3.67403,4.35771,6.04863,10.2912
1.80217,1.84082,1.87672,1.92002,1.96037,1.99981,2.03837,2.07612,2.11313,2.14945,2.18515,2.22027,2.25486,2.28897,2.32263,2.3559,2.38879,2.42135,2.45361,2.48558,2.5173,2.54878,2.58005,2.61112,2.64201,2.67274,2.70331,2.73376,2.76408,2.7943,2.82445,2.85453,2.88458,2.91461,2.94465,2.97472,3.00485,3.03509,3.06556,3.09648,3.12833,3.16225,3.20083,3.25028,3.32557,3.46365,3.75736,4.44436,6.1451,10.526
1.87647,1.91825,1.9545,1.99775,2.03806,2.07747,2.11601,2.15376,2.19078,2.22712,2.26285,2.29801,2.33265,2.36682,2.40055,2.43389,2.46688,2.49953,2.53188,2.56396,2.59579,2.62739,2.65877,2.68997,2.72099,2.75185,2.78256,2.81314,2.8436,2.87397,2.90426,2.93449,2.9647,2.99489,3.02509,3.05533,3.08563,3.11605,3.1467,3.1778,3.20985,3.24397,3.28277,3.33248,3.40814,3.54687,3.84194,4.53219,6.24095,10.6445
1.9578,1.999,2.03431,2.07746,2.1177,2.15704,2.19553,2.23325,2.27025,2.30659,2.34233,2.37751,2.41218,2.44639,2.48017,2.51357,2.54662,2.57935,2.61178,2.64395,2.67588,2.70758,2.73908,2.77039,2.80153,2.83251,2.86334,2.89405,2.92464,2.95514,2.98557,3.01595,3.0463,3.07664,3.107,3.1374,3.16787,3.19846,3.22929,3.26057,3.2928,3.32712,3.36614,3.41611,3.49213,3.63149,3.9279,4.62137,6.3379,10.764
2.03968,2.0834,2.11635,2.15927,2.1994,2.23864,2.27706,2.31472,2.35167,2.38798,2.4237,2.45888,2.49356,2.52779,2.56161,2.59505,2.62815,2.66094,2.69344,2.72569,2.7577,2.7895,2.82109,2.8525,2.88375,2.91484,2.94579,2.97662,3.00733,3.03796,3.06852,3.09903,3.12952,3.16001,3.19052,3.22107,3.2517,3.28246,3.31345,3.34491,3.37732,3.41183,3.45106,3.50128,3.57766,3.71765,4.01537,4.71206,6.43608,10.8846
2.03968,2.17004,2.20083,2.24332,2.28331,2.32242,2.36072,2.39829,2.43517,2.47143,2.50711,2.54227,2.57694,2.61117,2.64499,2.67846,2.7116,2.74443,2.777,2.80931,2.84139,2.87326,2.90494,2.93645,2.96779,2.99898,3.03004,3.06098,3.09181,3.12255,3.15323,3.18387,3.21449,3.24512,3.27577,3.30647,3.33726,3.36817,3.39933,3.43096,3.46355,3.49824,3.53768,3.58815,3.66488,3.80547,4.1045,4.80438,6.53726,10.8846
2.21445,2.25199,2.28784,2.32975,2.36956,2.4085,2.44666,2.48411,2.5209,2.55708,2.5927,2.6278,2.66244,2.69665,2.73047,2.76395,2.79711,2.82997,2.86258,2.89494,2.92708,2.95903,2.99078,3.02237,3.0538,3.08508,3.11624,3.14727,3.17821,3.20906,3.23985,3.27061,3.30136,3.33211,3.3629,3.39375,3.42468,3.45576,3.48708,3.51887,3.55163,3.5865,3.62613,3.67684,3.75392,3.89512,4.19543,4.89845,6.64119,11.13
2.29825,2.33971,2.37733,2.41871,2.4583,2.49704,2.53503,2.57233,2.60899,2.64506,2.6806,2.71563,2.75022,2.78439,2.81819,2.85166,2.88482,2.91771,2.95034,2.98274,3.01493,3.04693,3.07875,3.11041,3.14191,3.17328,3.20453,3.23565,3.26668,3.29763,3.32853,3.3594,3.39026,3.42115,3.45207,3.48305,3.51413,3.54535,3.57683,3.60878,3.64171,3.67675,3.71658,3.76753,3.84494,3.98673,4.28831,4.99442,6.74531,11.2551
2.38953,2.43084,2.4695,2.51036,2.54967,2.58818,2.62597,2.66309,2.6996,2.73555,2.77097,2.80592,2.84043,2.87455,2.90831,2.94175,2.9749,3.00778,3.04043,3.07286,3.10509,3.13713,3.169,3.20072,3.2323,3.26374,3.29506,3.32627,3.35739,3.38843,3.41942,3.45039,3.48137,3.51237,3.54342,3.57454,3.60575,3.63712,3.66874,3.70085,3.73394,3.76916,3.80918,3.86036,3.9381,4.08047,4.3833,5.09246,6.85139,11.3822
2.48423,2.52536,2.56451,2.60485,2.64386,2.6821,2.71965,2.75657,2.7929,2.82869,2.86398,2.89882,2.93323,2.96727,3.00098,3.03437,3.0675,3.10037,3.13302,3.16546,3.19771,3.22979,3.2617,3.29347,3.3251,3.35661,3.388,3.41928,3.45048,3.4816,3.51269,3.54376,3.57484,3.60595,3.63712,3.66836,3.69971,3.73122,3.76298,3.79524,3.82849,3.86388,3.90408,3.95549,4.03356,4.17651,4.48057,5.19275,6.95963,11.5113
2.58246,2.62325,2.66254,2.70235,2.74102,2.77896,2.81624,2.85293,2.88905,2.92466,2.9598,2.99449,3.0288,3.06274,3.09637,3.1297,3.16278,3.19563,3.22826,3.26071,3.29297,3.32507,3.35702,3.38883,3.42051,3.45207,3.48351,3.51486,3.54613,3.57733,3.60849,3.63965,3.67083,3.70205,3.73333,3.76469,3.79617,3.82781,3.85972,3.89213,3.92553,3.96108,4.00147,4.05309,4.13148,4.275,4.58028,5.29546,7.07021,11.6427
2.68425,2.7246,2.76376,2.80304,2.84133,2.87893,2.91592,2.95234,2.98824,3.02364,3.05859,3.09313,3.1273,3.16113,3.19465,3.22791,3.26094,3.29374,3.32635,3.35878,3.39104,3.42315,3.45512,3.48696,3.51868,3.55028,3.58178,3.61319,3.64451,3.67578,3.70702,3.73825,3.76952,3.80084,3.83223,3.86371,3.89531,3.92709,3.95913,3.99168,4.02523,4.06094,4.1015,4.15335,4.23205,4.37613,4.68262,5.40076,7.18332,11.7765
2.78968,2.82951,2.86837,2.90711,2.94498,2.98221,3.01887,3.055,3.09063,3.1258,3.16055,3.19491,3.22892,3.26261,3.29602,3.32919,3.36214,3.39489,3.42745,3.45986,3.49211,3.52422,3.5562,3.58805,3.6198,3.65144,3.68298,3.71443,3.74581,3.77714,3.80844,3.83975,3.8711,3.90251,3.93401,3.9656,3.99732,4.02922,4.0614,4.09408,4.12777,4.16364,4.20438,4.25644,4.33545,4.48008,4.78777,5.50885,7.29914,11.913
2.8989,2.93813,2.97657,3.01474,3.05216,3.08899,3.12529,3.1611,3.19644,3.23135,3.26587,3.30003,3.33385,3.36739,3.40067,3.43372,3.46658,3.49926,3.53177,3.56413,3.59636,3.62846,3.66044,3.6923,3.72407,3.75573,3.78731,3.8188,3.85022,3.88159,3.91295,3.94433,3.97575,4.00725,4.03885,4.07055,4.10238,4.1344,4.1667,4.19952,4.23336,4.26937,4.31028,4.36255,4.44187,4.58704,4.89592,5.61991,7.41789,12.0524
3.01206,3.05064,3.08856,3.12615,3.16307,3.19947,3.23538,3.27083,3.30585,3.34048,3.37475,3.40868,3.4423,3.47566,3.50879,3.54171,3.57446,3.60705,3.6395,3.67181,3.704,3.73607,3.76804,3.79991,3.83168,3.86336,3.89496,3.92647,3.95793,3.98934,4.02075,4.05218,4.08368,4.11526,4.14695,4.17875,4.21069,4.24283,4.27526,4.3082,4.34218,4.37834,4.41941,4.47189,4.5515,4.69722,5.00727,5.73415,7.53976,12.1949
3.12936,3.16724,3.20456,3.24153,3.27793,3.31385,3.34934,3.38441,3.41909,3.45341,3.48739,3.52107,3.55447,3.58763,3.62059,3.65337,3.68599,3.71848,3.75084,3.78309,3.81523,3.84727,3.87921,3.91107,3.94284,3.97453,4.00614,4.03767,4.06915,4.10059,4.13204,4.16353,4.19509,4.22675,4.25852,4.29041,4.32246,4.35471,4.38726,4.42033,4.45444,4.49074,4.53198,4.58465,4.66456,4.81081,5.12202,5.85177,7.66497,12.3407
3.251,3.28812,3.32479,3.36111,3.39695,3.43237,3.4674,3.50205,3.53636,3.57035,3.60402,3.63743,3.67058,3.70353,3.73629,3.7689,3.80139,3.83376,3.86603,3.8982,3.93027,3.96227,3.99418,4.02601,4.05777,4.08945,4.12106,4.15261,4.1841,4.21556,4.24704,4.27857,4.31019,4.34192,4.37377,4.40576,4.43791,4.47026,4.50293,4.53612,4.57036,4.6068,4.6482,4.70107,4.78126,4.92803,5.2404,5.973,7.79374,12.49
3.37719,3.4135,3.44946,3.48511,3.52035,3.55524,3.58978,3.62399,3.6579,3.69152,3.72487,3.75797,3.79086,3.82356,3.85612,3.88855,3.92087,3.95311,3.98527,4.01735,4.04935,4.08129,4.11315,4.14495,4.17669,4.20836,4.23996,4.27151,4.303,4.33448,4.36598,4.39754,4.42921,4.461,4.49293,4.52501,4.55725,4.58971,4.62249,4.6558,4.69016,4.72674,4.76829,4.82135,4.90183,5.04912,5.36262,6.09804,7.92628,12.6431
3.50815,3.54363,3.57883,3.61377,3.64838,3.6827,3.71672,3.75047,3.78395,3.81717,3.85017,3.88295,3.91554,3.94798,3.9803,4.01253,4.04469,4.07678,4.10881,4.14079,4.17271,4.20457,4.23638,4.26813,4.29984,4.33148,4.36307,4.39461,4.4261,4.45757,4.48908,4.52067,4.55238,4.58423,4.61623,4.64839,4.68073,4.71329,4.74617,4.77959,4.81408,4.85079,4.89249,4.94573,5.02649,5.17429,5.48892,6.22715,8.06284,12.8001
3.64414,3.67873,3.71314,3.74733,3.78128,3.81499,3.84847,3.88171,3.91473,3.94755,3.98016,4.01259,4.04487,4.07703,4.1091,4.14111,4.17307,4.205,4.2369,4.26876,4.30058,4.33236,4.3641,4.3958,4.42746,4.45907,4.49064,4.52215,4.55362,4.58509,4.6166,4.64821,4.67996,4.71186,4.74392,4.77616,4.80859,4.84124,4.87422,4.90776,4.94235,4.97919,5.02104,5.07447,5.1555,5.3038,5.61954,6.36055,8.20366,12.9613
3.78539,3.81906,3.85263,3.88605,3.91931,3.95238,3.98527,4.01799,4.05053,4.0829,4.1151,4.14717,4.17911,4.21096,4.24275,4.27452,4.30628,4.33804,4.36978,4.40151,4.43322,4.46491,4.49657,4.52821,4.55981,4.59138,4.62291,4.65439,4.68583,4.71728,4.74878,4.7804,4.81218,4.84413,4.87626,4.90857,4.94107,4.97382,5.0069,5.04054,5.07525,5.11221,5.15419,5.2078,5.2891,5.4379,5.75473,6.4985,8.34898,13.127
3.93216,3.96487,3.99757,4.03019,4.06271,4.09512,4.1274,4.15956,4.19159,4.22349,4.25526,4.28693,4.31851,4.35003,4.38154,4.41305,4.44459,4.47615,4.50773,4.53932,4.57091,4.60249,4.63406,4.66562,4.69716,4.72868,4.76015,4.79159,4.823,4.85442,4.8859,4.91752,4.94932,4.98131,5.01349,5.04587,5.07846,5.11129,5.14446,5.1782,5.21302,5.2501,5.29222,5.34601,5.42756,5.57685,5.89477,6.64127,8.49906,13.2974
4.08471,4.11644,4.14822,4.18001,4.21177,4.24349,4.27513,4.3067,4.33819,4.3696,4.40092,4.43216,4.46336,4.49453,4.52572,4.55696,4.58826,4.61962,4.65102,4.68246,4.71391,4.74538,4.77685,4.80832,4.83979,4.87124,4.90266,4.93404,4.9654,4.99677,5.02822,5.05984,5.09165,5.12368,5.15591,5.18836,5.22102,5.25393,5.2872,5.32103,5.35596,5.39315,5.4354,5.48935,5.57117,5.72093,6.03992,6.78912,8.65417,13.4727
4.24332,4.27403,4.30487,4.3358,4.36677,4.39776,4.42874,4.4597,4.49062,4.52151,4.55235,4.58315,4.61394,4.64474,4.6756,4.70654,4.73759,4.76873,4.79994,4.83121,4.86252,4.89386,4.92522,4.95659,4.98798,5.01935,5.0507,5.08202,5.11331,5.14463,5.17604,5.20764,5.23946,5.27152,5.30381,5.33631,5.36904,5.40203,5.43538,5.46931,5.50433,5.54164,5.58402,5.63813,5.72019,5.87042,6.19047,6.94234,8.8146,13.6533
4.40827,4.43793,4.46781,4.49785,4.528,4.55823,4.58852,4.61884,4.64918,4.67952,4.70985,4.74019,4.77055,4.80096,4.83146,4.86209,4.89287,4.92378,4.95479,4.98589,5.01704,5.04824,5.07948,5.11074,5.14203,5.17332,5.20459,5.23583,5.26705,5.2983,5.32966,5.36123,5.39306,5.42514,5.45747,5.49003,5.52283,5.5559,5.58933,5.62334,5.65846,5.69587,5.73837,5.79264,5.87495,6.02563,6.34672,7.10122,8.98062,13.8393
4.57984,4.60843,4.63731,4.66644,4.69575,4.72521,4.75478,4.78444,4.81416,4.84393,4.87374,4.90359,4.9335,4.96349,4.99362,5.02392,5.05442,5.08509,5.11589,5.14679,5.17778,5.20883,5.23993,5.27108,5.30226,5.33346,5.36464,5.39579,5.42692,5.45809,5.48938,5.52092,5.55275,5.58485,5.61722,5.64984,5.6827,5.71584,5.74934,5.78344,5.81865,5.85616,5.89878,5.9532,6.03574,6.18687,6.50898,7.26608,9.15255,14.0311
4.75833,4.78583,4.8137,4.84189,4.87034,4.89899,4.92783,4.9568,4.98589,5.01507,5.04434,5.07367,5.1031,5.13266,5.16239,5.19235,5.22256,5.25297,5.28355,5.31425,5.34506,5.37595,5.40692,5.43794,5.46901,5.50009,5.53118,5.56223,5.59326,5.62432,5.65554,5.68704,5.71885,5.75098,5.78339,5.81606,5.84898,5.88218,5.91576,5.94994,5.98523,6.02284,6.06556,6.12013,6.2029,6.35447,6.67758,7.43724,9.33069,14.229
4.94406,4.97044,4.99729,5.02452,5.05208,5.07991,5.10799,5.13626,5.16469,5.19327,5.22196,5.25077,5.2797,5.30879,5.33811,5.36772,5.39761,5.42776,5.45811,5.48861,5.51923,5.54996,5.58077,5.61166,5.6426,5.67357,5.70454,5.73548,5.76639,5.79734,5.82847,5.85991,5.89172,5.92387,5.95631,5.98903,6.022,6.05527,6.08891,6.12317,6.15854,6.19624,6.23907,6.29378,6.37677,6.52876,6.85284,7.61502,9.51536,14.4332
5.13732,5.16258,5.18838,5.21464,5.2413,5.2683,5.29559,5.32314,5.3509,5.37885,5.40696,5.43522,5.46363,5.49225,5.52113,5.55036,5.57994,5.60982,5.63993,5.67021,5.70064,5.73119,5.76185,5.79259,5.8234,5.85424,5.88509,5.91591,5.94669,5.9775,6.00852,6.03991,6.07171,6.10387,6.13635,6.16911,6.20214,6.23546,6.26917,6.30349,6.33894,6.37672,6.41966,6.4745,6.5577,6.71011,7.03514,7.79978,9.70691,14.6441
5.33844,5.36258,5.38732,5.4126,5.43834,5.46449,5.49099,5.5178,5.54488,5.57218,5.59969,5.62738,5.65525,5.68337,5.7118,5.74063,5.76989,5.79949,5.82936,5.85943,5.88966,5.92003,5.95051,5.9811,6.01177,6.04248,6.0732,6.10388,6.13451,6.16517,6.19607,6.22739,6.25917,6.29135,6.32387,6.35667,6.38975,6.42313,6.4569,6.49128,6.5268,6.56466,6.6077,6.66267,6.74607,6.89887,7.22484,7.99189,9.90568,14.862
5.54776,5.57077,5.59445,5.61874,5.64356,5.66885,5.69454,5.72061,5.74698,5.77363,5.80051,5.82762,5.85494,5.88253,5.91049,5.93892,5.96785,5.99717,6.0268,6.05664,6.08667,6.11685,6.14716,6.17758,6.2081,6.23867,6.26925,6.29978,6.33024,6.36074,6.39149,6.42274,6.45451,6.48671,6.51926,6.5521,6.58523,6.61866,6.65248,6.68693,6.72252,6.76045,6.80357,6.85866,6.94226,7.09545,7.42231,8.19171,10.112,15.0872
5.76561,5.7875,5.81012,5.83342,5.85731,5.88172,5.90661,5.93191,5.95758,5.98356,6.00982,6.03632,6.06307,6.09012,6.11758,6.1456,6.17419,6.20325,6.23263,6.26225,6.29206,6.32204,6.35217,6.38243,6.41279,6.44321,6.47364,6.50401,6.53429,6.56459,6.59518,6.62636,6.65812,6.69034,6.72293,6.75581,6.78898,6.82246,6.85634,6.89084,6.92648,6.96449,7.00769,7.06289,7.14668,7.30024,7.62797,8.39966,10.3264,15.32
5.99234,6.01311,6.03468,6.05699,6.07995,6.1035,6.12758,6.15212,6.17707,6.20238,6.22799,6.25388,6.28004,6.30653,6.33348,6.36106,6.38934,6.41812,6.44726,6.47665,6.50625,6.53604,6.56598,6.59607,6.62626,6.65653,6.6868,6.71699,6.74707,6.77715,6.80755,6.83866,6.87042,6.90267,6.93529,6.96822,7.00144,7.03496,7.06888,7.10343,7.13913,7.1772,7.22048,7.27579,7.35974,7.51365,7.84223,8.61613,10.5491,15.5608
6.22831,6.24799,6.26851,6.28985,6.31188,6.33457,6.35783,6.38161,6.40584,6.43047,6.45545,6.48072,6.50628,6.53218,6.55859,6.58573,6.61369,6.64221,6.67111,6.70029,6.72968,6.75926,6.78901,6.81892,6.84895,6.87905,6.90916,6.93916,6.96902,6.99884,7.02903,7.06007,7.09184,7.12413,7.1568,7.18977,7.22303,7.25659,7.29055,7.32515,7.3609,7.39902,7.44237,7.49778,7.5819,7.73615,8.06552,8.84156,10.7805,15.81
6.47389,6.4925,6.512,6.53236,6.55349,6.57532,6.59777,6.6208,6.64432,6.66827,6.6926,6.71725,6.74219,6.76749,6.79334,6.82003,6.84768,6.87596,6.90464,6.9336,6.96278,6.99216,7.02172,7.05144,7.0813,7.11124,7.14117,7.17098,7.2006,7.23013,7.26007,7.29104,7.32284,7.35518,7.3879,7.42092,7.45422,7.48782,7.52182,7.55645,7.59224,7.63042,7.67383,7.72933,7.8136,7.96817,8.29831,9.0764,11.0212,16.0679
6.72946,6.74702,6.76553,6.78495,6.80518,6.82617,6.84783,6.8701,6.89292,6.91621,6.93989,6.96391,6.98823,7.01291,7.03817,7.06439,7.09176,7.11983,7.1483,7.17705,7.20602,7.2352,7.26456,7.29411,7.32379,7.35356,7.38331,7.41292,7.44226,7.47146,7.50111,7.53205,7.5639,7.59631,7.62909,7.66215,7.69549,7.72912,7.76315,7.79782,7.83365,7.87187,7.91533,7.97091,8.05533,8.2102,8.54107,9.32112,11.2715,16.3349
6.99541,7.01197,7.02951,7.04801,7.06738,7.08754,7.10843,7.12997,7.15209,7.17472,7.19777,7.22117,7.24486,7.2689,7.29354,7.31927,7.3464,7.37428,7.40257,7.43112,7.45989,7.48886,7.51804,7.5474,7.57691,7.6065,7.63607,7.66546,7.69452,7.72333,7.75264,7.78357,7.8155,7.848,7.88085,7.91396,7.94733,7.981,8.01506,8.04975,8.08561,8.12387,8.16738,8.22304,8.30759,8.46273,8.7943,9.5762,11.532,16.6115
7.27215,7.28775,7.30436,7.32198,7.34051,7.35988,7.38002,7.40085,7.4223,7.44428,7.46671,7.4895,7.51256,7.53594,7.55991,7.58512,7.61207,7.63982,7.66794,7.69631,7.72488,7.75367,7.78265,7.81183,7.84116,7.87058,7.89997,7.92914,7.95788,7.98625,8.01514,8.04611,8.07818,8.11079,8.14371,8.17688,8.21028,8.24397,8.27806,8.31277,8.34866,8.38694,8.4305,8.48622,8.57089,8.7263,9.0585,9.84216,11.803,16.898
7.56009,7.57478,7.59052,7.6073,7.62503,7.64364,7.66305,7.6832,7.704,7.72537,7.7472,7.76939,7.79183,7.81452,7.83777,7.86243,7.88928,7.91695,7.94494,7.97314,8.00154,8.03013,8.05893,8.08793,8.11709,8.14634,8.17554,8.20448,8.23288,8.26073,8.28911,8.3202,8.35246,8.38521,8.41822,8.45144,8.48488,8.51859,8.5527,8.58743,8.62333,8.66164,8.70523,8.761,8.84578,9.00143,9.33423,10.1195,12.0852,17.1948
7.85968,7.87352,7.88842,7.90442,7.92139,7.93928,7.95802,7.97752,7.99771,8.01849,8.03974,8.06135,8.08318,8.10517,8.12763,8.15165,8.17855,8.20621,8.23412,8.26217,8.29039,8.3188,8.34742,8.37624,8.40523,8.43431,8.46334,8.49204,8.52008,8.54732,8.57503,8.60639,8.63892,8.67184,8.70495,8.73823,8.7717,8.80543,8.83954,8.87428,8.91019,8.94852,8.99213,9.04795,9.13282,9.28869,9.62205,10.4089,12.379,17.5025
8.17135,8.1844,8.19855,8.21381,8.23008,8.2473,8.2654,8.2843,8.30391,8.32414,8.34486,8.36593,8.38716,8.40844,8.43002,8.45328,8.48042,8.50817,8.53602,8.56395,8.59201,8.62025,8.6487,8.67735,8.70617,8.73509,8.76394,8.79242,8.82008,8.8466,8.87342,8.90525,8.93815,8.97128,9.00449,9.03782,9.07132,9.10506,9.13918,9.17392,9.20984,9.24817,9.2918,9.34766,9.43261,9.58867,9.92253,10.7107,12.685,17.8214
8.49557,8.50792,8.52137,8.53596,8.55159,8.5682,8.58572,8.60407,8.62315,8.64287,8.6631,8.68366,8.70433,8.7249,8.74549,8.76776,8.79545,8.82341,8.85125,8.87907,8.90699,8.93507,8.96335,8.99184,9.02051,9.04927,9.07795,9.10622,9.13348,9.15917,9.18476,9.2174,9.25078,9.28414,9.31747,9.35085,9.38436,9.41811,9.45223,9.48697,9.52288,9.56121,9.60485,9.66073,9.74575,9.90199,10.2363,11.0258,13.0037,18.1521
8.83283,8.84455,8.85739,8.87139,8.88645,8.90251,8.91951,8.93736,8.95597,8.97524,8.99502,9.01513,9.03529,9.05516,9.07462,9.09551,9.12426,9.15255,9.18043,9.20816,9.23594,9.26387,9.292,9.32034,9.34887,9.37748,9.40601,9.43406,9.46093,9.48566,9.50948,9.54349,9.57747,9.61109,9.64453,9.67795,9.71148,9.74522,9.77933,9.81406,9.84996,9.88828,9.93192,9.98782,10.0729,10.2293,10.564,11.3546,13.3359,18.4951
9.18364,9.19482,9.20713,9.22061,9.23518,9.25078,9.26732,9.28475,9.30295,9.32182,9.34122,9.36093,9.38064,9.39986,9.41808,9.43689,9.46751,9.49626,9.5242,9.55186,9.57952,9.60731,9.6353,9.6635,9.69189,9.72037,9.74876,9.77663,9.80313,9.82677,9.84796,9.88422,9.91893,9.95282,9.98635,10.0198,10.0533,10.0871,10.1212,10.1559,10.1917,10.23,10.2737,10.3296,10.4147,10.5712,10.9063,11.6979,13.6821,18.8508
9.54851,9.55925,9.57112,9.58419,9.59836,9.61356,9.62974,9.64681,9.66467,9.68322,9.7023,9.72169,9.74104,9.75971,9.77662,9.79209,9.82594,9.85523,9.88324,9.91083,9.93838,9.96605,9.99391,10.022,10.0503,10.0786,10.1069,10.1346,10.1608,10.1833,10.2004,10.2404,10.2759,10.31,10.3436,10.3771,10.4106,10.4443,10.4784,10.5131,10.5489,10.5872,10.6308,10.6867,10.7719,10.9285,11.2639,12.0563,14.043,19.2198
9.92803,9.93839,9.94994,9.96269,9.97655,9.99147,10.0074,10.0242,10.0418,10.0601,10.0789,10.0981,10.1171,10.1354,10.1512,10.161,10.2004,10.2302,10.2583,10.2858,10.3132,10.3408,10.3685,10.3965,10.4247,10.4529,10.4811,10.5087,10.5347,10.5562,10.5668,10.6131,10.6492,10.6835,10.7171,10.7506,10.7841,10.8178,10.8518,10.8864,10.9222,10.9605,11.0041,11.0599,11.1451,11.3018,11.6374,12.4306,14.4193,19.6027
10.3244,10.3346,10.346,10.3587,10.3724,10.3873,10.4031,10.4198,10.4373,10.4555,10.4743,10.4933,10.5123,10.5305,10.5458,10.5458,10.5951,10.625,10.6531,10.6806,10.708,10.7355,10.7632,10.7912,10.8193,10.8475,10.8756,10.9032,10.9291,10.9503,10.9503,11.0071,11.0435,11.0778,11.1115,11.1449,11.1784,11.212,11.2461,11.2807,11.3165,11.3547,11.3983,11.4542,11.5393,11.696,12.0318,12.8252,14.8146,20.0001
