SPACE_POINTS_X
50,51.5039,52.9672,54.3912,55.777,57.1258,58.4387,59.7168,60.9613,62.173,63.3531,64.5025,65.6222,66.7132,67.7763,68.8124,69.8224,70.8072,71.7675,72.7042,73.6181,74.5099,75.3804,76.2302,77.0602,77.8709,78.6632,79.4376,80.1947,80.9354,81.66,82.3693,83.0639,83.7442,84.411,85.0647,85.706,86.3352,86.9531,87.56,88.1565,88.7431,89.3202,89.8885,90.4482,91,91.5442,92.0814,92.6119,93.1363,93.6549,94.1682,94.6766,95.1806,95.6805,96.1768,96.67,97.1603,97.6483,98.1342,98.6187,99.1019,99.5845,100.067,100.549,101.032,101.515,102,102.486,102.975,103.466,103.96,104.457,104.958,105.463,105.973,106.488,107.008,107.534,108.066,108.605,109.152,109.706,110.268,110.838,111.418,112.007,112.607,113.217,113.838,114.47,115.115,115.772,116.442,117.127,117.825,118.539,119.268,120.013,120.775,121.554,122.351,123.167,124.003,124.858,125.734,126.632,127.552,128.496,129.463,130.454,131.471,132.515,133.586,134.684,135.812,136.97,138.159,139.379,140.633,141.921,143.243,144.602,145.999,147.433,148.908,150.423,151.981,153.582,155.228,156.92,158.659,160.448,162.288,164.179,166.124,168.125,170.183,172.299,174.476,176.715,179.018,181.388,183.826,186.333,188.913,191.568,194.299,197.109,200
SPACE_POINTS_Y
0,0.00225896,0.0045379,0.00685694,0.0092366,0.0116979,0.0142626,0.0169534,0.0197941,0.0228097,0.026027,0.0294743,0.0331822,0.0371834,0.0415133,0.0462101,0.0513154,0.0568744,0.0629361,0.0695541,0.076787,0.0846987,0.093359,0.102845,0.113239,0.124635,0.137133,0.150842,0.165885,0.182395,0.200517,0.220411,0.242254,0.266238,0.292575,0.321499,0.353265,0.388154,0.426473,0.468563,0.514794,0.565577,0.621359,0.682633,0.749942,0.823879,0.9051,0.994322,1.09233,1.2
VALUES
0,0,0,0,0,0,0,0,0,0,0,0,0,0,0,0,0,0,0,0,0,0,0,0,0,0,0,0,0,0,0,0,0,0,0,0,0,0,0,0,0,0,0,0,0,0,0,0,0,0
0.141222,0.142952,0.144717,0.146559,0.148478,0.150495,0.152624,0.154886,0.157301,0.15989,0.162678,0.16569,0.168954,0.1725,0.17636,0.18057,0.185166,0.190189,0.195681,0.201689,0.208261,0.21545,0.223309,0.231896,0.241269,0.251491,0.262622,0.274726,0.287862,0.302091,0.317469,0.334045,0.351864,0.37096,0.391357,0.413067,0.436084,0.460388,0.485941,0.512682,0.54053,0.569384,0.599114,0.629568,0.660712,0.692861,0.701369,0.962055,-1.12143,51.5039
0.270137,0.274122,0.27811,0.282199,0.286398,0.290753,0.295303,0.300088,0.305154,0.310545,0.316311,0.322504,0.32918,0.3364,0.344228,0.352732,0.361988,0.372075,0.383078,0.395088,0.408201,0.42252,0.438154,0.455214,0.473818,0.494087,0.516144,0.54011,0.566109,0.594257,0.624664,0.657431,0.692646,0.730376,0.770668,0.813546,0.859002,0.906995,0.95745,1.01025,1.06523,1.12219,1.18089,1.241,1.30247,1.3664,1.3791,1.92447,-2.3415,52.9672
0.396505,0.402608,0.408715,0.414963,0.421369,0.428002,0.43492,0.442183,0.449857,0.45801,0.466715,0.47605,0.486096,0.496942,0.508684,0.521423,0.535269,0.550338,0.566757,0.584659,0.604186,0.62549,0.64873,0.674072,0.701688,0.731758,0.764462,0.799981,0.838496,0.88018,0.925196,0.973693,1.0258,1.08161,1.14121,1.20463,1.27185,1.34282,1.41742,1.49548,1.57677,1.66099,1.74777,1.83665,1.92751,2.0227,2.03576,2.87901,-3.29655,54.3912
0.52414,0.532266,0.540402,0.548722,0.557251,0.566079,0.575282,0.58494,0.595141,0.605973,0.617532,0.629919,0.643243,0.65762,0.673174,0.690038,0.708355,0.728279,0.749973,0.773613,0.799383,0.827483,0.858119,0.891509,0.927878,0.96746,1.01049,1.05721,1.10785,1.16265,1.2218,1.28551,1.35395,1.42726,1.50551,1.58877,1.67702,1.77017,1.8681,1.97056,2.07726,2.18782,2.30173,2.4184,2.53763,2.66345,2.67358,3.81804,-4.03637,55.777
0.655361,0.665441,0.675535,0.685855,0.696435,0.707384,0.718797,0.730773,0.743419,0.756844,0.771168,0.786514,0.803016,0.820817,0.840069,0.860936,0.883592,0.908226,0.935038,0.964243,0.996068,1.03075,1.06856,1.10974,1.15458,1.20337,1.25639,1.31393,1.37628,1.44373,1.51652,1.59491,1.67909,1.76924,1.86547,1.96784,2.07633,2.19085,2.31123,2.43719,2.56836,2.70426,2.8443,2.98774,3.13428,3.29,3.29451,4.73696,-4.6005,57.1258
0.791695,0.80367,0.815666,0.827927,0.840496,0.853503,0.867059,0.881283,0.8963,0.912241,0.929246,0.947461,0.967045,0.988165,1.011,1.03575,1.06261,1.0918,1.12357,1.15816,1.19585,1.23691,1.28164,1.33035,1.38338,1.44105,1.5037,1.57167,1.64531,1.72494,1.81086,1.90336,2.00269,2.10903,2.22252,2.34324,2.47118,2.60621,2.74815,2.89667,3.05133,3.21158,3.37672,3.54587,3.71865,3.90345,3.9002,5.63317,-5.02052,58.4387
0.934153,0.947974,0.961822,0.975972,0.990477,1.00549,1.02112,1.03753,1.05485,1.07324,1.09285,1.11385,1.13642,1.16076,1.18707,1.21557,1.24651,1.28012,1.31669,1.35649,1.39984,1.44705,1.49847,1.55445,1.61537,1.68159,1.75352,1.83154,1.91602,2.00736,2.10589,2.21194,2.32579,2.44765,2.5777,2.71602,2.86258,3.01727,3.17986,3.34999,3.52716,3.71075,3.89995,4.09375,4.29166,4.50468,4.49199,6.50543,-5.32183,59.7168
1.08338,1.099,1.11466,1.13065,1.14704,1.164,1.18167,1.20021,1.21977,1.24053,1.26266,1.28637,1.31184,1.3393,1.36898,1.40113,1.436,1.47389,1.5151,1.55994,1.60876,1.66191,1.71978,1.78277,1.85128,1.92574,2.00659,2.09425,2.18916,2.29172,2.40234,2.52137,2.64913,2.78587,2.93176,3.0869,3.25128,3.42477,3.60711,3.79791,3.99661,4.20252,4.41474,4.63214,4.85408,5.09444,5.07103,7.35336,-5.52495,60.9613
1.23975,1.25714,1.27456,1.29235,1.31058,1.32944,1.34909,1.3697,1.39144,1.41451,1.4391,1.46543,1.49372,1.52422,1.55716,1.59284,1.63153,1.67356,1.71924,1.76895,1.82304,1.88193,1.94602,2.01575,2.09157,2.17395,2.26336,2.36028,2.46517,2.5785,2.7007,2.83215,2.97322,3.12416,3.28518,3.4564,3.6378,3.82924,4.03044,4.24097,4.46024,4.68747,4.92169,5.16164,5.40653,5.6733,5.63822,8.17711,-5.64661,62.173
1.40346,1.42256,1.44171,1.46125,1.48128,1.502,1.52357,1.54619,1.57006,1.59537,1.62236,1.65124,1.68226,1.71569,1.7518,1.79089,1.83328,1.87931,1.92933,1.98373,2.04292,2.10732,2.1774,2.25362,2.33646,2.42645,2.52407,2.62987,2.74433,2.86796,3.00123,3.14456,3.29832,3.46283,3.6383,3.82485,4.02248,4.23104,4.45023,4.67959,4.91847,5.16604,5.42125,5.68271,5.94952,6.24175,6.19434,8.97721,-5.70046,63.3531
1.57451,1.59529,1.61613,1.63739,1.65917,1.68169,1.70514,1.72972,1.75565,1.78315,1.81245,1.84381,1.87749,1.91376,1.95294,1.99534,2.0413,2.09119,2.14539,2.20432,2.26842,2.33814,2.41398,2.49643,2.58603,2.6833,2.7888,2.9031,3.02672,3.1602,3.30404,3.4587,3.6246,3.80204,3.99128,4.19245,4.40555,4.63041,4.86674,5.11402,5.37159,5.63855,5.91377,6.19576,6.48344,6.8002,6.74,9.75437,-5.69776,64.5025
1.75283,1.77525,1.79773,1.82065,1.84414,1.86842,1.89369,1.92018,1.94812,1.97774,2.0093,2.04306,2.07931,2.11834,2.16049,2.20608,2.2555,2.30912,2.36736,2.43065,2.49948,2.57431,2.65568,2.74412,2.84019,2.94446,3.05751,3.17993,3.3123,3.45519,3.60913,3.77461,3.95207,4.14184,4.34419,4.55928,4.78709,5.02748,5.28012,5.54447,5.81983,6.10525,6.39953,6.70108,7.00864,7.34899,7.27574,10.5094,-5.64779,65.6222
1.93823,1.96225,1.98632,2.01088,2.03602,2.06201,2.08906,2.1174,2.14729,2.17897,2.21271,2.24879,2.28753,2.32924,2.37425,2.42294,2.47568,2.5329,2.59503,2.66253,2.7359,2.81566,2.90234,2.99653,3.0988,3.20977,3.33003,3.46023,3.60097,3.75284,3.91641,4.0922,4.28066,4.48218,4.69701,4.92534,5.16716,5.42231,5.69046,5.97104,6.26334,6.56633,6.87875,7.19891,7.5254,7.88842,7.80195,11.2433,-5.55828,66.7132
2.13046,2.15604,2.18167,2.2078,2.23456,2.26221,2.29098,2.32112,2.35289,2.38657,2.42242,2.46076,2.50191,2.54619,2.59398,2.64565,2.70161,2.7623,2.82817,2.89972,2.97746,3.06194,3.15373,3.25342,3.36164,3.47901,3.60618,3.74381,3.89253,4.05297,4.22572,4.41132,4.61027,4.82295,5.04966,5.29058,5.54571,5.81489,6.09779,6.3938,6.70219,7.02189,7.35158,7.68946,8.03395,8.41873,8.31901,11.9569,-5.43566,67.7763
2.32924,2.35632,2.38346,2.41113,2.43945,2.46871,2.49915,2.53103,2.56464,2.60024,2.63814,2.67866,2.72213,2.7689,2.81936,2.87391,2.93297,2.99699,3.06647,3.14191,3.22385,3.31286,3.40954,3.51451,3.62842,3.75192,3.88569,4.03041,4.18674,4.35535,4.53684,4.73179,4.94072,5.16402,5.40201,5.65489,5.92268,6.20519,6.5021,6.81278,7.13646,7.47204,7.81814,8.17288,8.53448,8.94013,8.82723,12.6511,-5.28533,68.8124
2.53422,2.56276,2.59137,2.62052,2.65036,2.68118,2.71324,2.74681,2.78217,2.81964,2.85952,2.90214,2.94785,2.99703,3.05007,3.10738,3.16942,3.23666,3.3096,3.38877,3.47474,3.5681,3.66947,3.77949,3.89884,4.0282,4.16827,4.31975,4.48334,4.65973,4.84954,5.0534,5.2718,5.5052,5.75392,6.01816,6.29796,6.59314,6.90335,7.22795,7.56617,7.91685,8.27855,8.64933,9.0272,9.45286,9.32685,13.3268,-5.11181,69.8224
2.74505,2.77501,2.80504,2.83563,2.86693,2.89926,2.93287,2.96807,3.00515,3.04441,3.0862,3.13084,3.17872,3.23021,3.28573,3.34571,3.41061,3.48094,3.5572,3.63996,3.72979,3.82731,3.93317,4.04802,4.17257,4.30752,4.4536,4.61154,4.78205,4.96584,5.16358,5.37589,5.60331,5.8463,6.1052,6.38024,6.67144,6.97863,7.30148,7.63932,7.99134,8.35636,8.73288,9.1189,9.51223,9.95708,9.81812,13.9847,-4.91893,70.8072
2.96136,2.99269,3.02409,3.05607,3.08879,3.12257,3.15769,3.19446,3.23318,3.27418,3.3178,3.3644,3.41435,3.46807,3.52597,3.58851,3.65617,3.72946,3.80891,3.8951,3.98863,4.09014,4.20028,4.31976,4.44927,4.58956,4.74138,4.90546,5.08256,5.2734,5.47868,5.69902,5.93501,6.18712,6.45568,6.74096,7.04299,7.3616,7.69643,8.04682,8.41195,8.79058,9.18122,9.58171,9.98975,10.4529,10.3012,14.6258,-4.70993,71.7675
3.18278,3.21543,3.24816,3.28147,3.31554,3.35073,3.3873,3.42558,3.46589,3.50856,3.55394,3.60242,3.65438,3.71023,3.77042,3.83542,3.90572,3.98184,4.06435,4.15383,4.2509,4.35622,4.47047,4.59436,4.72861,4.87399,5.03127,5.20121,5.38458,5.58213,5.79456,6.02255,6.26667,6.52743,6.80517,7.10017,7.41248,7.74191,8.08813,8.45044,8.82802,9.21959,9.62362,10.0379,10.4599,10.9406,10.7764,15.2508,-4.48755,72.7042
3.4089,3.44283,3.47686,3.51151,3.54678,3.58336,3.62133,3.66106,3.70289,3.74716,3.79425,3.84453,3.8984,3.95631,4.0187,4.08605,4.15888,4.23773,4.32316,4.41579,4.51624,4.6252,4.74337,4.87147,5.01024,5.16047,5.32296,5.49847,5.68781,5.89174,6.11098,6.34622,6.59808,6.86703,7.15349,7.45772,7.77977,8.11947,8.47649,8.85012,9.2395,9.64336,10.0601,10.4875,10.9227,11.4203,11.2437,15.8604,-4.2541,73.6181
3.63908,3.67414,3.7092,3.74642,3.78206,3.82008,3.8594,3.90053,3.94382,3.98963,4.03834,4.09035,4.14607,4.20594,4.27044,4.34005,4.4153,4.49675,4.58498,4.68061,4.7843,4.89674,5.01864,5.15076,5.29384,5.4487,5.61613,5.79696,5.99197,6.20196,6.42767,6.6698,6.92899,7.20574,7.50047,7.81344,8.14475,8.49419,8.86145,9.24582,9.64642,10.062,10.4908,10.9306,11.3784,11.8922,11.7034,16.4552,-4.01156,74.5099
3.88157,3.91428,3.93635,3.98776,4.02105,4.06051,4.10113,4.1436,4.1883,4.23559,4.28586,4.33953,4.39701,4.45877,4.52527,4.59704,4.67461,4.75855,4.84945,4.94796,5.05474,5.1705,5.29596,5.4319,5.5791,5.73836,5.91051,6.09638,6.29678,6.51253,6.74438,6.99305,7.2592,7.54335,7.84592,8.1672,8.50728,8.86597,9.24295,9.6375,10.0488,10.4754,10.9157,11.3673,11.8271,12.3563,12.1557,17.0359,-3.76183,75.3804
3.88157,4.31008,4.13024,4.23409,4.26382,4.30432,4.34618,4.38994,4.43598,4.48469,4.53645,4.5917,4.65088,4.71443,4.78287,4.8567,4.93649,5.0228,5.11625,5.2175,5.32723,5.44615,5.57501,5.7146,5.8657,6.02915,6.20579,6.39646,6.60199,6.82321,7.06089,7.31578,7.58853,7.8797,8.18971,8.51885,8.86726,9.23472,9.62092,10.0251,10.4465,10.8837,11.3349,11.7977,12.2689,12.8129,12.6006,17.6031,-3.50299,75.3804
4.35937,4.39418,4.42521,4.4707,4.50993,4.55119,4.59421,4.6392,4.68653,4.73658,4.78978,4.84655,4.90733,4.97261,5.04289,5.11869,5.20059,5.28917,5.38506,5.48893,5.60147,5.7234,5.8555,5.99856,6.15338,6.32081,6.50172,6.69695,6.90734,7.13376,7.37698,7.63777,7.91678,8.21461,8.53167,8.86829,9.22459,9.60037,9.99533,10.4087,10.8397,11.2868,11.7484,12.222,12.704,13.2621,13.0384,18.1574,-3.24091,77.0602
4.59736,4.63685,4.67616,4.71721,4.7583,4.80076,4.8449,4.89106,4.93961,4.99096,5.04553,5.10374,5.16607,5.23299,5.30503,5.38271,5.46663,5.55737,5.65559,5.76194,5.87716,6.00197,6.13714,6.2835,6.44186,6.61309,6.79804,6.9976,7.21263,7.44398,7.69246,7.95883,8.2438,8.54794,8.87169,9.2154,9.57919,9.96287,10.3661,10.7882,11.2283,11.685,12.1564,12.6401,13.1324,13.704,13.4691,18.6993,-2.97731,77.8709
4.84434,4.8849,4.92555,4.96696,5.00917,5.05271,5.09793,5.14521,5.19494,5.24752,5.30339,5.36299,5.42679,5.49528,5.56899,5.64847,5.7343,5.82711,5.92754,6.03627,6.15403,6.28157,6.41968,6.56918,6.73091,6.90573,7.09454,7.29822,7.51763,7.75366,8.00713,8.27881,8.56942,8.87955,9.20964,9.56007,9.93096,10.3221,10.7333,11.1637,11.6124,12.0781,12.5589,13.0523,13.5543,14.1389,13.8931,19.2294,-2.71132,78.6632
5.09363,5.13514,5.17674,5.21902,5.26222,5.30677,5.35302,5.40137,5.45222,5.50598,5.5631,5.62401,5.68921,5.7592,5.8345,5.91569,6.00336,6.09813,6.20066,6.31166,6.43184,6.56198,6.70288,6.85536,7.02029,7.19853,7.391,7.59858,7.82216,8.06264,8.32084,8.59756,8.89352,9.20933,9.54544,9.90225,10.2799,10.6782,11.0968,11.5351,11.992,12.4663,12.956,13.4585,13.9698,14.5669,14.3103,19.7481,-2.44326,79.4376
5.34494,5.38735,5.42985,5.47304,5.51717,5.56267,5.6099,5.65928,5.7112,5.76608,5.82438,5.88655,5.95308,6.02449,6.10132,6.18414,6.27354,6.37018,6.47472,6.58786,6.71035,6.84296,6.98651,7.14183,7.3098,7.49129,7.68723,7.89852,8.12606,8.37076,8.63345,8.91494,9.21597,9.53718,9.87901,10.2419,10.6259,11.0309,11.4567,11.9024,12.3672,12.8496,13.3478,13.8591,14.3792,14.9881,14.7209,20.2559,-2.17392,80.1947
5.59805,5.64133,5.68469,5.72874,5.77376,5.82016,5.86833,5.91868,5.97162,6.02757,6.087,6.15036,6.21817,6.29093,6.36921,6.45357,6.54463,6.64305,6.74949,6.86468,6.98936,7.12432,7.27039,7.42841,7.59926,7.78384,7.98307,8.19788,8.42917,8.67787,8.94483,9.23084,9.5367,9.86301,10.2103,10.5789,10.9689,11.3804,11.8129,12.2657,12.7379,13.228,13.7343,14.2539,14.7824,15.4028,15.1253,20.7534,-1.90386,80.9354
5.85275,5.89684,5.94102,5.9859,6.03176,6.07903,6.12809,6.17936,6.23326,6.29023,6.35073,6.41524,6.48425,6.55831,6.63796,6.72379,6.81643,6.91653,7.02478,7.14191,7.26868,7.40587,7.55433,7.71491,7.88849,8.076,8.27835,8.49651,8.73137,8.98386,9.25486,9.54517,9.8556,10.1868,10.5391,10.9132,11.309,11.7266,12.1655,12.625,13.1043,13.6018,14.1157,14.6433,15.1798,15.8111,15.5234,21.2407,-1.63355,81.66
6.10882,6.15368,6.19864,6.24431,6.29097,6.33905,6.38896,6.44111,6.49593,6.55387,6.61539,6.68097,6.75114,6.82642,6.90737,6.99461,7.08874,7.19045,7.30042,7.41939,7.54813,7.68744,7.83817,8.00118,8.17737,8.36765,8.57298,8.7943,9.03254,9.28863,9.56346,9.85785,10.1726,10.5084,10.8656,11.2448,11.6462,12.0695,12.5145,12.9804,13.4664,13.9709,14.4921,15.0272,15.5714,16.2132,15.9154,21.7185,-1.36339,82.3693
6.36604,6.41165,6.45735,6.50376,6.55118,6.60005,6.65076,6.70375,6.75944,6.8183,6.88079,6.9474,7.01866,7.0951,7.1773,7.26586,7.36141,7.46465,7.57625,7.69697,7.82759,7.9689,8.12178,8.2871,8.46575,8.65867,8.86682,9.09114,9.33258,9.59209,9.87055,10.1688,10.4877,10.8278,11.1897,11.5738,11.9803,12.4091,12.8599,13.3319,13.8243,14.3355,14.8636,15.4059,15.9573,16.6092,16.3016,22.1872,-1.09371,83.0639
6.62426,6.67058,6.71698,6.7641,6.81224,6.86184,6.91332,6.9671,7.02363,7.08336,7.14677,7.21436,7.28665,7.36419,7.44757,7.53739,7.6343,7.73897,7.85212,7.97451,8.1069,8.25013,8.40505,8.57255,8.75354,8.94896,9.15978,9.38695,9.63143,9.89418,10.1761,10.478,10.8008,11.145,11.5113,11.9001,12.3116,12.7456,13.2018,13.6796,14.1781,14.6956,15.2304,15.7795,16.3378,16.9994,16.6822,22.6471,-0.824809,83.7442
6.88333,6.9303,6.97738,7.02517,7.074,7.1243,7.1765,7.23104,7.28835,7.34891,7.41319,7.4817,7.55497,7.63357,7.71806,7.80907,7.90726,8.0133,8.12793,8.25188,8.38597,8.531,8.68786,8.85743,9.04064,9.23843,9.45179,9.68165,9.92901,10.1948,10.48,10.7854,11.1119,11.4601,11.8305,12.2237,12.6399,13.0788,13.5403,14.0236,14.5278,15.0514,15.5925,16.1481,16.7131,17.384,17.0572,23.0986,-0.556919,84.411
7.14309,7.1907,7.2384,7.28684,7.33632,7.38729,7.44018,7.49542,7.55348,7.61482,7.67993,7.74932,7.82353,7.90311,7.98866,8.08081,8.18021,8.28756,8.40357,8.52902,8.6647,8.81145,8.97014,9.14167,9.327,9.52703,9.74278,9.9752,10.2253,10.494,10.7823,11.091,11.421,11.7729,12.1473,12.5447,12.9653,13.409,13.8755,14.364,14.8737,15.403,15.9501,16.512,17.0832,17.763,17.4268,23.5421,-0.2902,85.0647
7.40344,7.45165,7.49996,7.549,7.59909,7.65069,7.70423,7.76015,7.81892,7.881,7.9469,8.01711,8.0922,8.17273,8.25928,8.3525,8.45305,8.56162,8.67896,8.80582,8.94302,9.09139,9.25181,9.42522,9.61253,9.81469,10.0327,10.2676,10.5202,10.7917,11.083,11.3948,11.7281,12.0836,12.4618,12.8631,13.2879,13.7361,14.2073,14.7008,15.2157,15.7506,16.3034,16.8712,17.4484,18.1368,17.7914,23.9778,-0.0248283,85.706
7.66428,7.71306,7.76193,7.81154,7.86221,7.91441,7.96857,8.02513,8.08457,8.14736,8.21399,8.285,8.36092,8.44233,8.52984,8.62408,8.72571,8.83546,8.95404,9.08224,9.22086,9.37078,9.53285,9.70801,9.89721,10.1014,10.3216,10.5587,10.8139,11.088,11.382,11.6968,12.0333,12.3921,12.7738,13.179,13.6078,14.0602,14.536,15.0342,15.5541,16.0942,16.6525,17.2259,17.8088,18.5055,18.151,24.4063,0.239102,86.3352
7.92552,7.97484,8.02425,8.0744,8.12562,8.17838,8.23312,8.2903,8.35037,8.41382,8.48115,8.5529,8.62962,8.71187,8.80028,8.89547,8.99814,9.10898,9.22875,9.35822,9.4982,9.64957,9.8132,9.99004,10.181,10.3871,10.6093,10.8487,11.1061,11.3827,11.6794,11.997,12.3365,12.6985,13.0836,13.4924,13.925,14.3815,14.8615,15.3642,15.8889,16.434,16.9975,17.5763,18.1646,18.8693,18.5058,24.8278,0.501498,86.9531
8.18711,8.23692,8.28684,8.3375,8.38924,8.44254,8.49783,8.55558,8.61625,8.68033,8.74833,8.82078,8.89824,8.9813,9.07055,9.16666,9.2703,9.38218,9.50306,9.63373,9.775,9.92774,10.0929,10.2713,10.4639,10.6718,10.896,11.1374,11.3971,11.676,11.9752,12.2955,12.6378,13.0028,13.3912,13.8034,14.2397,14.7,15.184,15.6911,16.2202,16.7701,17.3386,17.9226,18.5161,19.2284,18.8561,25.2426,0.7623,87.56
8.44899,8.49928,8.54968,8.60082,8.65304,8.70685,8.76266,8.82095,8.88218,8.94686,9.01548,9.0886,9.16677,9.25057,9.34063,9.4376,9.54216,9.65503,9.77697,9.90877,10.0513,10.2053,10.3718,10.5517,10.746,10.9556,11.1816,11.425,11.6867,11.9679,12.2694,12.5923,12.9373,13.3052,13.6966,14.1121,14.5517,15.0157,15.5037,16.0148,16.5483,17.1028,17.676,18.2649,18.8633,19.5831,19.202,25.6511,1.02149,88.1565
8.71112,8.76187,8.81274,8.86434,8.91696,8.97128,9.02758,9.08637,9.14814,9.21338,9.2826,9.35634,9.43517,9.51969,9.61051,9.70829,9.81372,9.92752,10.0505,10.1833,10.327,10.4822,10.6501,10.8314,11.0272,11.2384,11.4661,11.7114,11.9751,12.2584,12.5622,12.8874,13.235,13.6056,13.9999,14.4185,14.8615,15.329,15.8206,16.3356,16.8732,17.432,18.0097,18.6034,19.2066,19.9334,19.5437,26.0537,1.27904,88.7431
8.97337,9.02458,9.07595,9.12817,9.18099,9.2358,9.29257,9.35185,9.41412,9.47988,9.54966,9.624,9.70346,9.78865,9.88018,9.97873,10.085,10.1997,10.3235,10.4574,10.6021,10.7586,10.9277,11.1103,11.3075,11.5203,11.7497,11.9966,12.2623,12.5475,12.8535,13.181,13.531,13.9042,14.3013,14.7228,15.169,15.6397,16.1349,16.6536,17.1952,17.7581,18.3401,18.9383,19.546,20.2797,19.8814,26.4505,1.535,89.3202
9.23547,9.28705,9.33877,9.39255,9.44513,9.50044,9.55764,9.61737,9.68012,9.74638,9.81669,9.89158,9.97164,10.0575,10.1497,10.2489,10.356,10.4715,10.5962,10.7311,10.8768,11.0344,11.2046,11.3885,11.5871,11.8013,12.0322,12.2809,12.5483,12.8355,13.1434,13.4731,13.8254,14.2011,14.6008,15.0251,15.4742,15.9482,16.4467,16.9689,17.5143,18.0811,18.6673,19.2698,19.8818,20.6222,20.2153,26.842,1.78942,89.8885
9.49936,9.55002,9.59884,9.65785,9.70941,9.76519,9.82281,9.88297,9.94616,10.0129,10.0837,10.1591,10.2397,10.3261,10.419,10.5189,10.6267,10.743,10.8686,11.0043,11.151,11.3096,11.481,11.6661,11.866,12.0816,12.3139,12.5641,12.8332,13.1222,13.4321,13.7639,14.1183,14.4964,14.8985,15.3255,15.7774,16.2544,16.7561,17.2818,17.8306,18.4013,18.9915,19.598,20.2142,20.9611,20.5457,27.2286,2.04221,90.4482
9.78529,9.82946,9.85062,9.92392,9.97396,10.0301,10.0881,10.1487,10.2123,10.2795,10.3507,10.4266,10.5078,10.5947,10.6882,10.7888,10.8972,11.0143,11.1407,11.2772,11.4249,11.5844,11.7568,11.9431,12.1442,12.361,12.5948,12.8465,13.1172,13.4079,13.7196,14.0533,14.4098,14.7901,15.1946,15.6241,16.0788,16.5585,17.0633,17.5922,18.1445,18.7188,19.3128,19.9232,20.5434,21.2965,20.8727,27.6099,2.29247,91
9.78529,10.2062,10.0972,10.1887,10.2389,10.2952,10.3536,10.4145,10.4785,10.5461,10.6178,10.6942,10.7758,10.8633,10.9573,11.0585,11.1676,11.2853,11.4125,11.5499,11.6984,11.8588,12.0322,12.2196,12.4218,12.6399,12.875,13.1281,13.4002,13.6925,14.006,14.3415,14.7,15.0824,15.4892,15.9211,16.3783,16.8608,17.3685,17.9005,18.456,19.0338,19.6314,20.2456,20.8696,21.6287,21.1965,27.9874,2.54576,91
10.3085,10.3525,10.3858,10.4506,10.504,10.5605,10.6192,10.6805,10.7449,10.8129,10.885,10.9618,11.0439,11.1319,11.2265,11.3282,11.4379,11.5563,11.6841,11.8223,11.9716,12.1329,12.3073,12.4956,12.6989,12.9181,13.1545,13.4089,13.6825,13.9763,14.2914,14.6286,14.9891,15.3734,15.7824,16.2165,16.6762,17.1613,17.6718,18.2067,18.7654,19.3464,19.9475,20.5654,21.193,21.9578,21.5174,28.3607,2.7925,92.0814
10.5545,10.6069,10.6573,10.7146,10.7694,10.8262,10.8852,10.9468,11.0116,11.0799,11.1524,11.2296,11.3122,11.4006,11.4957,11.598,11.7082,11.8272,11.9557,12.0946,12.2446,12.4068,12.582,12.7713,12.9756,13.1959,13.4334,13.6891,13.964,14.2593,14.5759,14.9149,15.2771,15.6633,16.0743,16.5106,16.9726,17.4602,17.9733,18.5111,19.0728,19.6569,20.2613,20.8827,21.5138,22.2842,21.8356,28.7296,3.04061,92.6119
10.8177,10.8712,10.9245,10.9797,11.0351,11.0923,11.1516,11.2135,11.2785,11.3472,11.4201,11.4977,11.5806,11.6695,11.765,11.8678,11.9786,12.0982,12.2273,12.3668,12.5176,12.6805,12.8566,13.0467,13.252,13.4734,13.712,13.9688,14.245,14.5417,14.8598,15.2003,15.5642,15.9522,16.3651,16.8035,17.2677,17.7577,18.2733,18.8138,19.3783,19.9655,20.5731,21.1977,21.8322,22.608,22.1514,29.0952,3.28658,93.1363
11.0831,11.1368,11.1907,11.2456,11.3013,11.3588,11.4184,11.4806,11.5459,11.6149,11.6881,11.7661,11.8494,11.9387,12.0347,12.1379,12.2492,12.3693,12.499,12.6392,12.7906,12.9543,13.1311,13.3221,13.5282,13.7506,13.9902,14.2482,14.5256,14.8235,15.143,15.485,15.8504,16.2402,16.6549,17.0953,17.5616,18.0538,18.5719,19.115,19.6821,20.2723,20.8829,21.5107,22.1484,22.9296,22.4647,29.4577,3.53136,93.6549
11.3491,11.4031,11.4572,11.5121,11.5682,11.6259,11.6857,11.7482,11.8138,11.8831,11.9566,12.0349,12.1186,12.2083,12.3047,12.4084,12.5201,12.6407,12.771,12.9117,13.0637,13.2281,13.4056,13.5974,13.8044,14.0277,14.2683,14.5273,14.8059,15.105,15.4258,15.7692,16.1361,16.5275,16.944,17.3863,17.8546,18.3489,18.8693,19.4148,19.9846,20.5775,21.1911,21.8219,22.4626,23.249,22.7758,29.817,3.77525,94.1682
11.6158,11.67,11.7243,11.7794,11.8357,11.8936,11.9537,12.0165,12.0824,12.1519,12.2257,12.3044,12.3884,12.4784,12.5751,12.6792,12.7914,12.9125,13.0432,13.1845,13.3372,13.5021,13.6803,13.8729,14.0807,14.3048,14.5463,14.8064,15.086,15.3862,15.7083,16.053,16.4214,16.8143,17.2324,17.6765,18.1467,18.6431,19.1657,19.7135,20.2859,20.8814,21.4977,22.1316,22.7751,23.5666,23.0852,30.1738,4.01838,94.6766
11.8833,11.9377,11.9923,12.0476,12.104,12.1622,12.2225,12.2855,12.3516,12.4215,12.4955,12.5744,12.6587,12.7491,12.8462,12.9507,13.0633,13.1848,13.316,13.4578,13.611,13.7765,13.9554,14.1486,14.3571,14.5821,14.8245,15.0854,15.3661,15.6674,15.9906,16.3365,16.7063,17.1007,17.5204,17.9661,18.4382,18.9366,19.4612,20.0113,20.586,21.1841,21.8031,22.4398,23.0861,23.8825,23.3931,30.5282,4.26085,95.1806
12.1519,12.2065,12.2612,12.3167,12.3733,12.4317,12.4922,12.5554,12.6218,12.6918,12.7661,12.8453,12.9299,13.0206,13.118,13.2228,13.3358,13.4577,13.5894,13.7316,13.8853,14.0514,14.2309,14.4247,14.634,14.8597,15.1029,15.3647,15.6463,15.9487,16.2729,16.6201,16.9912,17.3869,17.8081,18.2554,18.7293,19.2295,19.7561,20.3083,20.8853,21.4858,22.1074,22.7468,23.3959,24.197,23.6997,30.8806,4.5027,95.6805
12.4216,12.4763,12.5312,12.5869,12.6437,12.7023,12.763,12.8263,12.8929,12.9632,13.0377,13.1172,13.202,13.293,13.3907,13.4958,13.6092,13.7315,13.8635,14.0062,14.1604,14.327,14.507,14.7015,14.9114,15.1377,15.3817,15.6444,15.9269,16.2302,16.5554,16.9037,17.2761,17.6731,18.0957,18.5446,19.02,19.5219,20.0505,20.6048,21.184,21.7869,22.411,23.053,23.7048,24.5105,24.0051,31.2311,4.74397,96.1768
12.6925,12.7475,12.8025,12.8583,12.9153,12.974,13.0349,13.0985,13.1652,13.2357,13.3105,13.3901,13.4752,13.5664,13.6644,13.7698,13.8835,14.0061,14.1386,14.2816,14.4363,14.6034,14.7839,14.9789,15.1894,15.4165,15.6611,15.9246,16.2079,16.5121,16.8383,17.1877,17.5611,17.9594,18.3834,18.8337,19.3107,19.8143,20.3448,20.901,21.4824,22.0875,22.714,23.3586,24.0128,24.823,24.3093,31.5797,4.98473,96.67
12.9649,13.02,13.0752,13.1312,13.1883,13.2471,13.3082,13.3719,13.4388,13.5095,13.5845,13.6643,13.7496,13.8411,13.9393,14.045,14.159,14.2819,14.4147,14.5582,14.7132,14.8807,15.0617,15.2573,15.4684,15.696,15.9413,16.2055,16.4896,16.7946,17.1218,17.4721,17.8466,18.2461,18.6713,19.123,19.6016,20.1069,20.6391,21.1972,21.7806,22.3878,23.0166,23.6634,24.32,25.1344,24.6123,31.9266,5.22509,97.1603
13.2389,13.2941,13.3495,13.4057,13.4627,13.5218,13.583,13.6468,13.7139,13.7847,13.8599,13.9399,14.0254,14.1171,14.2156,14.3215,14.4358,14.559,14.6921,14.8359,14.9913,15.1592,15.3407,15.5367,15.7483,15.9765,16.2225,16.4873,16.7721,17.078,17.406,17.7573,18.1328,18.5334,18.9599,19.4129,19.8929,20.3997,20.9336,21.4934,22.0786,22.6878,23.3186,23.9675,24.6261,25.4446,24.9141,32.2717,5.46559,97.6483
13.5143,13.5696,13.6252,13.6821,13.7389,13.7982,13.8595,13.9235,13.9907,14.0616,14.137,14.2171,14.3028,14.3947,14.4934,14.5996,14.7141,14.8376,14.971,15.1151,15.2708,15.4391,15.6209,15.8174,16.0295,16.2582,16.5047,16.7702,17.0557,17.3623,17.6912,18.0433,18.4199,18.8215,19.2491,19.7033,20.1845,20.6926,21.228,21.7893,22.3761,22.9872,23.6198,24.2709,24.9314,25.7542,25.2155,32.617,5.70758,98.1342
13.7916,13.8468,13.9018,13.9609,14.017,14.0764,14.1378,14.2019,14.2693,14.3404,14.4158,14.4962,14.582,14.674,14.7729,14.8793,14.994,15.1178,15.2514,15.3958,15.5518,15.7205,15.9027,16.0996,16.3121,16.5413,16.7884,17.0544,17.3406,17.6478,17.9774,18.3303,18.7076,19.1101,19.5386,19.9939,20.4762,20.9856,21.5223,22.0853,22.6739,23.2869,23.9218,24.5753,25.2385,26.066,25.5197,32.9657,5.9527,98.6187
14.0751,14.1281,14.1773,14.2422,14.2972,14.3567,14.4182,14.4824,14.5499,14.6211,14.6967,14.7772,14.8632,14.9553,15.0544,15.1609,15.2759,15.3998,15.5337,15.6784,15.8346,16.0036,16.1862,16.3834,16.5963,16.8259,17.0734,17.34,17.6266,17.9344,18.2646,18.6183,18.9965,19.4,19.8295,20.2861,20.7699,21.281,21.8197,22.3849,22.9758,23.5915,24.2292,24.8856,25.5519,26.3844,25.8309,33.3204,6.19997,99.1019
14.385,14.431,14.449,14.5258,14.5797,14.6393,14.7009,14.7652,14.8327,14.9041,14.9797,15.0603,15.1465,15.2388,15.3379,15.4447,15.5598,15.6839,15.818,15.9629,16.1194,16.2887,16.4715,16.6691,16.8824,17.1125,17.3605,17.6277,17.915,18.2237,18.5548,18.9096,19.289,19.6938,20.1248,20.5829,21.0683,21.5812,22.1218,22.6887,23.2815,23.8989,24.5382,25.1963,25.864,26.6996,26.1368,33.6651,6.43422,99.5845
14.385,14.811,14.7232,14.8106,14.8648,14.9243,14.986,15.0504,15.118,15.1894,15.2652,15.3459,15.4321,15.5245,15.6239,15.7307,15.846,15.9703,16.1046,16.2496,16.4064,16.5759,16.759,16.9569,17.1705,17.4008,17.6492,17.9166,18.2041,18.5129,18.8442,19.199,19.5783,19.9828,20.4135,20.8711,21.3559,21.868,22.4076,22.9734,23.5651,24.1813,24.8193,25.476,26.1421,26.9779,26.4025,33.9683,6.64594,99.5845
14.9518,14.9964,15.0283,15.0964,15.1526,15.2121,15.2738,15.3383,15.406,15.4774,15.5533,15.634,15.7204,15.8129,15.9123,16.0193,16.1347,16.2591,16.3935,16.5388,16.6958,16.8654,17.0488,17.247,17.4609,17.6916,17.9404,18.2084,18.4966,18.8062,19.1386,19.4945,19.8753,20.2816,20.7143,21.1743,21.662,22.1772,22.7203,23.2901,23.8862,24.5071,25.1503,25.8125,26.4844,27.328,26.7482,34.3623,6.9458,100.549
15.2199,15.2743,15.3253,15.3861,15.4433,15.5028,15.5645,15.629,15.6968,15.7683,15.8442,15.925,16.0114,16.104,16.2035,16.3106,16.4261,16.5507,16.6852,16.8306,16.9878,17.1576,17.3412,17.5396,17.7537,17.9847,18.2338,18.502,18.7905,19.1004,19.433,19.7892,20.1702,20.5767,21.0097,21.4699,21.9578,22.4734,23.017,23.5873,24.184,24.8058,25.4501,26.1137,26.7869,27.6341,27.0459,34.7035,7.17678,101.032
15.5108,15.5663,15.6214,15.6795,15.7371,15.7966,15.8584,15.9229,15.9907,16.0623,16.1382,16.2191,16.3055,16.3982,16.4978,16.6049,16.7205,16.8452,16.9798,17.1253,17.2826,17.4526,17.6364,17.8349,18.0493,18.2806,18.5299,18.7985,19.0874,19.3978,19.7309,20.0876,20.4692,20.8765,21.3102,21.7712,22.2598,22.7763,23.3207,23.8919,24.4895,25.1122,25.7573,26.4219,27.0957,27.9457,27.3481,35.0461,7.4135,101.515
15.8078,15.8635,15.9193,15.9765,16.0342,16.0938,16.1556,16.2202,16.288,16.3596,16.4355,16.5165,16.6029,16.6957,16.7952,16.9025,17.0181,17.1429,17.2776,17.4232,17.5806,17.7507,17.9346,18.1333,18.3479,18.5794,18.8289,19.0978,19.3871,19.6978,20.0313,20.3885,20.7707,21.1786,21.613,22.0748,22.5644,23.0819,23.6274,24.1998,24.7987,25.4228,26.0694,26.7352,27.4105,28.2636,27.657,35.3951,7.66096,102
16.1088,16.1646,16.2204,16.2773,16.3351,16.3947,16.4565,16.5211,16.5889,16.6605,16.7365,16.8174,16.9039,16.9966,17.0963,17.2035,17.3191,17.444,17.5788,17.7244,17.8819,18.0521,18.2362,18.435,18.6497,18.8813,19.1311,19.4003,19.6897,20.0007,20.3346,20.6922,21.0749,21.4833,21.9183,22.3808,22.8713,23.3896,23.9362,24.5098,25.1101,25.7355,26.3836,27.0511,27.7279,28.5847,27.969,35.7485,7.9134,102.486
16.4137,16.4694,16.5253,16.582,16.6399,16.6995,16.7613,16.8258,16.8936,16.9652,17.0412,17.1221,17.2086,17.3014,17.401,17.5083,17.6239,17.7488,17.8836,18.0293,18.1868,18.3572,18.5412,18.7402,18.955,19.1868,19.4367,19.7061,19.9958,20.307,20.6412,20.9992,21.3823,21.7912,22.2268,22.6899,23.1811,23.7002,24.2477,24.8223,25.4237,26.0505,26.7,27.3691,28.0474,28.9076,28.283,36.1044,8.16752,102.975
16.7228,16.7785,16.8343,16.891,16.9488,17.0084,17.0702,17.1347,17.2025,17.2741,17.35,17.4309,17.5174,17.6101,17.7098,17.8171,17.9327,18.0576,18.1924,18.3381,18.4957,18.666,18.8501,19.0491,19.2641,19.496,19.746,20.0155,20.3054,20.6169,20.9514,21.3097,21.6931,22.1024,22.5385,23.0022,23.494,24.0139,24.5622,25.1379,25.7402,26.3682,27.0191,27.6895,28.369,29.2329,28.5992,36.4626,8.42276,103.466
17.0364,17.092,17.1478,17.2044,17.2622,17.3218,17.3835,17.448,17.5158,17.5873,17.6632,17.7441,17.8306,17.9233,18.0229,18.1301,18.2457,18.3706,18.5054,18.6511,18.8087,18.979,19.1632,19.3622,19.5771,19.8091,20.0593,20.3289,20.6189,20.9306,21.2653,21.6238,22.0076,22.4173,22.8539,23.3181,23.8105,24.331,24.8802,25.4566,26.06,26.6891,27.341,28.0127,28.6935,29.5608,28.9177,36.8234,8.67965,103.96
17.3548,17.4104,17.4661,17.5227,17.5804,17.6399,17.7016,17.766,17.8338,17.9053,17.9811,18.062,18.1484,18.241,18.3406,18.4478,18.5633,18.6881,18.8229,18.9686,19.1261,19.2964,19.4806,19.6796,19.8945,20.1265,20.3768,20.6464,20.9366,21.2484,21.5832,21.942,22.3261,22.7361,23.1731,23.6377,24.1307,24.6519,25.2018,25.7791,26.3834,27.0134,27.6666,28.3395,29.0213,29.892,29.2392,37.1872,8.93884,104.457
17.6782,17.7338,17.7895,17.846,17.9036,17.9631,18.0247,18.0891,18.1567,18.2281,18.304,18.3847,18.4711,18.5636,18.6631,18.7703,18.8858,19.0105,19.1452,19.2909,19.4483,19.6186,19.8027,20.0016,20.2166,20.4486,20.6988,20.9685,21.2587,21.5706,21.9056,22.2646,22.6488,23.0592,23.4965,23.9616,24.4549,24.9767,25.5273,26.1053,26.7105,27.3414,27.9957,28.6698,29.3526,30.2266,29.564,37.5544,9.2009,104.958
18.007,18.0625,18.1182,18.1748,18.2321,18.2915,18.3531,18.4174,18.485,18.5563,18.6321,18.7128,18.799,18.8915,18.9909,19.0979,19.2134,19.338,19.4726,19.6182,19.7755,19.9457,20.1297,20.3286,20.5435,20.7754,21.0257,21.2954,21.5856,21.8975,22.2326,22.5917,22.9762,23.3867,23.8243,24.2897,24.7836,25.3059,25.857,26.4358,27.0417,27.6736,28.3289,29.004,29.6879,30.565,29.8925,37.9255,9.46611,105.463
18.3411,18.3966,18.4523,18.5095,18.5663,18.6257,18.6872,18.7514,18.8189,18.8901,18.9658,19.0464,19.1325,19.2249,19.3242,19.4311,19.5464,19.6709,19.8054,19.9509,20.1081,20.2782,20.4621,20.6609,20.8757,21.1075,21.3577,21.6273,21.9175,22.2294,22.5646,22.9237,23.3083,23.7191,24.1569,24.6226,25.1169,25.6396,26.1912,26.7706,27.3774,28.0102,28.6663,29.3423,30.0273,30.9075,30.2248,38.3012,9.73469,105.973
18.6812,18.7362,18.7911,18.8508,18.9064,18.9658,19.0272,19.0913,19.1587,19.2298,19.3054,19.3858,19.4719,19.5641,19.6633,19.7701,19.8853,20.0096,20.144,20.2893,20.4464,20.6163,20.8001,20.9987,21.2134,21.4451,21.6951,21.9647,22.2549,22.5668,22.9019,23.261,23.6457,24.0566,24.4945,24.9605,25.4551,25.9782,26.5303,27.1103,27.7177,28.3513,29.0082,29.6853,30.3713,31.2545,30.5615,38.6813,10.0068,106.488
19.0326,19.0847,19.1321,19.199,19.2529,19.3123,19.3736,19.4375,19.5048,19.5758,19.6512,19.7316,19.8174,19.9096,20.0086,20.1152,20.2302,20.3544,20.4886,20.6338,20.7907,20.9604,21.144,21.3425,21.5569,21.7885,22.0384,22.3078,22.5979,22.9098,23.2448,23.6039,23.9886,24.3995,24.8376,25.3037,25.7986,26.3221,26.8746,27.4551,28.0631,28.6973,29.3551,30.0331,30.7198,31.6062,30.9025,39.0663,10.2824,107.008
19.4215,19.4643,19.4717,19.554,19.6063,19.6654,19.7266,19.7904,19.8575,19.9284,20.0037,20.0839,20.1696,20.2615,20.3604,20.4668,20.5817,20.7057,20.8397,20.9846,21.1413,21.3109,21.4942,21.6925,21.9067,22.1381,22.3878,22.657,22.947,23.2587,23.5936,23.9526,24.3373,24.7482,25.1864,25.6526,26.1477,26.6713,27.2243,27.8053,28.4138,29.0488,29.7073,30.386,31.0733,31.9627,31.2483,39.4562,10.5608,107.534
19.4215,19.9499,19.8177,19.9142,19.9667,20.0256,20.0866,20.1503,20.2172,20.288,20.3631,20.4431,20.5286,20.6204,20.7191,20.8253,20.9399,21.0637,21.1975,21.3422,21.4987,21.668,21.8511,22.0491,22.2631,22.4943,22.7437,23.0127,23.3024,23.614,23.9487,24.3076,24.6922,25.1031,25.5412,26.0076,26.5028,27.0266,27.5799,28.1613,28.7702,29.4057,30.0649,30.7444,31.4322,32.3248,31.5992,39.8524,10.8488,107.534
20.1428,20.184,20.2093,20.2796,20.3346,20.3931,20.454,20.5175,20.5843,20.6549,20.7298,20.8096,20.895,20.9865,21.085,21.191,21.3054,21.4289,21.5625,21.7069,21.8631,22.0321,22.215,22.4127,22.6264,22.8573,23.1065,23.3752,23.6647,23.976,24.3105,24.6692,25.0537,25.4645,25.9025,26.3689,26.864,27.3881,27.9417,28.5232,29.1326,29.7687,30.4284,31.1085,31.7969,32.6924,31.9555,40.2546,11.1341,108.605
20.4914,20.5444,20.5936,20.6542,20.7101,20.7685,20.8292,20.8925,20.9591,21.0295,21.1042,21.1838,21.269,21.3603,21.4585,21.5643,21.6784,21.8017,21.9349,22.0791,22.235,22.4037,22.5862,22.7836,22.997,23.2275,23.4764,23.7448,24.034,24.345,24.6793,25.0377,25.422,25.8326,26.2706,26.7369,27.2321,27.7562,28.3099,28.8916,29.5013,30.1379,30.7981,31.4788,32.1677,33.0661,32.3176,40.6625,11.428,109.152
20.8727,20.9269,20.9806,21.0376,21.0938,21.1521,21.2125,21.2757,21.3421,21.4123,21.4867,21.5661,21.651,21.7421,21.8401,21.9456,22.0594,22.1824,22.3153,22.4591,22.6147,22.7831,22.9652,23.1623,23.3753,23.6055,23.854,24.122,24.4108,24.7215,25.0554,25.4136,25.7976,26.208,26.6458,27.1119,27.6071,28.1313,28.6849,29.267,29.8769,30.5138,31.1744,31.8556,32.5449,33.4464,32.6858,41.0775,11.7257,109.706
21.2658,21.32,21.3743,21.4299,21.4861,21.5442,21.6044,21.6674,21.7336,21.8035,21.8778,21.9569,22.0416,22.1324,22.23,22.3352,22.4488,22.5714,22.704,22.8475,23.0027,23.1707,23.3524,23.5491,23.7617,23.9914,24.2395,24.5071,24.7955,25.1059,25.4393,25.7972,26.1809,26.591,27.0285,27.4945,27.9895,28.5135,29.0673,29.6495,30.2595,30.8967,31.5576,32.2393,32.9287,33.8332,33.0603,41.4998,12.0283,110.268
21.6682,21.7222,21.7763,21.8314,21.8875,21.9453,22.0054,22.0681,22.1341,22.2037,22.2777,22.3566,22.441,22.5315,22.6288,22.7337,22.8469,22.9692,23.1014,23.2445,23.3993,23.5669,23.7482,23.9444,24.1565,24.3858,24.6334,24.9006,25.1885,25.4984,25.8314,26.1889,26.5721,26.9819,27.4192,27.8849,28.3797,28.9037,29.4574,30.0395,30.6496,31.2869,31.9483,32.6302,33.32,34.2272,33.4415,41.9296,12.3363,110.838
22.0801,22.1338,22.1877,22.2424,22.2983,22.3559,22.4157,22.4782,22.5439,22.6133,22.687,22.7656,22.8497,22.9399,23.0369,23.1414,23.2542,23.3762,23.508,23.6506,23.805,23.9721,24.153,24.3486,24.5603,24.7891,25.0361,25.3028,25.5902,25.8996,26.2322,26.5891,26.9719,27.3813,27.8181,28.2835,28.7781,29.3018,29.8553,30.4374,31.0476,31.685,32.3465,33.0287,33.7186,34.6286,33.8299,42.3674,12.6499,111.418
22.5019,22.5554,22.609,22.6635,22.719,22.7765,22.836,22.8982,22.9636,23.0328,23.1062,23.1845,23.2682,23.358,23.4547,23.5588,23.6713,23.7927,23.9241,24.0663,24.2202,24.3868,24.5672,24.7623,24.9734,25.2016,25.4481,25.7141,26.001,26.3098,26.6419,26.9982,27.3806,27.7894,28.2259,28.6908,29.185,29.7084,30.2617,30.8437,31.4538,32.0912,32.7528,33.4353,34.1251,35.038,34.2258,42.8135,12.9696,112.007
22.934,22.9873,23.0408,23.095,23.1501,23.2073,23.2666,23.3285,23.3937,23.4625,23.5356,23.6135,23.6969,23.7864,23.8827,23.9864,24.0984,24.2194,24.3503,24.492,24.6454,24.8115,24.9912,25.1858,25.3963,25.6239,25.8698,26.1352,26.4214,26.7296,27.061,27.4168,27.7985,28.2067,28.6427,29.1071,29.601,30.1241,30.677,31.2588,31.8687,32.5061,33.1677,33.8501,34.5399,35.4555,34.6293,43.2685,13.2954,112.607
23.3768,23.4298,23.4832,23.5378,23.592,23.6491,23.708,23.7697,23.8345,23.903,23.9757,24.0533,24.1363,24.2254,24.3212,24.4245,24.5361,24.6566,24.787,24.9282,25.081,25.2465,25.4257,25.6196,25.8295,26.0564,26.3016,26.5663,26.8518,27.1592,27.4901,27.8452,28.2262,28.6338,29.0692,29.533,30.0264,30.5489,31.1015,31.6829,32.2927,32.9299,33.5914,34.2738,34.9635,35.8818,35.0413,43.7331,13.6277,113.217
23.8304,23.8829,23.9356,23.9926,24.0453,24.1021,24.1608,24.2221,24.2865,24.3547,24.4271,24.5043,24.5869,24.6756,24.771,24.8738,24.9848,25.1049,25.2347,25.3753,25.5275,25.6924,25.8709,26.0642,26.2734,26.4995,26.744,27.0079,27.2927,27.5994,27.9295,28.2838,28.6641,29.071,29.5056,29.9689,30.4616,30.9837,31.5357,32.1169,32.7262,33.3631,34.0244,34.7069,35.3961,36.3172,35.4618,44.2071,13.9668,113.838
24.3,24.3493,24.3942,24.4606,24.5104,24.567,24.6253,24.6863,24.7504,24.8182,24.8902,24.967,25.0492,25.1374,25.2323,25.3346,25.4452,25.5646,25.6939,25.8339,25.9855,26.1497,26.3275,26.52,26.7284,26.9538,27.1974,27.4606,27.7445,28.0505,28.3796,28.7332,29.1126,29.5188,29.9526,30.4152,30.9071,31.4286,31.9802,32.5608,33.1697,33.8063,34.4673,35.1495,35.8382,36.762,35.8912,44.6919,14.3127,114.47
24.8238,24.8598,24.8507,24.9418,24.9881,25.0442,25.1022,25.1629,25.2266,25.294,25.3655,25.4419,25.5236,25.6114,25.7058,25.8076,25.9176,26.0365,26.1651,26.3044,26.4553,26.6188,26.7959,26.9876,27.1952,27.4198,27.6625,27.9248,28.2078,28.5129,28.8412,29.1938,29.5724,29.9776,30.4107,30.8724,31.3636,31.8843,32.4352,33.0152,33.6236,34.2597,34.9203,35.6022,36.2903,37.2168,36.3301,45.1866,14.6646,115.115
24.8238,25.5544,25.3121,25.433,25.4789,25.5344,25.5921,25.6523,25.7156,25.7826,25.8537,25.9296,26.0109,26.0981,26.192,26.2933,26.4026,26.5209,26.6488,26.7875,26.9376,27.1003,27.2766,27.4675,27.6743,27.8979,28.1398,28.4011,28.6832,28.9872,29.3145,29.6662,30.0438,30.448,30.8802,31.3409,31.8313,32.3512,32.9013,33.4806,34.0884,34.7238,35.384,36.0654,36.7529,37.6821,36.7787,45.6931,15.0299,115.115
25.8104,25.8452,25.8602,25.9326,25.9832,26.0381,26.0953,26.1551,26.2181,26.2846,26.3553,26.4307,26.5114,26.5981,26.6914,26.7921,26.9008,27.0184,27.1457,27.2835,27.4329,27.5948,27.7703,27.9603,28.1661,28.3888,28.6296,28.8899,29.171,29.4739,29.8002,30.1509,30.5273,30.9305,31.3616,31.8214,32.3108,32.8298,33.379,33.9574,34.5644,35.1993,35.8589,36.5397,37.2263,38.1582,37.2376,46.2115,15.3963,116.442
26.2964,26.3458,26.3916,26.4492,26.5013,26.5558,26.6126,26.672,26.7345,26.8005,26.8707,26.9456,27.0258,27.1119,27.2047,27.3047,27.4127,27.5296,27.6561,27.7932,27.9418,28.1028,28.2773,28.4664,28.6712,28.8929,29.1327,29.3919,29.6718,29.9737,30.2988,30.6483,31.0236,31.4257,31.8557,32.3144,32.8026,33.3205,33.8688,34.4463,35.0525,35.6866,36.3454,37.0255,37.7112,38.6457,37.7073,46.7414,15.7743,117.127
26.8284,26.8787,26.9288,26.9817,27.034,27.0882,27.1445,27.2035,27.2655,27.331,27.4007,27.4751,27.5547,27.6402,27.7323,27.8316,27.939,28.0551,28.1808,28.3171,28.4648,28.6249,28.7984,28.9865,29.1903,29.4109,29.6495,29.9076,30.1863,30.4869,30.8108,31.159,31.5332,31.934,32.3627,32.8202,33.3072,33.824,34.3712,34.9477,35.553,36.1861,36.8439,37.5233,38.2078,39.1451,38.188,47.285,16.1596,117.825
27.3784,27.4284,27.4786,27.53,27.582,27.6358,27.6917,27.7501,27.8116,27.8767,27.9458,28.0196,28.0986,28.1835,28.2749,28.3735,28.4801,28.5955,28.7204,28.8557,29.0025,29.1616,29.3342,29.5212,29.7238,29.9432,30.1807,30.4375,30.7149,31.0143,31.3368,31.6837,32.0565,32.456,32.8833,33.3396,33.8253,34.3408,34.8869,35.4622,36.0663,36.6982,37.3553,38.0336,38.7168,39.6566,38.6803,47.8419,16.5536,118.539
27.9444,27.994,28.0437,28.0943,28.146,28.1993,28.2547,28.3126,28.3736,28.4381,28.5067,28.5798,28.6582,28.7425,28.8332,28.931,29.0368,29.1513,29.2754,29.4098,29.5556,29.7137,29.8851,30.071,30.2724,30.4907,30.7268,30.9823,31.2584,31.5564,31.8775,32.223,32.5943,32.9923,33.4183,33.8731,34.3574,34.8715,35.4162,35.9902,36.5931,37.2238,37.8797,38.5569,39.2388,40.1811,39.1847,48.4127,16.9566,119.268
28.5269,28.576,28.6252,28.6753,28.7265,28.7793,28.8342,28.8916,28.952,29.016,29.0839,29.1565,29.2342,29.3177,29.4077,29.5048,29.6097,29.7234,29.8464,29.9799,30.1246,30.2817,30.452,30.6366,30.8368,31.0537,31.2885,31.5426,31.8173,32.1138,32.4333,32.7773,33.147,33.5435,33.968,34.4212,34.904,35.4165,35.9598,36.5324,37.1339,37.7633,38.4179,39.0939,39.7741,40.719,39.7017,48.9981,17.369,120.013
29.1267,29.1753,29.224,29.2736,29.3242,29.3765,29.4309,29.4877,29.5476,29.6109,29.6783,29.7501,29.8272,29.91,29.9991,30.0954,30.1995,30.3122,30.4343,30.5667,30.7103,30.8662,31.0353,31.2187,31.4175,31.6331,31.8664,32.1191,32.3922,32.6871,33.005,33.3474,33.7154,34.1102,34.5331,34.9846,35.4657,35.9767,36.5183,37.0893,37.6893,38.3172,38.9703,39.645,40.3232,41.2708,40.2317,49.599,17.7911,120.775
29.7445,29.7925,29.8407,29.8898,29.9399,29.9917,30.0455,30.1017,30.161,30.2237,30.2903,30.3615,30.4378,30.5198,30.6082,30.7036,30.8067,30.9184,31.0395,31.1708,31.3133,31.468,31.6358,31.8178,32.0153,32.2294,32.4612,32.7123,32.9837,33.277,33.5932,33.9338,34.3001,34.6931,35.1141,35.5638,36.0432,36.5523,37.0923,37.6616,38.2599,38.886,39.5377,40.2107,40.887,41.8372,40.7752,50.2157,18.2231,121.554
30.381,30.4285,30.4761,30.5246,30.5742,30.6254,30.6786,30.7342,30.7929,30.8549,30.9209,30.9913,31.0669,31.148,31.2355,31.33,31.4322,31.5429,31.6629,31.7931,31.9344,32.0877,32.2542,32.4348,32.6308,32.8433,33.0735,33.323,33.5927,33.8841,34.1986,34.5373,34.9017,35.2928,35.7119,36.1597,36.6372,37.1444,37.6824,38.2498,38.8463,39.4706,40.1205,40.7918,41.4659,42.4186,41.3329,50.849,18.6655,122.351
31.037,31.0839,31.1309,31.1788,31.2278,31.2784,31.331,31.386,31.444,31.5053,31.5706,31.6403,31.715,31.7953,31.8819,31.9755,32.0766,32.1862,32.3051,32.4341,32.5741,32.7261,32.8911,33.0703,33.2647,33.4756,33.7042,33.9518,34.2197,34.5093,34.8218,35.1585,35.5209,35.91,36.327,36.7729,37.2481,37.7533,38.2893,38.8547,39.4491,40.0714,40.7194,41.3888,42.0604,43.0158,41.9049,51.4997,19.1184,123.167
31.7132,31.7595,31.8059,31.8532,31.9016,31.9516,32.0035,32.0578,32.1151,32.1757,32.2402,32.3091,32.383,32.4625,32.5481,32.6406,32.7407,32.8492,32.9669,33.0946,33.2333,33.3839,33.5474,33.725,33.9178,34.1269,34.3538,34.5995,34.8655,35.1532,35.4635,35.7982,36.1585,36.5454,36.9602,37.4037,37.8768,38.3798,38.9136,39.4768,40.069,40.6892,41.335,42.0023,42.6714,43.6291,42.4923,52.1684,19.5822,124.003
32.4104,32.456,32.5019,32.5485,32.5961,32.6455,32.6968,32.7505,32.807,32.8669,32.9306,32.9987,33.0717,33.1502,33.2348,33.3263,33.4253,33.5326,33.649,33.7754,33.9127,34.0618,34.2238,34.3997,34.5908,34.7981,35.023,35.2669,35.5308,35.8163,36.1246,36.457,36.815,37.1996,37.6121,38.0534,38.524,39.0246,39.556,40.1168,40.7067,41.3245,41.968,42.6329,43.2992,44.2595,43.0954,52.8559,20.0573,124.858
33.1292,33.1743,33.2196,33.2658,33.3123,33.3612,33.4117,33.4647,33.5205,33.5795,33.6424,33.7096,33.7817,33.8593,33.9429,34.0333,34.1311,34.2372,34.3523,34.4773,34.6131,34.7606,34.921,35.0952,35.2845,35.4899,35.7128,35.9546,36.2164,36.4997,36.8057,37.1358,37.4914,37.8735,38.2835,38.7222,39.1904,39.6885,40.2172,40.7755,41.3628,41.9781,42.6191,43.2815,43.9444,44.9075,43.7147,53.5631,20.5438,125.734
33.8696,33.9141,33.9591,34.0066,34.0508,34.0992,34.1491,34.2013,34.2563,34.3146,34.3766,34.4429,34.514,34.5905,34.6731,34.7623,34.859,34.9638,35.0775,35.201,35.3353,35.4812,35.6398,35.8123,35.9996,36.2031,36.424,36.6635,36.9231,37.2041,37.5077,37.8353,38.1883,38.5678,38.9752,39.4113,39.8766,40.372,40.8979,41.4536,42.0382,42.6506,43.2889,43.9485,44.6081,45.5738,44.351,54.2909,21.0421,126.632
34.6343,34.6758,34.7147,34.7738,34.8125,34.8605,34.9097,34.9611,35.0153,35.0727,35.1339,35.1992,35.2693,35.3448,35.4262,35.5143,35.6097,35.7131,35.8254,35.9475,36.0801,36.2243,36.3812,36.5518,36.7371,36.9385,37.1572,37.3944,37.6517,37.9302,38.2312,38.5562,38.9065,39.2833,39.6879,40.1211,40.5836,41.0761,41.5991,42.1518,42.7334,43.3428,43.9781,44.6349,45.2907,46.2593,45.0047,55.0399,21.5526,127.552
35.4797,35.5009,35.4615,35.5697,35.5986,35.646,35.6944,35.745,35.7984,35.8549,35.9151,35.9795,36.0486,36.123,36.2033,36.2901,36.3841,36.4862,36.597,36.7175,36.8484,36.9909,37.1459,37.3145,37.4977,37.6969,37.9133,38.1482,38.4029,38.6789,38.9772,39.2995,39.647,40.0208,40.4224,40.8527,41.312,41.8014,42.3212,42.8708,43.4493,44.0555,44.6875,45.3413,45.993,46.9642,45.6765,55.8106,22.0741,128.496
35.4797,36.7518,36.1824,36.3867,36.4106,36.4566,36.5042,36.554,36.6065,36.6621,36.7213,36.7847,36.8527,36.9259,37.005,37.0905,37.1832,37.2838,37.3931,37.5119,37.6411,37.7817,37.9347,38.1012,38.2823,38.4793,38.6933,38.9257,39.1778,39.451,39.7465,40.0658,40.4104,40.7812,41.1797,41.6067,42.0628,42.5489,43.0655,43.6116,44.1866,44.7894,45.418,46.0682,46.7156,47.6896,46.3671,56.6053,22.6135,128.496
37.1197,37.1405,37.1371,37.2098,37.2486,37.2931,37.3398,37.3888,37.4403,37.495,37.5533,37.6156,37.6825,37.7545,37.8323,37.9165,38.0078,38.1069,38.2145,38.3316,38.459,38.5977,38.7487,38.9131,39.0918,39.2864,39.4979,39.7277,39.9771,40.2475,40.54,40.8563,41.1976,41.5652,41.9604,42.384,42.8367,43.3193,43.8322,44.3748,44.9462,45.5452,46.1702,46.8167,47.4594,48.4362,47.0769,57.4236,23.1609,130.454
37.9473,37.9869,38.0239,38.0713,38.1127,38.1565,38.2023,38.2504,38.301,38.3547,38.4119,38.4731,38.5389,38.6097,38.6862,38.769,38.8588,38.9563,39.0623,39.1776,39.3031,39.4398,39.5887,39.7508,39.9272,40.1193,40.3282,40.5552,40.8017,41.0691,41.3586,41.6717,42.0097,42.3739,42.7656,43.1856,43.6346,44.1135,44.6226,45.1614,45.7288,46.324,46.9449,47.5874,48.2252,49.2049,47.8068,58.2668,23.7226,131.471
38.842,38.8817,38.9215,38.9632,39.0047,39.0477,39.0926,39.1397,39.1894,39.2421,39.2982,39.3583,39.4229,39.4924,39.5676,39.6489,39.7372,39.8331,39.9374,40.0508,40.1744,40.309,40.4556,40.6154,40.7894,40.9788,41.185,41.4092,41.6527,41.9169,42.2032,42.513,42.8474,43.208,43.5961,44.0123,44.4575,44.9324,45.4375,45.9721,46.5355,47.1264,47.743,48.3813,49.0137,49.9964,48.5573,59.1366,24.2961,132.515
39.7667,39.8056,39.8447,39.8847,39.9255,39.9677,40.0117,40.0578,40.1065,40.1581,40.2132,40.2721,40.3354,40.4037,40.4774,40.5573,40.644,40.7382,40.8407,40.9522,41.0737,41.2061,41.3505,41.5079,41.6793,41.866,42.0693,42.2905,42.5309,42.7919,43.0748,43.381,43.7118,44.0686,44.4527,44.865,45.3062,45.7769,46.2777,46.8079,47.3668,47.9534,48.5654,49.1991,49.8256,50.8117,49.3293,60.0334,24.883,133.586
40.7211,40.7591,40.7973,40.8362,40.8762,40.9175,40.9605,41.0056,41.0533,41.1038,41.1577,41.2155,41.2775,41.3444,41.4167,41.4951,41.5801,41.6726,41.7732,41.8828,42.0022,42.1324,42.2743,42.4292,42.5979,42.7819,42.9822,43.2003,43.4373,43.6949,43.9743,44.2768,44.6038,44.9566,45.3367,45.7447,46.1816,46.6478,47.1441,47.6697,48.224,48.8057,49.4128,50.0418,50.662,51.6515,50.1234,60.9588,25.4836,134.684
41.7062,41.7434,41.7806,41.8187,41.8577,41.8981,41.9401,41.9842,42.0308,42.0803,42.133,42.1895,42.2502,42.3157,42.3865,42.4633,42.5467,42.6373,42.736,42.8435,42.9608,43.0886,43.2281,43.3803,43.5463,43.7273,43.9245,44.1394,44.3731,44.6271,44.9028,45.2014,45.5244,45.873,46.2488,46.6525,47.0847,47.5463,48.0378,48.5586,49.1078,49.6844,50.2865,50.9101,51.5237,52.5167,50.9403,61.9136,26.0977,135.812
42.7234,42.7596,42.7959,42.833,42.8711,42.9105,42.9515,42.9946,43.0401,43.0884,43.1399,43.1952,43.2545,43.3186,43.3879,43.463,43.5446,43.6334,43.7301,43.8355,43.9505,44.076,44.2129,44.3624,44.5255,44.7035,44.8975,45.1089,45.3392,45.5895,45.8612,46.1559,46.4746,46.8189,47.1901,47.5892,48.0167,48.4733,48.9598,49.4753,50.0193,50.5905,51.187,51.8051,52.4115,53.4083,51.7806,62.8995,26.7254,136.97
43.7736,43.8088,43.8442,43.8804,43.9174,43.9558,43.9959,44.0379,44.0823,44.1294,44.1797,44.2336,44.2916,44.3541,44.4219,44.4953,44.5751,44.662,44.7566,44.8599,44.9725,45.0955,45.2298,45.3765,45.5366,45.7114,45.9021,46.11,46.3366,46.583,46.8507,47.1411,47.4556,47.7953,48.1618,48.5559,48.9784,49.4298,49.9109,50.421,50.9594,51.5249,52.1155,52.7276,53.3264,54.3272,52.6452,63.9178,27.3669,138.159
44.8579,44.8922,44.9266,44.9618,44.9978,45.0352,45.0742,45.1151,45.1583,45.2042,45.2533,45.3058,45.3624,45.4234,45.4895,45.5613,45.6393,45.7242,45.8167,45.9177,46.0279,46.1483,46.2799,46.4236,46.5807,46.7522,46.9395,47.1438,47.3665,47.6089,47.8725,48.1585,48.4683,48.8033,49.1648,49.5538,49.9709,50.4169,50.8924,51.3967,51.9291,52.4885,53.073,53.6787,54.2694,55.2744,53.5349,64.9694,28.0218,139.379
45.9774,46.0107,46.0442,46.0783,46.1134,46.1497,46.1876,46.2274,46.2695,46.3141,46.3618,46.413,46.4681,46.5276,46.5921,46.662,46.7381,46.821,46.9114,47.01,47.1178,47.2355,47.3643,47.5051,47.659,47.8271,48.0108,48.2113,48.43,48.6683,48.9275,49.2089,49.5139,49.8439,50.2003,50.5838,50.9954,51.4357,51.9052,52.4034,52.9296,53.4824,54.0602,54.6595,55.2414,56.251,54.4502,66.0563,28.6904,140.633
47.1334,47.1656,47.1981,47.2312,47.2652,47.3005,47.3373,47.3759,47.4168,47.4602,47.5066,47.5564,47.61,47.6679,47.7306,47.7988,47.8729,47.9537,48.0418,48.1381,48.2433,48.3583,48.4842,48.6219,48.7725,48.9372,49.1171,49.3137,49.5283,49.7622,50.0169,50.2935,50.5936,50.9184,51.2693,51.6472,52.0529,52.4872,52.9505,53.4422,53.9616,54.5078,55.0785,55.6707,56.2434,57.258,55.3921,67.1797,29.3723,141.921
48.3269,48.3581,48.3895,48.4216,48.4545,48.4887,48.5243,48.5618,48.6015,48.6436,48.6886,48.737,48.789,48.8453,48.9063,48.9726,49.0447,49.1234,49.2093,49.3031,49.4057,49.5179,49.6408,49.7753,49.9225,50.0836,50.2597,50.4522,50.6626,50.892,51.142,51.4136,51.7085,52.0279,52.3731,52.7451,53.1448,53.5726,54.0293,54.5142,55.0268,55.5657,56.1289,56.7136,57.2765,58.2966,56.3612,68.3415,30.0672,143.243
49.5591,49.5893,49.6197,49.6507,49.6823,49.7155,49.75,49.7863,49.8247,49.8655,49.9092,49.956,50.0065,50.0612,50.1204,50.1848,50.2549,50.3313,50.4149,50.5062,50.6061,50.7155,50.8353,50.9665,51.1102,51.2676,51.4398,51.6281,51.8341,52.0588,52.3039,52.5704,52.8599,53.1736,53.5129,53.8787,54.272,54.6931,55.1429,55.6207,56.1258,56.657,57.2125,57.7894,58.3417,59.3677,57.3586,69.543,30.7748,144.602
50.8308,50.8601,50.8897,50.9206,50.9497,50.9822,51.0155,51.0506,51.0877,51.1272,51.1695,51.2148,51.2637,51.3167,51.3741,51.4365,51.5045,51.5788,51.6599,51.7486,51.8458,51.9523,52.0689,52.1967,52.3369,52.4904,52.6585,52.8426,53.0439,53.2639,53.5039,53.7651,54.0489,54.3568,54.6899,55.0492,55.4359,55.8499,56.2925,56.7628,57.2601,57.7833,58.3304,58.899,59.44,60.4727,58.3845,70.7865,31.4947,145.999
52.1417,52.1688,52.1949,52.2363,52.2577,52.2899,52.3221,52.3559,52.3918,52.4299,52.4707,52.5146,52.5619,52.613,52.6686,52.7291,52.795,52.8669,52.9456,53.0318,53.1261,53.2295,53.3429,53.4673,53.6038,53.7534,53.9173,54.0969,54.2935,54.5085,54.7432,54.9989,55.277,55.5787,55.9054,56.258,56.6375,57.0443,57.4794,57.9417,58.4308,58.9455,59.4838,60.0437,60.5726,61.6127,59.4403,72.0737,32.2266,147.433
53.5566,53.5577,53.4848,53.6084,53.6079,53.6398,53.671,53.7036,53.7381,53.7749,53.8142,53.8565,53.9022,53.9516,54.0053,54.0637,54.1275,54.1971,54.2733,54.3568,54.4482,54.5486,54.6587,54.7795,54.9122,55.0578,55.2174,55.3924,55.5842,55.794,56.0233,56.2732,56.5453,56.8407,57.1606,57.5062,57.8784,58.2775,58.7046,59.1586,59.6392,60.1449,60.674,61.2246,61.7406,62.7889,60.5264,73.4063,32.9687,148.908
53.5566,55.8533,54.6308,55.0279,55.0038,55.0335,55.0634,55.0948,55.128,55.1634,55.2013,55.242,55.286,55.3337,55.3854,55.4418,55.5034,55.5707,55.6443,55.725,55.8136,55.9108,56.0175,56.1347,56.2635,56.4049,56.5601,56.7304,56.9172,57.1217,57.3454,57.5894,57.8552,58.1439,58.457,58.7953,59.1598,59.5509,59.9696,60.4149,60.8864,61.3827,61.9021,62.443,62.9452,64.0027,61.6438,74.787,33.7268,148.908
56.3825,56.384,56.3611,56.4254,56.4457,56.4722,56.5008,56.5309,56.5628,56.5968,56.6332,56.6724,56.7147,56.7605,56.8104,56.8647,56.924,56.9889,57.06,57.1379,57.2235,57.3174,57.4207,57.5343,57.6591,57.7962,57.9469,58.1123,58.294,58.493,58.7109,58.9488,59.2081,59.49,59.7958,60.1264,60.483,60.8658,61.2756,61.7119,62.1739,62.6603,63.1693,63.7,64.1876,65.2553,62.7929,76.2178,34.4912,151.981
57.8333,57.8565,57.8782,57.9071,57.9314,57.9572,57.9845,58.0133,58.0439,58.0764,58.1113,58.1489,58.1895,58.2335,58.2814,58.3337,58.3907,58.4532,58.5216,58.5968,58.6793,58.77,58.8698,58.9795,59.1003,59.2331,59.379,59.5396,59.7159,59.9093,60.1212,60.3527,60.6054,60.8802,61.1785,61.5012,61.8495,62.2234,62.6242,63.0509,63.5029,63.9789,64.4771,64.9971,65.4692,66.5481,63.9747,77.7008,35.2602,153.582
59.372,59.3946,59.4173,59.4411,59.4649,59.4898,59.5159,59.5434,59.5726,59.6037,59.6371,59.6731,59.7119,59.7541,59.8,59.8502,59.9049,59.965,60.0308,60.103,60.1825,60.2699,60.366,60.4719,60.5885,60.7169,60.8581,61.0135,61.1844,61.3721,61.5778,61.8028,62.0485,62.3159,62.6064,62.9209,63.2605,63.6254,64.0166,64.4333,64.8748,65.3399,65.8268,66.3354,66.7907,67.8825,65.1899,79.2393,36.0351,155.228
60.9596,60.981,61.0026,61.0248,61.0476,61.0713,61.0962,61.1224,61.1503,61.18,61.2118,61.2462,61.2834,61.3237,61.3676,61.4156,61.4681,61.5256,61.5887,61.6581,61.7345,61.8185,61.911,62.013,62.1253,62.2491,62.3855,62.5357,62.701,62.8827,63.0821,63.3004,63.5389,63.7987,64.0812,64.3871,64.7177,65.0731,65.4542,65.8605,66.2911,66.7447,67.2196,67.7165,68.154,69.2603,66.4395,80.8356,36.8147,156.92
62.5973,62.6176,62.6381,62.6591,62.6808,62.7034,62.727,62.7519,62.7784,62.8067,62.837,62.8698,62.9052,62.9437,62.9856,63.0314,63.0816,63.1366,63.197,63.2635,63.3367,63.4173,63.5061,63.6041,63.7122,63.8313,63.9627,64.1075,64.2672,64.4428,64.6357,64.8471,65.0782,65.3301,65.6041,65.9012,66.2224,66.5679,66.9386,67.3341,67.7532,68.1948,68.6572,69.1417,69.5601,70.6825,67.7237,82.4926,37.5972,158.659
64.2869,64.3061,64.3255,64.3454,64.3659,64.3873,64.4097,64.4333,64.4585,64.4853,64.5141,64.5453,64.5789,64.6156,64.6555,64.6992,64.747,64.7995,64.8572,64.9207,64.9907,65.0678,65.1529,65.2469,65.3505,65.4649,65.5912,65.7306,65.8844,66.0538,66.2401,66.4444,66.6677,66.9115,67.1769,67.4648,67.7763,68.1116,68.4714,68.8554,69.2625,69.6915,70.1406,70.6123,71.0104,72.1512,69.0435,84.2134,38.38,160.448
66.0298,66.048,66.0663,66.0851,66.1044,66.1246,66.1458,66.1682,66.1919,66.2174,66.2447,66.2742,66.3061,66.3409,66.3788,66.4203,66.4658,66.5158,66.5707,66.6312,66.698,66.7716,66.853,66.9428,67.042,67.1516,67.2727,67.4065,67.5543,67.7174,67.8969,68.0938,68.3093,68.5447,68.8011,69.0794,69.3808,69.7054,70.0538,70.4259,70.8204,71.2364,71.6718,72.13,72.5062,73.6677,70.3992,86.0015,39.1606,162.288
67.8277,67.8447,67.8619,67.8796,67.8979,67.9169,67.9368,67.9579,67.9804,68.0043,68.0302,68.058,68.0883,68.1212,68.1571,68.1964,68.2395,68.287,68.3392,68.3967,68.4602,68.5303,68.6078,68.6935,68.7882,68.893,69.0088,69.1368,69.2785,69.4351,69.6076,69.797,70.0045,70.2311,70.4782,70.7467,71.0376,71.3511,71.6878,72.0474,72.4289,72.831,73.2518,73.696,74.0489,75.2337,71.7917,87.8606,39.9358,164.179
69.6819,69.6979,69.714,69.7306,69.7477,69.7656,69.7843,69.8042,69.8253,69.8479,69.8722,69.8984,69.9269,69.958,69.9919,70.029,70.0699,70.1147,70.1642,70.2187,70.279,70.3456,70.4192,70.5007,70.5908,70.6906,70.801,70.9232,71.0586,71.2086,71.374,71.5556,71.7548,71.9725,72.2101,72.4683,72.7483,73.0502,73.3746,73.7213,74.0892,74.4769,74.8824,75.3122,75.6399,76.8513,73.2211,89.7943,40.7025,166.124
71.5941,71.6091,71.6241,71.6396,71.6556,71.6724,71.6899,71.7085,71.7283,71.7495,71.7723,71.797,71.8238,71.853,71.8849,71.9199,71.9584,72.0007,72.0474,72.0989,72.1559,72.2189,72.2887,72.3659,72.4514,72.5461,72.651,72.7674,72.8964,73.0396,73.1977,73.3715,73.5621,73.7706,73.9982,74.2459,74.5146,74.8045,75.1162,75.4494,75.803,76.1754,76.5652,76.9797,77.2807,78.522,74.688,91.807,41.456,168.125
73.5659,73.5798,73.5938,73.6083,73.6232,73.6388,73.6552,73.6726,73.6911,73.7109,73.7322,73.7553,73.7804,73.8078,73.8377,73.8706,73.9067,73.9465,73.9905,74.039,74.0927,74.1522,74.218,74.2909,74.3717,74.4613,74.5607,74.6709,74.7934,74.9297,75.0804,75.2461,75.4279,75.6269,75.8445,76.0812,76.3381,76.6156,76.914,77.2332,77.5719,77.9288,78.3018,78.7006,78.9727,80.248,76.1927,93.9029,42.192,170.183
75.599,75.6119,75.6249,75.6383,75.6522,75.6667,75.6819,75.6981,75.7153,75.7337,75.7536,75.7752,75.7986,75.8242,75.8521,75.8829,75.9167,75.954,75.9952,76.0407,76.0911,76.1469,76.2089,76.2775,76.3537,76.438,76.5317,76.6357,76.7516,76.8809,77.024,77.1814,77.3542,77.5435,77.7504,77.9758,78.2207,78.4853,78.7699,79.0745,79.3976,79.7382,80.0937,80.4763,80.7173,82.0313,77.7355,96.0873,42.9054,172.299
77.6951,77.707,77.719,77.7314,77.7442,77.7576,77.7718,77.7867,77.8027,77.8198,77.8383,77.8583,77.8801,77.9039,77.9299,77.9585,77.99,78.0248,78.0633,78.1058,78.1529,78.2052,78.2632,78.3275,78.3988,78.478,78.5659,78.6635,78.7726,78.8948,79.0302,79.1792,79.3427,79.5219,79.718,79.9317,80.1642,80.4153,80.6855,80.975,81.2819,81.6055,81.9426,82.3086,82.516,83.8738,79.3165,98.3651,43.5897,174.476
79.8559,79.8669,79.8779,79.8893,79.9011,79.9135,79.9266,79.9404,79.9551,79.9709,79.988,80.0065,80.0267,80.0487,80.0728,80.0993,80.1286,80.1609,80.1966,80.2362,80.28,80.3286,80.3826,80.4426,80.5092,80.5831,80.665,80.7562,80.8582,80.9733,81.1009,81.2412,81.3952,81.5641,81.749,81.9505,82.1701,82.4074,82.6628,82.9364,83.2266,83.5322,83.8504,84.1992,84.3704,85.7778,80.9354,100.742,44.2386,176.715
82.0833,82.0934,82.1035,82.114,82.1248,82.1362,82.1481,82.1608,82.1743,82.1889,82.2046,82.2216,82.2402,82.2605,82.2828,82.3072,82.3342,82.364,82.3971,82.4336,82.4742,82.5192,82.5693,82.6249,82.6866,82.7552,82.8312,82.9156,83.0103,83.1183,83.2379,83.3694,83.5137,83.6719,83.8453,84.0344,84.2406,84.4634,84.7034,84.9607,85.2334,85.5205,85.8186,86.1499,86.2819,87.7459,82.5922,103.225,44.8438,179.018
84.3793,84.3885,84.3977,84.4072,84.4171,84.4275,84.4384,84.45,84.4623,84.4757,84.49,84.5056,84.5226,84.5412,84.5617,84.5842,84.6089,84.6363,84.6666,84.7002,84.7375,84.7789,84.825,84.8763,84.9331,84.9963,85.0662,85.1437,85.2308,85.3316,85.4433,85.5657,85.7001,85.8473,86.0088,86.1851,86.3774,86.5854,86.8094,87.0496,87.3041,87.5719,87.8492,88.1622,88.2518,89.7801,84.2863,105.819,45.3966,181.388
86.7458,86.7541,86.7625,86.7711,86.7801,86.7895,86.7994,86.8099,86.8212,86.8333,86.8463,86.8605,86.876,86.893,86.9116,86.9321,86.9547,86.9797,87.0073,87.0379,87.072,87.1098,87.1519,87.1987,87.2507,87.3083,87.3721,87.4425,87.5217,87.6154,87.719,87.8322,87.9563,88.0922,88.2415,88.4046,88.5825,88.7751,88.9826,89.205,89.4407,89.6884,89.9438,90.2386,90.2819,91.8833,86.0174,108.533,45.8867,183.826
89.1848,89.1923,89.1999,89.2077,89.2158,89.2243,89.2332,89.2427,89.2529,89.2638,89.2755,89.2884,89.3024,89.3177,89.3346,89.3532,89.3736,89.3962,89.4212,89.4489,89.4797,89.5138,89.5519,89.5943,89.6414,89.6936,89.7511,89.8142,89.8848,89.9716,90.067,90.1708,90.2843,90.4087,90.5454,90.6948,90.8579,91.0345,91.2248,91.4289,91.6449,91.8718,92.1043,92.3806,92.3735,94.0583,87.7843,111.375,46.3026,186.333
91.6987,91.7054,91.7122,91.7193,91.7265,91.7341,91.7421,91.7506,91.7597,91.7695,91.78,91.7914,91.8039,91.8177,91.8329,91.8496,91.8679,91.8881,91.9105,91.9353,91.9628,91.9934,92.0273,92.0652,92.1073,92.154,92.2053,92.2608,92.3221,92.4023,92.4894,92.5836,92.6863,92.7989,92.9226,93.0577,93.2056,93.3656,93.5382,93.7232,93.9187,94.1239,94.3326,94.5901,94.528,96.3078,89.5859,114.352,46.6323,188.913
94.2898,94.2958,94.3018,94.3081,94.3146,94.3214,94.3285,94.3361,94.3441,94.3527,94.362,94.3721,94.383,94.3951,94.4086,94.4236,94.4399,94.4578,94.4775,94.4993,94.5236,94.5505,94.5804,94.6138,94.6509,94.692,94.737,94.7849,94.8354,94.9096,94.9885,95.0728,95.1644,95.2646,95.375,95.4956,95.6277,95.7706,95.9247,96.0899,96.2642,96.4469,96.6305,96.8697,96.7464,98.6373,91.4163,117.48,46.8678,191.568
96.9607,96.966,96.9713,96.9769,96.9826,96.9886,96.9949,97.0015,97.0087,97.0162,97.0242,97.0328,97.0422,97.0525,97.0641,97.0778,97.0921,97.1077,97.1248,97.1436,97.1646,97.1877,97.2136,97.2424,97.2744,97.3099,97.3487,97.3892,97.4268,97.496,97.5664,97.6407,97.7209,97.8085,97.905,98.0105,98.1263,98.2514,98.3864,98.531,98.6833,98.8425,98.9995,99.2213,99.0271,101.058,93.2439,120.84,46.9249,194.299
99.7135,99.7181,99.7227,99.7273,99.7319,99.7367,99.7416,99.7467,99.7531,99.7592,99.7655,99.7721,99.7792,99.7866,99.7943,99.8065,99.8183,99.8306,99.8438,99.8583,99.8744,99.8923,99.9121,99.9341,99.9588,99.9861,100.016,100.048,100.065,100.125,100.183,100.242,100.305,100.373,100.449,100.531,100.622,100.719,100.824,100.937,101.055,101.177,101.292,101.486,101.181,103.427,94.697,124.677,45.3831,197.109
102.586,102.591,102.595,102.599,102.603,102.608,102.612,102.612,102.623,102.629,102.634,102.64,102.647,102.653,102.653,102.671,102.682,102.693,102.705,102.718,102.733,102.749,102.767,102.787,102.809,102.833,102.86,102.889,102.889,102.957,103.011,103.065,103.122,103.183,103.252,103.326,103.408,103.497,103.592,103.694,103.8,103.91,104.011,104.196,103.854,106.171,97.1365,127.911,46.8243,200
