SPACE_POINTS_X
50,51.5039,52.9672,54.3912,55.777,57.1258,58.4387,59.7168,60.9613,62.173,63.3531,64.5025,65.6222,66.7132,67.7763,68.8124,69.8224,70.8072,71.7675,72.7042,73.6181,74.5099,75.3804,76.2302,77.0602,77.8709,78.6632,79.4376,80.1947,80.9354,81.66,82.3693,83.0639,83.7442,84.411,85.0647,85.706,86.3352,86.9531,87.56,88.1565,88.7431,89.3202,89.8884,90.4482,91,91.5442,92.0814,92.6119,93.1363,93.6549,94.1682,94.6766,95.1806,95.6805,96.1769,96.67,97.1603,97.6483,98.1342,98.6187,99.1019,99.5845,100.067,100.549,101.032,101.515,102,102.486,102.975,103.466,103.96,104.457,104.958,105.463,105.973,106.488,107.008,107.534,108.066,108.605,109.152,109.706,110.268,110.838,111.418,112.007,112.607,113.217,113.838,114.47,115.115,115.772,116.442,117.127,117.825,118.539,119.268,120.013,120.775,121.554,122.351,123.167,124.003,124.858,125.734,126.632,127.552,128.496,129.463,130.454,131.471,132.515,133.586,134.684,135.812,136.97,138.159,139.379,140.633,141.921,143.243,144.602,145.999,147.433,148.908,150.423,151.981,153.582,155.228,156.92,158.659,160.448,162.288,164.179,166.124,168.125,170.183,172.299,174.476,176.715,179.018,181.388,183.826,186.333,188.913,191.568,194.299,197.109,200
SPACE_POINTS_Y
0,0.00225896,0.0045379,0.00685695,0.00923661,0.0116979,0.0142626,0.0169534,0.0197941,0.0228097,0.026027,0.0294743,0.0331822,0.0371834,0.0415133,0.0462101,0.0513154,0.0568744,0.0629361,0.0695541,0.076787,0.0846987,0.093359,0.102845,0.113239,0.124635,0.137133,0.150842,0.165885,0.182395,0.200517,0.220411,0.242254,0.266238,0.292575,0.321499,0.353265,0.388154,0.426473,0.468563,0.514795,0.565577,0.621359,0.682633,0.749942,0.82388,0.9051,0.994322,1.09233,1.2
VALUES
0,0,0,0,0,0,0,0,0,0,0,0,0,0,0,0,0,0,0,0,0,0,0,0,0,0,0,0,0,0,0,0,0,0,0,0,0,0,0,0,0,0,0,0,0,0,0,0,0,0
0.141231,0.142961,0.144726,0.146568,0.148488,0.150504,0.152634,0.154897,0.157311,0.159901,0.162689,0.165701,0.168965,0.172512,0.176373,0.180583,0.185179,0.190202,0.195695,0.201704,0.208277,0.215466,0.223326,0.231914,0.241289,0.251511,0.262644,0.274749,0.287887,0.302118,0.317497,0.334075,0.351896,0.370995,0.391395,0.413107,0.436128,0.460436,0.485993,0.512738,0.540592,0.56945,0.599184,0.629645,0.660796,0.692949,0.701455,0.962178,-1.12149,51.5039
0.270155,0.274139,0.278128,0.282217,0.286417,0.290772,0.295322,0.300108,0.305174,0.310565,0.316332,0.322526,0.329203,0.336424,0.344252,0.352757,0.362014,0.372102,0.383106,0.395117,0.408231,0.422552,0.438187,0.455249,0.473856,0.494127,0.516186,0.540155,0.566157,0.594308,0.624719,0.657491,0.69271,0.730444,0.770743,0.813627,0.859089,0.90709,0.957552,1.01036,1.06535,1.12232,1.18102,1.24116,1.30264,1.36657,1.37927,1.92472,-2.34163,52.9672
0.39653,0.402633,0.408741,0.414989,0.421397,0.42803,0.434948,0.442212,0.449887,0.458041,0.466747,0.476082,0.486129,0.496977,0.50872,0.52146,0.535307,0.550378,0.566799,0.584702,0.604232,0.625538,0.64878,0.674124,0.701744,0.731817,0.764525,0.800048,0.838568,0.880257,0.925278,0.973781,1.02589,1.08172,1.14132,1.20475,1.27198,1.34296,1.41757,1.49565,1.57695,1.66119,1.74798,1.83688,1.92775,2.02296,2.036,2.87938,-3.29673,54.3912
0.524173,0.5323,0.540437,0.548757,0.557287,0.566116,0.57532,0.584979,0.595181,0.606014,0.617574,0.629962,0.643288,0.657666,0.673222,0.690087,0.708407,0.728332,0.750029,0.77367,0.799444,0.827546,0.858185,0.891578,0.927952,0.967539,1.01058,1.0573,1.10795,1.16275,1.22191,1.28563,1.35408,1.42739,1.50566,1.58893,1.67719,1.77036,1.8683,1.97078,2.0775,2.18807,2.302,2.4187,2.53795,2.66379,2.67391,3.81852,-4.03662,55.777
0.655403,0.665483,0.675579,0.6859,0.69648,0.70743,0.718844,0.730822,0.743468,0.756896,0.771221,0.786569,0.803073,0.820875,0.840129,0.860998,0.883656,0.908293,0.935107,0.964315,0.996143,1.03083,1.06864,1.10983,1.15467,1.20346,1.25649,1.31404,1.3764,1.44385,1.51666,1.59505,1.67925,1.76941,1.86566,1.96804,2.07654,2.19108,2.31148,2.43746,2.56865,2.70458,2.84464,2.98811,3.13468,3.29042,3.29492,4.73755,-4.60082,57.1258
0.791747,0.803722,0.815719,0.827981,0.840552,0.853559,0.867117,0.881342,0.89636,0.912303,0.929309,0.947527,0.967112,0.988235,1.01107,1.03582,1.06268,1.09188,1.12366,1.15825,1.19594,1.237,1.28174,1.33046,1.38349,1.44116,1.50382,1.57181,1.64545,1.72509,1.81102,1.90354,2.00287,2.10923,2.22274,2.34348,2.47143,2.60649,2.74845,2.89699,3.05168,3.21196,3.37712,3.54631,3.71912,3.90394,3.90067,5.63389,-5.02093,58.4387
0.934213,0.948036,0.961885,0.976036,0.990543,1.00555,1.02119,1.0376,1.05493,1.07331,1.09292,1.11392,1.1365,1.16084,1.18715,1.21566,1.2466,1.28022,1.31678,1.35659,1.39994,1.44716,1.49859,1.55458,1.6155,1.68173,1.75367,1.83169,1.91619,2.00754,2.10608,2.21214,2.326,2.44789,2.57796,2.71629,2.86287,3.01759,3.18021,3.35037,3.52758,3.71119,3.90041,4.09426,4.29221,4.50526,4.49254,6.50627,-5.32232,59.7168
1.08345,1.09908,1.11473,1.13073,1.14712,1.16408,1.18175,1.20029,1.21985,1.24061,1.26275,1.28646,1.31193,1.3394,1.36908,1.40123,1.43611,1.47401,1.51521,1.56006,1.60888,1.66204,1.71992,1.78291,1.85143,1.9259,2.00676,2.09443,2.18935,2.29193,2.40256,2.52161,2.64938,2.78614,2.93205,3.08721,3.25162,3.42513,3.60751,3.79834,3.99708,4.20302,4.41527,4.63271,4.8547,5.09509,5.07164,7.35431,-5.52553,60.9613
1.23984,1.25722,1.27465,1.29244,1.31067,1.32953,1.34918,1.36979,1.39154,1.41461,1.4392,1.46554,1.49383,1.52433,1.55728,1.59295,1.63165,1.67368,1.71937,1.76909,1.82319,1.88208,1.94617,2.01591,2.09174,2.17413,2.26355,2.36048,2.46539,2.57874,2.70095,2.83242,2.9735,3.12446,3.28551,3.45675,3.63818,3.82964,4.03088,4.24146,4.46077,4.68803,4.92228,5.16227,5.40723,5.67402,5.63891,8.17818,-5.64729,62.173
1.40355,1.42266,1.44181,1.46135,1.48139,1.5021,1.52368,1.5463,1.57017,1.59549,1.62247,1.65136,1.68239,1.71582,1.75193,1.79103,1.83342,1.87945,1.92948,1.98388,2.04308,2.10749,2.17758,2.2538,2.33666,2.42665,2.52429,2.6301,2.74458,2.86822,3.00151,3.14485,3.29864,3.46317,3.63867,3.82525,4.0229,4.23149,4.45072,4.68012,4.91905,5.16666,5.4219,5.68342,5.95029,6.24254,6.1951,8.97839,-5.70125,63.3531
1.57462,1.5954,1.61624,1.6375,1.65928,1.6818,1.70525,1.72984,1.75577,1.78328,1.81258,1.84395,1.87763,1.91391,1.95309,1.99549,2.04146,2.09135,2.14556,2.2045,2.2686,2.33833,2.41418,2.49664,2.58624,2.68353,2.78905,2.90335,3.02699,3.16049,3.30435,3.45903,3.62495,3.80242,3.99169,4.19289,4.40601,4.63091,4.86727,5.11461,5.37223,5.63923,5.91448,6.19654,6.48428,6.80107,6.74083,9.75567,-5.69867,64.5025
1.75295,1.77537,1.79785,1.82078,1.84427,1.86855,1.89383,1.92032,1.94826,1.97788,2.00945,2.04321,2.07946,2.1185,2.16065,2.20625,2.25567,2.3093,2.36754,2.43085,2.49968,2.57452,2.6559,2.74435,2.84043,2.94471,3.05778,3.18021,3.31261,3.45551,3.60947,3.77498,3.95245,4.14225,4.34464,4.55975,4.7876,5.02802,5.2807,5.54511,5.82053,6.106,6.40031,6.70192,7.00956,7.34993,7.27663,10.5108,-5.64884,65.6222
1.93836,1.96238,1.98646,2.01102,2.03617,2.06216,2.08921,2.11756,2.14744,2.17912,2.21287,2.24896,2.2877,2.32941,2.37443,2.42313,2.47588,2.5331,2.59524,2.66275,2.73613,2.81589,2.90259,2.99678,3.09907,3.21005,3.33033,3.46055,3.6013,3.75319,3.91678,4.0926,4.28109,4.48263,4.6975,4.92586,5.1677,5.42289,5.69109,5.97174,6.26409,6.56713,6.87959,7.19982,7.52638,7.88942,7.80291,11.2448,-5.55947,66.7132
2.13061,2.15619,2.18182,2.20796,2.23472,2.26237,2.29114,2.32129,2.35307,2.38674,2.4226,2.46095,2.5021,2.54639,2.59418,2.64585,2.70182,2.76252,2.8284,2.89995,2.9777,3.06219,3.15399,3.2537,3.36193,3.47932,3.60651,3.74415,3.89289,4.05335,4.22612,4.41175,4.61073,4.82344,5.05019,5.29113,5.5463,5.81552,6.09846,6.39455,6.703,7.02275,7.35247,7.69044,8.035,8.4198,8.32003,11.9585,-5.437,67.7763
2.3294,2.35649,2.38363,2.4113,2.43963,2.46889,2.49933,2.53122,2.56482,2.60043,2.63834,2.67886,2.72233,2.76912,2.81958,2.87413,2.9332,2.99723,3.06672,3.14217,3.22412,3.31314,3.40983,3.51481,3.62873,3.75225,3.88604,4.03078,4.18714,4.35576,4.53728,4.73226,4.94121,5.16455,5.40258,5.65549,5.92331,6.20587,6.50282,6.81358,7.13733,7.47297,7.8191,8.17393,8.53561,8.94128,8.8283,12.6528,-5.28682,68.8124
2.5344,2.56295,2.59156,2.62071,2.65056,2.68138,2.71344,2.74701,2.78238,2.81985,2.85973,2.90236,2.94808,2.99726,3.05031,3.10763,3.16968,3.23692,3.30987,3.38905,3.47503,3.5684,3.66978,3.77982,3.89918,4.02856,4.16865,4.32015,4.48377,4.66018,4.85002,5.0539,5.27233,5.50577,5.75453,6.0188,6.29863,6.59386,6.90411,7.22881,7.5671,7.91783,8.27958,8.65044,9.02839,9.45407,9.32799,13.3286,-5.11347,69.8224
2.74524,2.77521,2.80525,2.83584,2.86714,2.89947,2.93309,2.96829,3.00537,3.04464,3.08643,3.13108,3.17897,3.23046,3.28599,3.34597,3.41089,3.48122,3.55749,3.64026,3.7301,3.82764,3.93351,4.04837,4.17294,4.30791,4.45401,4.61197,4.78251,4.96633,5.16409,5.37643,5.60388,5.84691,6.10585,6.38092,6.67216,6.9794,7.3023,7.64023,7.99232,8.3574,8.73397,9.12008,9.51349,9.95835,9.81931,13.9867,-4.92077,70.8072
2.96157,2.99291,3.02431,3.05629,3.08902,3.1228,3.15793,3.1947,3.23342,3.27443,3.31805,3.36466,3.41462,3.46834,3.52625,3.5888,3.65647,3.72976,3.80922,3.89543,3.98897,4.09049,4.20065,4.32014,4.44967,4.58998,4.74182,4.90593,5.08305,5.27392,5.47922,5.6996,5.93562,6.18776,6.45637,6.74169,7.04375,7.36241,7.6973,8.04779,8.41299,8.79169,9.18236,9.58296,9.99106,10.4543,10.3025,14.6279,-4.71195,71.7675
3.183,3.21566,3.24839,3.28171,3.31579,3.35098,3.38756,3.42584,3.46615,3.50883,3.55422,3.6027,3.65466,3.71052,3.77072,3.83573,3.90604,3.98217,4.06469,4.15418,4.25127,4.3566,4.47086,4.59476,4.72904,4.87444,5.03174,5.20171,5.3851,5.58268,5.79515,6.02316,6.26732,6.52811,6.80591,7.10095,7.41328,7.74277,8.08904,8.45145,8.8291,9.22074,9.6248,10.0392,10.4612,10.9421,10.7777,15.2529,-4.48976,72.7042
3.40915,3.44308,3.47708,3.51169,3.5471,3.58363,3.62161,3.66134,3.70318,3.74745,3.79454,3.84483,3.89871,3.95663,4.01902,4.08639,4.15922,4.23808,4.32352,4.41616,4.51663,4.62561,4.74379,4.8719,5.0107,5.16096,5.32346,5.499,5.68837,5.89232,6.1116,6.34688,6.59876,6.86776,7.15427,7.45854,7.78062,8.12038,8.47745,8.85118,9.24065,9.64458,10.0614,10.4888,10.9241,11.4218,11.2451,15.8626,-4.25652,73.6181
3.63964,3.6748,3.71003,3.74587,3.78254,3.82037,3.85969,3.90083,3.94412,3.98994,4.03866,4.09067,4.1464,4.20628,4.27078,4.3404,4.41566,4.49712,4.58536,4.68101,4.78472,4.89717,5.01909,5.15122,5.29433,5.44921,5.61667,5.79752,5.99256,6.20258,6.42832,6.67049,6.92971,7.20651,7.50129,7.8143,8.14563,8.49514,8.86246,9.24693,9.64762,10.0632,10.4921,10.932,11.3799,11.8937,11.7048,16.4575,-4.01423,74.5099
3.8741,3.91044,3.94685,3.98389,4.02177,4.06084,4.10145,4.14392,4.18862,4.23592,4.2862,4.33987,4.39736,4.45913,4.52565,4.59742,4.675,4.75895,4.84986,4.94839,5.05518,5.17096,5.29644,5.4324,5.57961,5.7389,5.91108,6.09697,6.29741,6.51319,6.74508,6.99379,7.25997,7.54416,7.84678,8.1681,8.5082,8.86696,9.244,9.63867,10.05,10.4767,10.917,11.3688,11.8287,12.3579,12.1571,17.0383,-3.76459,75.3804
4.11218,4.14965,4.18719,4.22537,4.26441,4.30468,4.34652,4.39028,4.43633,4.48504,4.53681,4.59207,4.65125,4.71482,4.78326,4.85711,4.9369,5.02322,5.11669,5.21796,5.3277,5.44664,5.57552,5.71512,5.86625,6.02973,6.20639,6.39709,6.60265,6.8239,7.06162,7.31655,7.58934,7.88055,8.19061,8.5198,8.86823,9.23576,9.62202,10.0264,10.4478,10.885,11.3363,11.7993,12.2705,12.8145,12.6021,17.6056,-3.50904,76.2302
4.35353,4.39208,4.43071,4.46998,4.51014,4.55155,4.59457,4.63956,4.68689,4.73696,4.79016,4.84694,4.90773,4.97302,5.04331,5.11912,5.20103,5.28962,5.38553,5.48941,5.60196,5.72392,5.85603,5.99911,6.15396,6.32142,6.50235,6.69761,6.90804,7.13449,7.37775,7.63858,7.91763,8.2155,8.53261,8.86928,9.2256,9.60145,9.99647,10.41,10.841,11.2883,11.7499,12.2236,12.7056,13.2638,13.0399,18.16,-3.24882,77.0602
4.59783,4.63741,4.67707,4.71739,4.75862,4.80113,4.84528,4.89144,4.94,4.99136,5.04593,5.10416,5.16649,5.23343,5.30547,5.38317,5.46709,5.55785,5.65607,5.76245,5.87768,6.0025,6.1377,6.28408,6.44247,6.61373,6.79871,6.9983,7.21336,7.44474,7.69326,7.95968,8.24469,8.54886,8.87268,9.21643,9.58023,9.96399,10.3673,10.7896,11.2297,11.6864,12.1579,12.6418,13.1341,13.7058,13.4707,18.702,-2.98499,77.8709
4.84476,4.88533,4.92598,4.9673,5.00955,5.0531,5.09833,5.14562,5.19535,5.24795,5.30382,5.36343,5.42724,5.49574,5.56946,5.64895,5.73479,5.82761,5.92805,6.0368,6.15458,6.28214,6.42027,6.56979,6.73155,6.9064,7.09524,7.29895,7.5184,7.75447,8.00798,8.2797,8.57035,8.88052,9.21068,9.56115,9.93206,10.3233,10.7345,11.165,11.6139,12.0796,12.5605,13.054,13.5561,14.1407,13.8947,19.2322,-2.71847,78.6632
5.09402,5.13554,5.17714,5.21942,5.26263,5.30718,5.35344,5.4018,5.45266,5.50643,5.56355,5.62447,5.68968,5.75968,5.835,5.9162,6.00388,6.09866,6.2012,6.31221,6.43241,6.56257,6.70349,6.856,7.02096,7.19924,7.39173,7.59935,7.82297,8.06348,8.32173,8.59849,8.89449,9.21033,9.54652,9.90337,10.281,10.6794,11.0981,11.5365,11.9935,12.4678,12.9576,13.4603,13.9717,14.5688,14.3119,19.751,-2.45002,79.4376
5.34535,5.38777,5.43027,5.47346,5.51761,5.56311,5.61035,5.65973,5.71165,5.76655,5.82485,5.88704,5.95358,6.025,6.10184,6.18467,6.27409,6.37074,6.47529,6.58845,6.71095,6.84359,6.98716,7.14251,7.3105,7.49203,7.688,7.89932,8.12691,8.37164,8.63437,8.91591,9.21699,9.53822,9.88012,10.243,10.6271,11.0322,11.458,11.9038,12.3687,12.8512,13.3494,13.8609,14.3811,14.9901,14.7226,20.2589,-2.1803,80.1947
5.59849,5.64177,5.68514,5.72919,5.77422,5.82063,5.86881,5.91916,5.9721,6.02806,6.0875,6.15087,6.21869,6.29147,6.36975,6.45413,6.54521,6.64363,6.75009,6.86529,6.98999,7.12498,7.27106,7.42911,7.59999,7.78461,7.98387,8.19872,8.43006,8.67879,8.94578,9.23186,9.53775,9.86409,10.2114,10.5801,10.9702,11.3817,11.8142,12.2672,12.7395,13.2297,13.736,14.2558,14.7844,15.4048,15.127,20.7564,-1.90988,80.9354
5.85321,5.89731,5.94149,5.98638,6.03224,6.07951,6.12858,6.17986,6.23377,6.29075,6.35126,6.41577,6.4848,6.55887,6.63853,6.72438,6.81703,6.91715,7.02541,7.14256,7.26934,7.40655,7.55503,7.71564,7.88926,8.07681,8.2792,8.49739,8.73229,8.98482,9.25585,9.54623,9.85668,10.1879,10.5403,10.9144,11.3103,11.7279,12.1669,12.6265,13.1059,13.6035,14.1175,14.6452,15.1818,15.8131,15.5251,21.2439,-1.63923,81.66
6.10929,6.15417,6.19913,6.2448,6.29147,6.33956,6.38948,6.44163,6.49646,6.55441,6.61594,6.68154,6.75171,6.827,6.90797,6.99522,7.08937,7.19109,7.30108,7.42007,7.54883,7.68816,7.83891,8.00195,8.17817,8.36849,8.57386,8.79521,9.0335,9.28963,9.5645,9.85894,10.1737,10.5095,10.8669,11.2461,11.6475,12.0708,12.5159,12.982,13.468,13.9727,14.4939,15.0292,15.5734,16.2153,15.9172,21.7218,-1.36876,82.3693
6.36654,6.41216,6.45786,6.50428,6.55171,6.60058,6.6513,6.70429,6.76,6.81886,6.88136,6.94799,7.01925,7.09571,7.17792,7.26649,7.36207,7.46531,7.57693,7.69767,7.82831,7.96965,8.12256,8.2879,8.46658,8.65955,8.86773,9.09209,9.33358,9.59312,9.87163,10.1699,10.4888,10.829,11.191,11.5751,11.9817,12.4105,12.8614,13.3335,13.826,14.3373,14.8655,15.4079,15.9594,16.6114,16.3035,22.1905,-1.09879,83.0639
6.62478,6.6711,6.71751,6.76464,6.81279,6.8624,6.91389,6.96767,7.02421,7.08395,7.14737,7.21497,7.28727,7.36483,7.44822,7.53805,7.63498,7.73967,7.85284,7.97524,8.10765,8.2509,8.40585,8.57338,8.75441,8.94987,9.16073,9.38794,9.63246,9.89525,10.1772,10.4792,10.802,11.1463,11.5127,11.9015,12.3129,12.747,13.2033,13.6813,14.1798,14.6975,15.2323,15.7816,16.3399,17.0016,16.684,22.6504,-0.829612,83.7442
6.88387,6.93085,6.97793,7.02573,7.07457,7.12488,7.17709,7.23163,7.28895,7.34952,7.41381,7.48234,7.55562,7.63423,7.71874,7.80977,7.90797,8.01403,8.12867,8.25265,8.38675,8.53181,8.6887,8.8583,9.04154,9.23938,9.45277,9.68268,9.93009,10.1959,10.4812,10.7866,11.1131,11.4614,11.8319,12.2251,12.6413,13.0803,13.5419,14.0253,14.5296,15.0533,15.5944,16.1503,16.7152,17.3862,17.0591,23.1019,-0.56145,84.411
7.14366,7.19127,7.23898,7.28742,7.33691,7.38788,7.44078,7.49604,7.55411,7.61546,7.68058,7.74998,7.8242,7.9038,7.98937,8.08153,8.18095,8.28831,8.40434,8.52981,8.66551,8.81229,8.97101,9.14258,9.32792,9.52801,9.7438,9.97627,10.2264,10.4952,10.7835,11.0923,11.4223,11.7742,12.1487,12.5462,12.9668,13.4105,13.877,14.3657,14.8755,15.405,15.9521,16.5142,17.0854,17.7653,17.4288,23.5454,-0.29449,85.0647
7.40403,7.45224,7.50056,7.5496,7.5997,7.65131,7.70486,7.76079,7.81957,7.88166,7.94756,8.0178,8.0929,8.17344,8.26001,8.35325,8.45381,8.56241,8.67976,8.80664,8.94386,9.09226,9.25272,9.42615,9.61349,9.81571,10.0338,10.2687,10.5214,10.7929,11.0842,11.3961,11.7294,12.0849,12.4632,12.8646,13.2894,13.7376,14.2089,14.7026,15.2176,15.7526,16.3054,16.8734,17.4506,18.1391,17.7934,23.9813,-0.0288785,85.706
7.66489,7.71367,7.76255,7.81216,7.86285,7.91505,7.96922,8.02579,8.08524,8.14803,8.21468,8.2857,8.36164,8.44307,8.53059,8.62485,8.7265,8.83626,8.95486,9.08308,9.22174,9.37168,9.53379,9.70898,9.89821,10.1024,10.3227,10.5599,10.8151,11.0892,11.3833,11.6981,12.0346,12.3935,12.7753,13.1805,13.6093,14.0618,14.5375,15.036,15.556,16.0962,16.6545,17.2282,17.8111,18.5078,18.153,24.4097,0.235272,86.3352
7.92615,7.97547,8.02488,8.07504,8.12627,8.17905,8.23379,8.29097,8.35105,8.41452,8.48187,8.55363,8.63036,8.71263,8.80105,8.89627,8.99896,9.10982,9.2296,9.35909,9.4991,9.6505,9.81417,9.99104,10.1821,10.3882,10.6105,10.8499,11.1074,11.384,11.6807,11.9984,12.3379,12.6999,13.0851,13.4939,13.9266,14.3831,14.8631,15.366,15.8909,16.436,16.9996,17.5787,18.167,18.8717,18.5078,24.8313,0.497879,86.9531
8.18775,8.23757,8.2875,8.33817,8.38992,8.44323,8.49853,8.55628,8.61696,8.68105,8.74906,8.82153,8.89901,8.98208,9.07135,9.16748,9.27114,9.38304,9.50395,9.63463,9.77593,9.92871,10.0939,10.2723,10.465,10.673,10.8972,11.1386,11.3983,11.6773,11.9765,12.2969,12.6392,13.0043,13.3927,13.8049,14.2412,14.7016,15.1857,15.6929,16.2223,16.7722,17.3407,17.925,18.5185,19.2309,18.8581,25.2461,0.758888,87.56
8.44964,8.49994,8.55035,8.6015,8.65374,8.70755,8.76337,8.82167,8.88291,8.9476,9.01624,9.08937,9.16756,9.25138,9.34146,9.43845,9.54302,9.65592,9.77788,9.9097,10.0522,10.2063,10.3728,10.5528,10.7471,10.9568,11.1828,11.4262,11.688,11.9692,12.2708,12.5937,12.9387,13.3067,13.6982,14.1136,14.5534,15.0174,15.5054,16.0167,16.5504,17.1049,17.6781,18.2673,18.8658,19.5855,19.204,25.6547,1.01827,88.1565
8.71178,8.76254,8.81339,8.865,8.91771,8.972,9.02831,9.08711,9.14889,9.21414,9.28338,9.35714,9.43599,9.52052,9.61136,9.70916,9.81461,9.92843,10.0514,10.1843,10.328,10.4833,10.6511,10.8325,11.0283,11.2396,11.4674,11.7126,11.9764,12.2598,12.5636,12.8889,13.2365,13.6072,14.0015,14.4201,14.8631,15.3306,15.8223,16.3376,16.8753,17.4342,18.012,18.6059,19.209,19.936,19.5457,26.0572,1.27601,88.7431
8.97416,9.02534,9.07663,9.12867,9.18181,9.23655,9.29332,9.35261,9.41489,9.48067,9.55046,9.62481,9.70429,9.7895,9.88105,9.97962,10.0859,10.2006,10.3245,10.4584,10.6032,10.7596,10.9288,11.1115,11.3087,11.5215,11.751,11.998,12.2636,12.549,12.8549,13.1825,13.5325,13.9058,14.3029,14.7245,15.1706,15.6414,16.1366,16.6556,17.1973,17.7603,18.3424,18.9408,19.5485,20.2823,19.8835,26.4541,1.53212,89.3202
9.23678,9.28836,9.34004,9.39249,9.44605,9.5012,9.55841,9.61816,9.68091,9.74719,9.81751,9.89242,9.97249,10.0583,10.1506,10.2499,10.3569,10.4724,10.5972,10.7321,10.8779,11.0355,11.2057,11.3897,11.5883,11.8026,12.0336,12.2823,12.5497,12.8369,13.1449,13.4747,13.827,14.2027,14.6025,15.0268,15.4759,15.9499,16.4484,16.971,17.5164,18.0833,18.6696,19.2724,19.8844,20.6248,20.2175,26.8456,1.78662,89.8884
9.49963,9.55159,9.60366,9.65648,9.71043,9.76598,9.8236,9.88377,9.94697,10.0137,10.0845,10.16,10.2406,10.327,10.4199,10.5199,10.6277,10.744,10.8696,11.0054,11.1521,11.3107,11.4822,11.6673,11.8672,12.0829,12.3153,12.5656,12.8347,13.1237,13.4336,13.7654,14.1199,14.498,14.9002,15.3272,15.7791,16.2561,16.7579,17.2838,17.8329,18.4036,18.9938,19.6007,20.2168,20.9637,20.5479,27.232,2.03957,90.4482
9.76276,9.81507,9.86749,9.92067,9.97498,10.0309,10.0889,10.1495,10.2131,10.2803,10.3516,10.4275,10.5087,10.5957,10.6891,10.7897,10.8982,11.0153,11.1417,11.2783,11.426,11.5856,11.758,11.9443,12.1454,12.3624,12.5962,12.8479,13.1187,13.4094,13.7211,14.0549,14.4115,14.7917,15.1964,15.6258,16.0805,16.5603,17.0651,17.5943,18.1468,18.7211,19.3151,19.9259,20.546,21.2991,20.8749,27.6137,2.291,91
10.0262,10.0788,10.1316,10.1851,10.2397,10.296,10.3544,10.4153,10.4794,10.547,10.6187,10.6951,10.7767,10.8643,10.9583,11.0595,11.1686,11.2864,11.4135,11.551,11.6995,11.86,12.0335,12.2208,12.4231,12.6412,12.8764,13.1295,13.4017,13.6941,14.0075,14.3431,14.7017,15.0841,15.4909,15.9228,16.38,16.8626,17.3703,17.9026,18.4583,19.0361,19.6338,20.2484,20.8722,21.6313,21.1988,27.991,2.54099,91.5442
10.29,10.3429,10.396,10.4498,10.5048,10.5614,10.6201,10.6814,10.7458,10.8138,10.8859,10.9628,11.0449,11.1329,11.2275,11.3292,11.439,11.5574,11.6852,11.8234,11.9727,12.1341,12.3085,12.4969,12.7002,12.9195,13.1559,13.4104,13.684,13.9779,14.293,14.6303,14.9907,15.3751,15.7841,16.2183,16.678,17.1631,17.6736,18.2088,18.7677,19.3488,19.9499,20.5681,21.1956,21.9606,21.5197,28.3641,2.78961,92.0814
10.5542,10.6074,10.6608,10.7149,10.7701,10.8271,10.8861,10.9477,11.0125,11.0808,11.1533,11.2306,11.3131,11.4016,11.4967,11.599,11.7093,11.8283,11.9568,12.0957,12.2458,12.408,12.5833,12.7726,12.9769,13.1974,13.4349,13.6906,13.9656,14.2609,14.5776,14.9165,15.2788,15.665,16.0761,16.5124,16.9744,17.4621,17.9752,18.5132,19.0751,19.6593,20.2638,20.8855,21.5165,22.287,21.8379,28.7333,3.03695,92.6119
10.8188,10.8724,10.926,10.9804,11.0359,11.0931,11.1525,11.2144,11.2795,11.3482,11.421,11.4987,11.5816,11.6705,11.7661,11.8689,11.9797,12.0993,12.2285,12.368,12.5188,12.6818,12.8579,13.0481,13.2534,13.4748,13.7135,13.9704,14.2467,14.5433,14.8614,15.202,15.5659,15.954,16.3669,16.8053,17.2695,17.7596,18.2752,18.8159,19.3807,19.9679,20.5756,21.2006,21.8349,22.6109,22.1536,29.099,3.28311,93.1363
11.0841,11.1378,11.1918,11.2465,11.3021,11.3597,11.4193,11.4815,11.5469,11.6159,11.6891,11.7671,11.8504,11.9397,12.0357,12.139,12.2503,12.3705,12.5002,12.6404,12.7918,12.9555,13.1324,13.3234,13.5296,13.7521,13.9918,14.2498,14.5272,14.8252,15.1447,15.4867,15.8522,16.242,16.6568,17.0972,17.5635,18.0558,18.5739,19.1171,19.6846,20.2747,20.8854,21.5137,22.1511,22.9324,22.467,29.4614,3.52823,93.6549
11.3497,11.4038,11.458,11.5134,11.5689,11.6268,11.6866,11.7491,11.8148,11.8841,11.9576,12.0359,12.1196,12.2093,12.3057,12.4094,12.5212,12.6419,12.7721,12.9129,13.065,13.2294,13.407,13.5988,13.8059,14.0292,14.2698,14.5289,14.8075,15.1067,15.4275,15.7709,16.1379,16.5294,16.9459,17.3882,17.8565,18.3509,18.8713,19.417,19.9871,20.58,21.1936,21.8249,22.4654,23.2519,22.7782,29.8208,3.77244,94.1682
11.6159,11.67,11.7241,11.7814,11.8364,11.8946,11.9547,12.0174,12.0833,12.1529,12.2267,12.3054,12.3894,12.4794,12.5762,12.6803,12.7925,12.9137,13.0444,13.1857,13.3384,13.5035,13.6817,13.8743,14.0821,14.3063,14.5479,14.808,15.0877,15.388,15.71,16.0548,16.4232,16.8162,17.2344,17.6784,18.1486,18.6451,19.1677,19.7158,20.2884,20.8839,21.5003,22.1345,22.7779,23.5694,23.0877,30.1776,4.01588,94.6766
11.886,11.9384,11.9879,12.0507,12.1047,12.1631,12.2235,12.2864,12.3526,12.4224,12.4965,12.5754,12.6598,12.7502,12.8473,12.9518,13.0644,13.186,13.3172,13.459,13.6123,13.7779,13.9568,14.1501,14.3586,14.5836,14.8261,15.0871,15.3678,15.6692,15.9924,16.3384,16.7082,17.1026,17.5224,17.9681,18.4401,18.9386,19.4633,20.0136,20.5885,21.1866,21.8057,22.4428,23.089,23.8853,23.3956,30.5321,4.25845,95.1806
12.1801,12.2259,12.246,12.3212,12.3741,12.4326,12.4932,12.5564,12.6227,12.6928,12.7672,12.8463,12.931,13.0217,13.1191,13.2239,13.337,13.4589,13.5906,13.7329,13.8867,14.0528,14.2323,14.4262,14.6355,14.8613,15.1045,15.3664,15.648,15.9504,16.2748,16.622,16.993,17.3888,17.8101,18.2574,18.7312,19.2315,19.7582,20.3106,20.8879,21.4884,22.1101,22.7499,23.3988,24.2,23.7021,30.8841,4.49944,95.6805
12.1801,12.594,12.5037,12.5914,12.6446,12.7032,12.7639,12.8273,12.8939,12.9642,13.0388,13.1182,13.2031,13.2941,13.3918,13.497,13.6103,13.7327,13.8648,14.0075,14.1617,14.3284,14.5085,14.703,14.9129,15.1394,15.3834,15.6461,15.9286,16.232,16.5573,16.9056,17.2779,17.675,18.0977,18.5466,19.022,19.524,20.0526,20.6071,21.1866,21.7895,22.4137,23.0561,23.7077,24.5135,24.0074,31.2349,4.74472,95.6805
12.716,12.7609,12.7939,12.861,12.9163,12.975,13.0359,13.0995,13.1662,13.2367,13.3115,13.3912,13.4763,13.5675,13.6655,13.771,13.8847,14.0074,14.1399,14.283,14.4377,14.6048,14.7854,14.9805,15.191,15.4181,15.6628,15.9263,16.2096,16.5139,16.8402,17.1896,17.563,17.9614,18.3854,18.8357,19.3127,19.8164,20.3469,20.9034,21.485,22.0901,22.7168,23.3617,24.0157,24.826,24.3118,31.5839,4.9833,96.67
12.9675,13.0216,13.0728,13.1333,13.1892,13.2481,13.3092,13.3729,13.4399,13.5105,13.5855,13.6654,13.7507,13.8422,13.9404,14.0462,14.1602,14.2832,14.416,14.5595,14.7146,14.8822,15.0633,15.2588,15.4699,15.6977,15.943,16.2072,16.4914,16.7965,17.1237,17.4741,17.8486,18.2481,18.6734,19.1251,19.6036,20.109,20.6412,21.1996,21.7832,22.3905,23.0194,23.6667,24.3229,25.1375,24.6149,31.9303,5.22489,97.1603
13.2389,13.2938,13.348,13.408,13.4637,13.5228,13.584,13.6479,13.715,13.7858,13.861,13.941,14.0266,14.1182,14.2167,14.3227,14.437,14.5603,14.6934,14.8373,14.9927,15.1607,15.3423,15.5383,15.7499,15.9782,16.2242,16.4891,16.7739,17.0798,17.4079,17.7592,18.1348,18.5354,18.962,19.415,19.8949,20.4019,20.9357,21.4958,22.0813,22.6905,23.3214,23.9708,24.6291,25.4477,24.9166,32.2757,5.46569,97.6483
13.518,13.5709,13.6203,13.6851,13.7399,13.7992,13.8605,13.9245,13.9917,14.0627,14.138,14.2183,14.304,14.3959,14.4946,14.6008,14.7153,14.8389,14.9723,15.1165,15.2723,15.4406,15.6225,15.819,16.0311,16.2599,16.5065,16.772,17.0575,17.3642,17.6932,18.0454,18.4219,18.8235,19.2512,19.7054,20.1866,20.6948,21.2301,21.7918,22.3789,22.9899,23.6227,24.2741,24.9345,25.7573,25.2181,32.621,5.70753,98.1342
13.823,13.8691,13.8878,13.9643,14.018,14.0774,14.1388,14.203,14.2703,14.3415,14.4169,14.4973,14.5832,14.6752,14.7741,14.8805,14.9953,15.1191,15.2528,15.3972,15.5533,15.722,15.9043,16.1012,16.3138,16.5431,16.7902,17.0563,17.3424,17.6497,17.9794,18.3323,18.7096,19.1122,19.5407,19.996,20.4783,20.9878,21.5245,22.0877,22.6766,23.2897,23.9247,24.5786,25.2416,26.0691,25.5224,32.9693,5.95153,98.6187
13.823,14.2441,14.157,14.2442,14.2984,14.3577,14.4193,14.4835,14.551,14.6222,14.6978,14.7783,14.8643,14.9565,15.0556,15.1622,15.2771,15.4011,15.5351,15.6798,15.8362,16.0052,16.1878,16.3851,16.598,16.8277,17.0752,17.3418,17.6284,17.9364,18.2666,18.6203,18.9985,19.402,19.8317,20.2882,20.772,21.2833,21.8219,22.3873,22.9786,23.5942,24.2321,24.889,25.555,26.3874,25.8335,33.3242,6.20298,98.6187
14.3799,14.4247,14.457,14.5248,14.581,14.6403,14.7019,14.7663,14.8338,14.9052,14.9809,15.0615,15.1476,15.24,15.3392,15.4459,15.561,15.6853,15.8194,15.9643,16.121,16.2903,16.4732,16.6708,16.8841,17.1143,17.3624,17.6296,17.9169,18.2257,18.5569,18.9117,19.291,19.6959,20.127,20.5851,21.0705,21.5835,22.1239,22.6911,23.2842,23.9016,24.5412,25.1997,25.867,26.7026,26.1393,33.6696,6.43581,99.5845
14.6428,14.6971,14.7482,14.8089,14.866,14.9254,14.9871,15.0515,15.1191,15.1906,15.2663,15.347,15.4333,15.5258,15.6251,15.732,15.8473,15.9716,16.1059,16.2511,16.4079,16.5775,16.7607,16.9586,17.1722,17.4026,17.651,17.9184,18.206,18.515,18.8463,19.2011,19.5803,19.9849,20.4157,20.8733,21.3581,21.8703,22.4098,22.976,23.5679,24.1841,24.8223,25.4794,26.1451,26.981,26.4053,33.9721,6.64468,100.067
14.9276,14.9831,15.0382,15.0962,15.1537,15.2132,15.2749,15.3394,15.4071,15.4786,15.5544,15.6352,15.7216,15.8141,15.9136,16.0206,16.136,16.2605,16.395,16.5403,16.6973,16.8671,17.0505,17.2487,17.4626,17.6935,17.9423,18.2103,18.4986,18.8083,19.1406,19.4966,19.8773,20.2837,20.7166,21.1766,21.6641,22.1795,22.7225,23.2927,23.889,24.5099,25.1533,25.816,26.4874,27.3312,26.7509,34.3659,6.94744,100.549
15.218,15.2737,15.3295,15.3866,15.4443,15.5039,15.5656,15.6301,15.6979,15.7695,15.8454,15.9262,16.0126,16.1053,16.2048,16.3119,16.4274,16.552,16.6867,16.8321,16.9893,17.1593,17.3429,17.5413,17.7555,17.9866,18.2357,18.5039,18.7925,19.1025,19.4351,19.7913,20.1723,20.5789,21.0119,21.4722,21.96,22.4757,23.0192,23.5899,24.1869,24.8087,25.4531,26.1171,26.7899,27.6373,27.0487,34.7076,7.17737,101.032
15.5118,15.5676,15.6235,15.6803,15.7381,15.7977,15.8595,15.924,15.9918,16.0634,16.1394,16.2203,16.3068,16.3995,16.499,16.6063,16.7218,16.8466,16.9813,17.1268,17.2842,17.4543,17.6381,17.8367,18.0511,18.2824,18.5319,18.8005,19.0894,19.3999,19.733,20.0898,20.4714,20.8786,21.3124,21.7734,22.2621,22.7786,23.3229,23.8945,24.4924,25.115,25.7604,26.4253,27.0989,27.949,27.3509,35.05,7.41394,101.515
15.8091,15.8648,15.9207,15.9774,16.0353,16.0949,16.1567,16.2213,16.2891,16.3607,16.4367,16.5177,16.6042,16.6969,16.7965,16.9038,17.0194,17.1442,17.279,17.4247,17.5822,17.7524,17.9364,18.1351,18.3497,18.5812,18.8309,19.0998,19.389,19.6999,20.0334,20.3907,20.7728,21.1807,21.6153,22.0771,22.5667,23.0842,23.6297,24.2024,24.8016,25.4257,26.0725,26.7388,27.4136,28.267,27.6597,35.399,7.66149,102
16.11,16.1657,16.2216,16.2783,16.3361,16.3958,16.4576,16.5222,16.59,16.6616,16.7376,16.8186,16.9051,16.9979,17.0975,17.2048,17.3205,17.4454,17.5802,17.726,17.8835,18.0538,18.2379,18.4368,18.6515,18.8832,19.1331,19.4022,19.6918,20.0029,20.3368,20.6945,21.0771,21.4855,21.9207,22.3832,22.8736,23.3921,23.9385,24.5125,25.113,25.7384,26.3867,27.0547,27.731,28.588,27.9718,35.7522,7.91407,102.486
16.4148,16.4706,16.5265,16.5831,16.6409,16.7006,16.7624,16.8269,16.8948,16.9664,17.0424,17.1233,17.2099,17.3026,17.4023,17.5096,17.6253,17.7502,17.8851,18.0309,18.1885,18.3588,18.543,18.742,18.9568,19.1887,19.4387,19.708,19.9978,20.3092,20.6434,21.0015,21.3845,21.7934,22.2291,22.6922,23.1834,23.7026,24.25,24.825,25.4266,26.0534,26.7031,27.3726,28.0505,28.9111,28.2858,36.1082,8.16832,102.975
16.7238,16.7795,16.8355,16.8923,16.9498,17.0095,17.0713,17.1358,17.2036,17.2752,17.3512,17.4322,17.5187,17.6114,17.7111,17.8184,17.9341,18.059,18.1939,18.3397,18.4973,18.6677,18.8519,19.0509,19.2659,19.4979,19.748,20.0175,20.3075,20.6191,20.9535,21.3119,21.6953,22.1047,22.5409,23.0046,23.4963,24.0164,24.5646,25.1405,25.7432,26.3711,27.0221,27.693,28.3722,29.2363,28.6018,36.4664,8.42369,103.466
17.0369,17.0926,17.1486,17.2061,17.2632,17.3229,17.3846,17.4492,17.5169,17.5885,17.6644,17.7453,17.8318,17.9246,18.0242,18.1315,18.2471,18.372,18.5069,18.6527,18.8103,18.9807,19.1649,19.364,19.579,19.811,20.0613,20.3309,20.621,20.9328,21.2675,21.6261,22.0098,22.4196,22.8562,23.3205,23.8128,24.3335,24.8825,25.4593,26.063,26.692,27.3442,28.0164,28.6968,29.5642,28.9204,36.8273,8.68072,103.96
17.3548,17.4102,17.4653,17.5252,17.5813,17.641,17.7027,17.7672,17.8349,17.9064,17.9823,18.0632,18.1496,18.2423,18.3419,18.4491,18.5647,18.6896,18.8244,18.9702,19.1277,19.2981,19.4823,19.6814,19.8964,20.1285,20.3788,20.6484,20.9387,21.2506,21.5855,21.9444,22.3283,22.7384,23.1755,23.6402,24.1331,24.6544,25.2041,25.7818,26.3863,27.0164,27.6697,28.3431,29.0246,29.8954,29.2419,37.1912,8.94006,104.457
17.6827,17.7352,17.7832,17.8499,17.9045,17.9641,18.0258,18.0902,18.1579,18.2293,18.3052,18.386,18.4723,18.5649,18.6645,18.7716,18.8872,19.0119,19.1467,19.2924,19.4499,19.6203,19.8044,20.0035,20.2185,20.4505,20.7008,20.9705,21.2608,21.5728,21.9078,22.2669,22.6511,23.0615,23.4988,23.964,24.4574,24.9793,25.5297,26.1081,26.7135,27.3445,27.9989,28.6734,29.356,30.23,29.5668,37.5585,9.20202,104.958
18.0443,18.0884,18.0995,18.1799,18.2331,18.2926,18.3542,18.4186,18.4862,18.5575,18.6333,18.714,18.8003,18.8928,18.9922,19.0993,19.2148,19.3394,19.4741,19.6197,19.7772,19.9474,20.1315,20.3305,20.5454,20.7774,21.0277,21.2974,21.5877,21.8998,22.2349,22.594,22.9784,23.389,23.8267,24.2922,24.786,25.3084,25.8594,26.4385,27.0447,27.6766,28.332,29.0077,29.6913,30.5685,29.8953,37.9293,9.46609,105.463
18.0443,18.5349,18.4213,18.514,18.5675,18.6268,18.6883,18.7525,18.82,18.8913,18.967,19.0476,19.1338,19.2262,19.3255,19.4325,19.5478,19.6724,19.8069,19.9524,20.1098,20.2799,20.4639,20.6627,20.8776,21.1095,21.3597,21.6294,21.9196,22.2317,22.5669,22.9261,23.3106,23.7214,24.1593,24.6251,25.1193,25.6422,26.1937,26.7734,27.3804,28.0131,28.6695,29.3461,30.0307,30.911,30.2277,38.3051,9.7389,105.463
18.7123,18.7549,18.7825,18.8522,18.9078,18.9669,19.0283,19.0925,19.1599,19.231,19.3066,19.3871,19.4731,19.5654,19.6646,19.7715,19.8867,20.0111,20.1455,20.2908,20.448,20.618,20.8019,21.0006,21.2153,21.4471,21.6972,21.9668,22.257,22.569,22.9041,23.2634,23.648,24.0589,24.497,24.963,25.4575,25.9808,26.5328,27.1131,27.7208,28.3543,29.0115,29.6891,30.3745,31.258,30.5643,38.6855,10.0082,106.488
19.0333,19.087,19.1369,19.1978,19.2544,19.3134,19.3747,19.4387,19.506,19.577,19.6524,19.7328,19.8187,19.9109,20.0099,20.1166,20.2316,20.3559,20.4901,20.6353,20.7923,20.9621,21.1458,21.3444,21.5589,21.7906,22.0405,22.3099,22.6,22.912,23.247,23.6063,23.9909,24.4018,24.84,25.3063,25.801,26.3247,26.8771,27.4579,28.0662,28.7004,29.3584,30.0369,30.7231,31.6096,30.9055,39.0701,10.2851,107.008
19.384,19.4388,19.4931,19.5507,19.6076,19.6665,19.7277,19.7916,19.8587,19.9296,20.0049,20.0851,20.1709,20.2628,20.3617,20.4682,20.5831,20.7071,20.8412,20.9862,21.143,21.3126,21.496,21.6944,21.9087,22.1402,22.3899,22.6592,22.9491,23.2609,23.5959,23.9551,24.3396,24.7506,25.1888,25.6552,26.1502,26.6741,27.2269,27.8081,28.4169,29.0517,29.7105,30.3898,31.0767,31.9663,31.2513,39.4604,10.5649,107.534
19.7447,19.7996,19.8546,19.911,19.9679,20.0267,20.0877,20.1514,20.2184,20.2892,20.3643,20.4443,20.5299,20.6217,20.7204,20.8267,20.9413,21.0652,21.199,21.3438,21.5003,21.6697,21.8529,22.051,22.2651,22.4963,22.7458,23.0149,23.3046,23.6162,23.951,24.3101,24.6945,25.1054,25.5437,26.0101,26.5052,27.0294,27.5824,28.1641,28.7733,29.4087,30.0681,30.7482,31.4357,32.3284,31.6022,39.8564,10.8486,108.066
20.1133,20.168,20.2229,20.2788,20.3356,20.3943,20.4551,20.5187,20.5855,20.6561,20.731,20.8108,20.8962,20.9878,21.0863,21.1924,21.3068,21.4304,21.564,21.7085,21.8648,22.0339,22.2168,22.4146,22.6284,22.8593,23.1086,23.3773,23.6668,23.9782,24.3128,24.6717,25.056,25.4668,25.905,26.3714,26.8666,27.3909,27.9442,28.5261,29.1358,29.7717,30.4316,31.1124,31.8004,32.6961,31.9585,40.2583,11.1367,108.605
20.4896,20.5441,20.5989,20.6545,20.7111,20.7696,20.8303,20.8937,20.9603,21.0307,21.1054,21.1851,21.2702,21.3616,21.4598,21.5657,21.6798,21.8031,21.9365,22.0806,22.2366,22.4054,22.588,22.7855,22.999,23.2296,23.4785,23.747,24.0362,24.3473,24.6816,25.0402,25.4243,25.835,26.2731,26.7395,27.2346,27.759,28.3124,28.8946,29.5046,30.1409,30.8014,31.4827,32.1712,33.0698,32.3206,40.6666,11.4294,109.152
20.874,20.9284,20.9831,21.0385,21.0948,21.1532,21.2137,21.2768,21.3433,21.4134,21.4879,21.5674,21.6523,21.7434,21.8414,21.9469,22.0608,22.1838,22.3168,22.4607,22.6164,22.7848,22.9671,23.1642,23.3773,23.6075,23.8561,24.1242,24.413,24.7238,25.0577,25.4161,25.7999,26.2104,26.6483,27.1145,27.6097,28.134,28.6876,29.2699,29.8801,30.5168,31.1777,31.8595,32.5484,33.45,32.6887,41.0816,11.727,109.706
21.2667,21.321,21.3756,21.4315,21.487,21.5453,21.6056,21.6686,21.7348,21.8047,21.879,21.9581,22.0428,22.1337,22.2314,22.3366,22.4502,22.5729,22.7055,22.849,23.0043,23.1724,23.3542,23.551,23.7637,23.9935,24.2416,24.5093,24.7977,25.1081,25.4417,25.7997,26.1832,26.5934,27.031,27.4971,27.9921,28.5164,29.0699,29.6524,30.2628,30.8997,31.561,32.2432,32.9324,33.8369,33.0632,41.5039,12.0298,110.268
21.6681,21.7219,21.7757,21.8342,21.8883,21.9464,22.0065,22.0693,22.1352,22.2049,22.2789,22.3578,22.4422,22.5328,22.6302,22.7351,22.8483,22.9706,23.1029,23.246,23.4009,23.5686,23.75,23.9463,24.1585,24.3879,24.6356,24.9028,25.1907,25.5006,25.8338,26.1914,26.5745,26.9843,27.4217,27.8875,28.3823,28.9064,29.4599,30.0424,30.6529,31.29,31.9515,32.6342,33.3235,34.2309,33.4445,41.9337,12.3381,110.838
22.0837,22.1343,22.1803,22.2473,22.2991,22.357,22.4169,22.4794,22.5451,22.6145,22.6882,22.7669,22.851,22.9412,23.0382,23.1428,23.2556,23.3776,23.5095,23.6522,23.8066,23.9738,24.1547,24.3505,24.5623,24.7911,25.0383,25.305,25.5924,25.9018,26.2345,26.5916,26.9743,27.3837,27.8207,28.2862,28.7807,29.3046,29.858,30.4404,31.0509,31.6881,32.3498,33.0327,33.7222,34.6323,33.833,42.3716,12.6517,111.418
22.5463,22.5854,22.5835,22.6706,22.7199,22.7775,22.8371,22.8994,22.9648,23.0339,23.1074,23.1857,23.2694,23.3593,23.456,23.5602,23.6726,23.7942,23.9256,24.0678,24.2218,24.3885,24.5689,24.7642,24.9754,25.2037,25.4503,25.7164,26.0032,26.3121,26.6442,27.0008,27.3829,27.7918,28.2284,28.6935,29.1876,29.7113,30.2644,30.8467,31.4571,32.0944,32.7562,33.4392,34.1287,35.0417,34.2288,42.8174,12.9701,112.007
22.5463,23.1825,22.9932,23.1021,23.1512,23.2084,23.2677,23.3297,23.3948,23.4636,23.5368,23.6147,23.6981,23.7876,23.8839,23.9877,24.0997,24.2208,24.3518,24.4935,24.647,24.8131,24.993,25.1877,25.3983,25.626,25.8719,26.1374,26.4236,26.7319,27.0633,27.4193,27.8009,28.2092,28.6453,29.1098,29.6036,30.1269,30.6797,31.2617,31.872,32.5092,33.171,33.8542,34.5435,35.4593,34.6324,43.2728,13.3004,112.007
23.4119,23.4496,23.4691,23.5407,23.5934,23.6501,23.7091,23.7708,23.8356,23.9041,23.9769,24.0545,24.1375,24.2266,24.3225,24.4259,24.5374,24.658,24.7885,24.9297,25.0826,25.2481,25.4274,25.6214,25.8314,26.0584,26.3037,26.5685,26.854,27.1616,27.4924,27.8476,28.2286,28.6363,29.0717,29.5358,30.029,30.5518,31.1043,31.686,32.296,32.933,33.5948,34.2779,34.967,35.8856,35.0443,43.7375,13.6301,113.217
23.8352,23.8863,23.9337,23.9928,24.0467,24.1032,24.1619,24.2232,24.2877,24.3558,24.4282,24.5055,24.5881,24.6768,24.7722,24.8751,24.9862,25.1062,25.2362,25.3768,25.5291,25.694,25.8726,26.066,26.2753,26.5016,26.7461,27.0102,27.2949,27.6017,27.9317,28.2863,28.6665,29.0735,29.5082,29.9716,30.4643,30.9866,31.5385,32.1198,32.7296,33.3663,34.0279,34.7109,35.3997,36.321,35.4649,44.2112,13.9703,113.838
24.2989,24.351,24.4029,24.4578,24.5119,24.5681,24.6264,24.6874,24.7515,24.8193,24.8913,24.9682,25.0504,25.1386,25.2336,25.336,25.4465,25.566,25.6953,25.8353,25.987,26.1513,26.3292,26.5218,26.7303,26.9558,27.1996,27.4628,27.7468,28.0527,28.382,28.7357,29.1151,29.5213,29.9553,30.4179,30.9099,31.4315,31.983,32.5637,33.1731,33.8094,34.4707,35.1535,35.8419,36.7659,35.8943,44.6957,14.3164,114.47
24.7779,24.8299,24.8821,24.9355,24.9895,25.0453,25.1033,25.1639,25.2277,25.2951,25.3667,25.4431,25.5249,25.6126,25.7071,25.8089,25.9189,26.0378,26.1665,26.3059,26.4568,26.6204,26.7975,26.9894,27.1971,27.4218,27.6647,27.9271,28.2101,28.5152,28.8435,29.1963,29.5748,29.9801,30.4133,30.8751,31.3663,31.8873,32.438,33.0182,33.627,34.2629,34.9237,35.6062,36.294,37.2208,36.3332,45.1909,14.6695,115.115
25.2701,25.3217,25.3736,25.4263,25.4801,25.5355,25.5931,25.6534,25.7167,25.7837,25.8549,25.9308,26.0121,26.0993,26.1932,26.2945,26.4039,26.5222,26.6502,26.7889,26.9391,27.1019,27.2783,27.4693,27.6761,27.8999,28.1419,28.4033,28.6854,28.9895,29.3168,29.6686,30.0462,30.4505,30.8828,31.3437,31.834,32.3542,32.9041,33.4836,34.0917,34.7271,35.3874,36.0695,36.7566,37.686,36.7819,45.6973,15.0303,115.772
25.7757,25.827,25.8784,25.9307,25.9841,26.0392,26.0964,26.1562,26.2191,26.2857,26.3564,26.4318,26.5126,26.5993,26.6927,26.7933,26.9021,27.0197,27.147,27.285,27.4344,27.5964,27.7719,27.962,28.1679,28.3908,28.6317,28.8921,29.1732,29.4762,29.8025,30.1533,30.5297,30.9331,31.3643,31.8242,32.3136,32.8328,33.3819,33.9605,34.5679,35.2026,35.8623,36.5438,37.2301,38.1622,37.2409,46.2155,15.3989,116.442
26.2954,26.3463,26.3973,26.4492,26.5022,26.5569,26.6137,26.6731,26.7355,26.8016,26.8718,26.9468,27.027,27.1131,27.2059,27.3059,27.414,27.5309,27.6575,27.7946,27.9432,28.1043,28.2789,28.4681,28.673,28.8949,29.1348,29.3941,29.6741,29.976,30.3011,30.6507,31.026,31.4282,31.8583,32.3171,32.8054,33.3236,33.8717,34.4494,35.056,35.6898,36.3488,37.0296,37.7149,38.6496,37.7105,46.746,15.7758,117.127
26.8298,26.8803,26.9309,26.9824,27.035,27.0892,27.1456,27.2045,27.2665,27.3321,27.4018,27.4762,27.5558,27.6414,27.7335,27.8329,27.9402,28.0564,28.1822,28.3185,28.4662,28.6264,28.8,28.9882,29.1921,29.4128,29.6516,29.9097,30.1885,30.4892,30.8131,31.1615,31.5356,31.9365,32.3653,32.823,33.3101,33.8271,34.3742,34.9509,35.5564,36.1893,36.8474,37.5274,38.2116,39.149,38.1913,47.2894,16.1611,117.825
27.3796,27.4297,27.4798,27.5308,27.583,27.6368,27.6927,27.7512,27.8127,27.8777,27.9469,28.0207,28.0998,28.1847,28.2761,28.3748,28.4814,28.5968,28.7217,28.8571,29.0039,29.1631,29.3357,29.5228,29.7256,29.9451,30.1827,30.4397,30.7172,31.0165,31.3391,31.6862,32.0589,32.4585,32.886,33.3424,33.8282,34.344,34.8898,35.4653,36.0697,36.7016,37.3587,38.0377,38.7206,39.6606,38.6836,47.8462,16.5552,118.539
27.9454,27.995,28.0447,28.0953,28.147,28.2003,28.2557,28.3136,28.3746,28.4392,28.5077,28.5809,28.6594,28.7436,28.8343,28.9323,29.0381,29.1526,29.2767,29.4112,29.557,29.7151,29.8866,30.0726,30.2742,30.4925,30.7288,30.9844,31.2606,31.5586,31.8797,32.2254,32.5967,32.9948,33.4209,33.8758,34.3603,34.8747,35.4191,35.9934,36.5965,37.2272,37.8831,38.5611,39.2425,40.1851,39.188,48.417,16.9584,119.268
28.5279,28.5769,28.6262,28.6763,28.7275,28.7803,28.8352,28.8926,28.9531,29.017,29.085,29.1576,29.2353,29.3189,29.4088,29.506,29.611,29.7246,29.8477,29.9812,30.126,30.2831,30.4534,30.6382,30.8385,31.0555,31.2905,31.5447,31.8194,32.1159,32.4356,32.7797,33.1495,33.5461,33.9706,34.424,34.9069,35.4198,35.9628,36.5356,37.1373,37.7666,38.4213,39.0981,39.7778,40.723,39.705,49.0025,17.3709,120.013
29.1276,29.1762,29.2249,29.2745,29.3252,29.3775,29.4319,29.4887,29.5486,29.6119,29.6793,29.7512,29.8283,29.9111,30.0003,30.0966,30.2007,30.3134,30.4355,30.568,30.7117,30.8676,31.0367,31.2202,31.4192,31.6349,31.8684,32.1211,32.3943,32.6892,33.0073,33.3497,33.7179,34.1128,34.5357,34.9874,35.4686,35.9799,36.5213,37.0925,37.6927,38.3205,38.9738,39.6491,40.3271,41.2749,40.235,49.6033,17.7931,120.775
29.7454,29.7934,29.8417,29.8907,29.9408,29.9926,30.0464,30.1027,30.1619,30.2247,30.2914,30.3626,30.4389,30.5209,30.6093,30.7047,30.8079,30.9197,31.0408,31.1721,31.3147,31.4693,31.6372,31.8194,32.0169,32.2311,32.4631,32.7143,32.9858,33.2791,33.5955,33.9362,34.3025,34.6957,35.1168,35.5667,36.0461,36.5556,37.0953,37.6648,38.2633,38.8895,39.5411,40.2149,40.8909,41.8412,40.7786,50.22,18.2253,121.554
30.3819,30.4294,30.477,30.5255,30.5751,30.6263,30.6795,30.7352,30.7938,30.8559,30.9219,30.9924,31.0679,31.1491,31.2366,31.3311,31.4334,31.5441,31.6641,31.7943,31.9356,32.0891,32.2556,32.4363,32.6324,32.845,33.0755,33.3249,33.5947,33.8863,34.2008,34.5397,34.9041,35.2954,35.7146,36.1625,36.6401,37.1476,37.6854,38.253,38.8497,39.4741,40.124,40.796,41.4697,42.4227,41.3362,50.8534,18.6677,122.351
31.0378,31.0847,31.1318,31.1797,31.2287,31.2793,31.3319,31.387,31.4449,31.5063,31.5716,31.6413,31.716,31.7964,31.883,31.9766,32.0778,32.1874,32.3063,32.4353,32.5753,32.7274,32.8925,33.0718,33.2663,33.4773,33.706,33.9537,34.2217,34.5114,34.824,35.1609,35.5233,35.9126,36.3297,36.7756,37.2511,37.7566,38.2923,38.8579,39.4526,40.075,40.7229,41.393,42.0643,43.0198,41.9084,51.5041,19.1208,123.167
31.714,31.7603,31.8068,31.8541,31.9025,31.9524,32.0044,32.0588,32.116,32.1767,32.2412,32.3101,32.384,32.4635,32.5492,32.6417,32.7419,32.8504,32.9681,33.0958,33.2345,33.3852,33.5488,33.7265,33.9194,34.1286,34.3556,34.6014,34.8675,35.1551,35.4657,35.8005,36.1609,36.5479,36.9629,37.4066,37.8798,38.3831,38.9166,39.48,40.0725,40.6927,41.3385,42.0065,42.6752,43.6333,42.4958,52.1729,19.5847,124.003
32.4111,32.4568,32.5026,32.5493,32.597,32.6464,32.6977,32.7514,32.8079,32.8678,32.9315,32.9996,33.0726,33.1512,33.2358,33.3274,33.4264,33.5337,33.6502,33.7766,33.9139,34.0631,34.2251,34.4012,34.5923,34.7998,35.0248,35.2687,35.5328,35.8183,36.1267,36.4593,36.8174,37.2022,37.6148,38.0561,38.527,39.0279,39.559,40.1201,40.7102,41.3281,41.9715,42.6372,43.303,44.2637,43.0989,52.8605,20.0598,124.858
33.1301,33.1751,33.2203,33.2663,33.3133,33.362,33.4126,33.4655,33.5213,33.5804,33.6433,33.7106,33.7827,33.8602,33.9439,34.0343,34.1322,34.2383,34.3534,34.4784,34.6143,34.7619,34.9223,35.0966,35.286,35.4915,35.7146,35.9564,36.2183,36.5017,36.8078,37.1381,37.4937,37.8761,38.2862,38.725,39.1934,39.6918,40.2203,40.7788,41.3664,41.9817,42.6226,43.2858,43.9484,44.9117,43.7183,53.5677,20.5464,125.734
33.8715,33.9159,33.9606,34.006,34.0519,34.1,34.1499,34.2021,34.2571,34.3154,34.3775,34.4438,34.5149,34.5915,34.674,34.7633,34.86,34.9648,35.0786,35.2021,35.3364,35.4824,35.6411,35.8136,36.0011,36.2047,36.4257,36.6653,36.925,37.206,37.5097,37.8375,38.1906,38.5704,38.9779,39.414,39.8797,40.3753,40.9011,41.4569,42.0417,42.6542,43.2924,43.9528,44.612,45.578,44.3545,54.2953,21.0448,126.632
34.6354,34.6792,34.7234,34.7702,34.8137,34.8614,34.9105,34.9619,35.0161,35.0736,35.1347,35.2001,35.2702,35.3457,35.4272,35.5153,35.6107,35.7141,35.8265,35.9485,36.0812,36.2255,36.3824,36.5531,36.7385,36.94,37.1588,37.3962,37.6535,37.932,38.2332,38.5584,38.9089,39.2859,39.6906,40.1239,40.5867,41.0794,41.6023,42.155,42.7369,43.3465,43.9817,44.6392,45.2946,46.2633,45.0082,55.0443,21.5552,127.552
35.4241,35.465,35.5033,35.5617,35.5995,35.6468,35.6952,35.7458,35.7992,35.8557,35.916,35.9804,36.0495,36.1239,36.2042,36.291,36.3851,36.4872,36.598,36.7185,36.8495,36.992,37.1471,37.3157,37.4991,37.6984,37.9149,38.1499,38.4047,38.6807,38.9792,39.3016,39.6493,40.0234,40.4251,40.8554,41.3151,41.8048,42.3245,42.8741,43.4528,44.0592,44.6912,45.3454,45.9969,46.9683,45.6801,55.8156,22.0781,128.496
36.2951,36.3152,36.2739,36.3831,36.4106,36.4573,36.5049,36.5547,36.6072,36.6628,36.7221,36.7855,36.8535,36.9268,37.0059,37.0914,37.1841,37.2847,37.3941,37.5129,37.6422,37.7828,37.9359,38.1025,38.2837,38.4807,38.6948,38.9273,39.1795,39.4527,39.7484,40.068,40.4126,40.7837,41.1823,41.6094,42.0659,42.5522,43.0686,43.6149,44.1902,44.7931,45.4216,46.0724,46.7196,47.6937,46.3706,56.6096,22.6122,129.463
36.2951,37.6122,37.0146,37.2266,37.2486,37.2938,37.3405,37.3895,37.441,37.4957,37.554,37.6163,37.6832,37.7553,37.8332,37.9174,38.0087,38.1078,38.2155,38.3326,38.4601,38.5988,38.7499,38.9143,39.0932,39.2878,39.4994,39.7293,39.9787,40.2491,40.5419,40.8584,41.1999,41.5677,41.963,42.3868,42.8398,43.3226,43.8355,44.3781,44.9497,45.549,46.1738,46.8209,47.4634,48.4404,47.0804,57.4282,23.1645,129.463
37.9878,38.0076,38.0031,38.0756,38.1135,38.1572,38.203,38.251,38.3017,38.3554,38.4126,38.4739,38.5396,38.6105,38.687,38.7698,38.8597,38.9572,39.0632,39.1786,39.3041,39.4409,39.5898,39.752,39.9285,40.1207,40.3296,40.5567,40.8033,41.0707,41.3604,41.6737,42.0119,42.3764,42.7682,43.1884,43.6377,44.1168,44.6259,45.1647,45.7324,46.3277,46.9485,47.5917,48.2291,49.2091,47.8104,58.2718,23.7252,131.471
38.8432,38.882,38.9183,38.9648,39.0054,39.0484,39.0933,39.1404,39.19,39.2427,39.2989,39.359,39.4236,39.4932,39.5683,39.6497,39.738,39.8339,39.9382,40.0517,40.1753,40.31,40.4567,40.6165,40.7906,40.9802,41.1864,41.4106,41.6542,41.9185,42.2049,42.5149,42.8496,43.2105,43.5986,44.015,44.4605,44.9357,45.4407,45.9754,46.539,47.1301,47.7467,48.3855,49.0176,50.0007,48.561,59.1411,24.3,132.515
39.7669,39.8058,39.8447,39.8855,39.9261,39.9683,40.0123,40.0584,40.1071,40.1587,40.2138,40.2728,40.3361,40.4044,40.4781,40.5581,40.6448,40.739,40.8415,40.9531,41.0747,41.2071,41.3516,41.509,41.6805,41.8673,42.0707,42.2919,42.5324,42.7934,43.0764,43.3828,43.7139,44.0711,44.4553,44.8677,45.3092,45.7802,46.2809,46.8113,47.3705,47.9571,48.5691,49.2033,49.8296,50.8159,49.333,60.0382,24.887,133.586
40.7215,40.7595,40.7978,40.8369,40.8767,40.918,40.9611,41.0062,41.0539,41.1044,41.1584,41.2161,41.2782,41.3451,41.4174,41.4958,41.5809,41.6733,41.774,41.8836,42.0031,42.1333,42.2753,42.4302,42.5991,42.7831,42.9835,43.2016,43.4388,43.6964,43.9758,44.2786,44.6059,44.959,45.3392,45.7475,46.1846,46.6511,47.1474,47.6732,48.2276,48.8095,49.4166,50.0459,50.666,51.6557,50.1271,60.9635,25.4875,134.684
41.7067,41.7438,41.7811,41.8192,41.8582,41.8986,41.9406,41.9848,42.0314,42.0808,42.1336,42.1901,42.2508,42.3163,42.3872,42.464,42.5474,42.638,42.7368,42.8443,42.9616,43.0895,43.2291,43.3813,43.5474,43.7285,43.9258,44.1407,44.3744,44.6285,44.9042,45.2031,45.5264,45.8754,46.2513,46.6551,47.0877,47.5496,48.0411,48.562,49.1115,49.6882,50.2901,50.9143,51.5277,52.5209,50.9439,61.9185,26.1017,135.812
42.7238,42.76,42.7964,42.8335,42.8716,42.911,42.952,42.9951,43.0406,43.0889,43.1405,43.1957,43.2551,43.3192,43.3885,43.4637,43.5453,43.6341,43.7308,43.8363,43.9513,44.0768,44.2138,44.3634,44.5266,44.7046,44.8987,45.1102,45.3404,45.5907,45.8626,46.1574,46.4765,46.8212,47.1926,47.5918,48.0196,48.4766,48.963,49.4787,50.0229,50.5943,51.1906,51.8092,52.4156,53.4125,51.7843,62.9043,26.7295,136.97
43.774,43.8092,43.8447,43.8808,43.9179,43.9563,43.9963,44.0383,44.0827,44.1298,44.1802,44.2341,44.2921,44.3547,44.4224,44.4959,44.5758,44.6627,44.7573,44.8606,44.9733,45.0963,45.2307,45.3774,45.5376,45.7125,45.9033,46.1112,46.3378,46.5842,46.8521,47.1427,47.4574,47.7975,48.1642,48.5585,48.9813,49.4331,49.9142,50.4244,50.963,51.5286,52.1191,52.7318,53.3305,54.3314,52.6489,63.9224,27.3709,138.159
44.8584,44.8926,44.9271,44.9623,44.9981,45.0356,45.0746,45.1155,45.1587,45.2047,45.2537,45.3063,45.3629,45.424,45.4901,45.5618,45.6398,45.7248,45.8173,45.9183,46.0286,46.1491,46.2807,46.4246,46.5817,46.7533,46.9406,47.1449,47.3676,47.61,47.8736,48.1599,48.47,48.8054,49.1672,49.5563,49.9738,50.4202,50.8956,51.4001,51.9327,52.4922,53.0765,53.6829,54.2735,55.2787,53.5386,64.9741,28.026,139.379
45.9774,46.0108,46.0447,46.0799,46.1132,46.1501,46.188,46.2278,46.2698,46.3145,46.3623,46.4135,46.4686,46.5281,46.5926,46.6626,46.7387,46.8216,46.912,47.0107,47.1185,47.2363,47.3651,47.5059,47.6599,47.8281,48.0118,48.2124,48.431,48.6693,48.9285,49.2102,49.5155,49.846,50.2025,50.5864,50.9983,51.4389,51.9084,52.4068,52.9331,53.4862,54.0638,54.6636,55.2454,56.2553,54.4539,66.0608,28.6945,140.633
47.1312,47.1622,47.192,47.2383,47.2642,47.3008,47.3376,47.3763,47.4171,47.4606,47.507,47.5568,47.6104,47.6683,47.7311,47.7992,47.8734,47.9542,48.0424,48.1387,48.2439,48.3591,48.485,48.6227,48.7733,48.9381,49.1181,49.3147,49.5293,49.7632,50.0178,50.2947,50.5951,50.9203,51.2715,51.6497,52.0558,52.4904,52.9537,53.4456,53.9653,54.5115,55.0821,55.6749,56.2474,57.2624,55.3959,67.1844,29.3766,141.921
48.3838,48.3899,48.3249,48.4455,48.4528,48.4889,48.5246,48.5621,48.6018,48.6439,48.689,48.7373,48.7894,48.8457,48.9067,48.973,49.0452,49.1239,49.2098,49.3036,49.4063,49.5186,49.6415,49.7761,49.9233,50.0844,50.2606,50.4532,50.6635,50.8928,51.1428,51.4147,51.7099,52.0297,52.3753,52.7476,53.1475,53.5758,54.0325,54.5176,55.0304,55.5694,56.1325,56.7178,57.2805,58.3009,56.365,68.3459,30.0709,143.243
48.3838,50.3861,49.3527,49.6916,49.6817,49.7156,49.7503,49.7866,49.825,49.8658,49.9095,49.9564,50.0069,50.0615,50.1208,50.1852,50.2553,50.3318,50.4154,50.5067,50.6067,50.7161,50.836,50.9672,51.111,51.2684,51.4406,51.629,51.8348,52.0595,52.3045,52.5713,52.8612,53.1753,53.515,53.8811,54.2747,54.6963,55.1461,55.6241,56.1295,56.6608,57.2161,57.7935,58.3456,59.3721,57.3623,69.5476,30.7835,143.243
50.8709,50.8772,50.8588,50.926,50.9511,50.9824,51.0157,51.0508,51.088,51.1275,51.1697,51.2151,51.2641,51.317,51.3744,51.4369,51.5049,51.5792,51.6603,51.7491,51.8463,51.9528,52.0695,52.1974,52.3376,52.4912,52.6593,52.8434,53.0446,53.2645,53.5044,53.7658,54.0501,54.3584,54.6919,55.0516,55.4385,55.8531,56.2957,56.7661,57.2637,57.787,58.3341,58.9031,59.4439,60.477,58.3884,70.791,31.5052,145.999
52.1438,52.1713,52.1971,52.2308,52.2596,52.2901,52.3223,52.3561,52.392,52.4301,52.471,52.5148,52.5621,52.6133,52.6689,52.7294,52.7953,52.8673,52.946,53.0322,53.1266,53.2301,53.3435,53.468,53.6045,53.7541,53.9181,54.0976,54.2941,54.509,54.7436,54.9995,55.278,55.5802,55.9073,56.2603,56.6401,57.0474,57.4824,57.945,58.4344,58.9492,59.4875,60.0477,60.5764,61.617,59.4441,72.0779,32.2366,147.433
53.4997,53.5267,53.5538,53.5822,53.6106,53.6401,53.6711,53.7037,53.7383,53.775,53.8144,53.8567,53.9024,53.9519,54.0056,54.064,54.1278,54.1975,54.2737,54.3572,54.4487,54.5491,54.6593,54.7802,54.9129,55.0584,55.2181,55.3931,55.5847,55.7944,56.0236,56.2737,56.5461,56.842,57.1624,57.5084,57.8809,58.2806,58.7076,59.1619,59.6427,60.1486,60.6776,61.2286,61.7444,62.7932,60.5301,73.4107,32.9781,148.908
54.8993,54.9251,54.9512,54.9779,55.0053,55.0338,55.0636,55.0949,55.1281,55.1635,55.2014,55.2422,55.2862,55.3339,55.3857,55.4421,55.5037,55.571,55.6446,55.7254,55.814,55.9113,56.018,56.1353,56.2641,56.4056,56.5608,56.731,56.9176,57.1219,57.3455,57.5897,57.8559,58.1451,58.4586,58.7974,59.1622,59.5539,59.9726,60.4182,60.8899,61.3864,61.9057,62.447,62.949,64.0069,61.6474,74.7913,33.73,150.423
56.3435,56.3683,56.3932,56.4188,56.4451,56.4724,56.5009,56.531,56.5629,56.5969,56.6333,56.6725,56.7148,56.7607,56.8105,56.8649,56.9242,56.9891,57.0603,57.1382,57.2239,57.3179,57.4212,57.5348,57.6597,57.7968,57.9475,58.1129,58.2943,58.4931,58.7108,58.9489,59.2086,59.491,59.7973,60.1285,60.4854,60.8687,61.2786,61.7151,62.1773,62.664,63.173,63.704,64.1914,65.2595,62.7966,76.222,34.4909,151.981
57.834,57.8577,57.8815,57.9059,57.9311,57.9572,57.9846,58.0134,58.0439,58.0765,58.1114,58.149,58.1896,58.2337,58.2816,58.3338,58.3909,58.4534,58.5219,58.5971,58.6796,58.7704,58.8702,58.98,59.1008,59.2336,59.3796,59.54,59.7161,59.9092,60.1209,60.3527,60.6057,60.8811,61.1799,61.5031,61.8517,62.2263,62.6271,63.054,63.5063,63.9826,64.4807,65.001,65.4728,66.5523,63.9785,77.7053,35.2596,153.582
59.3722,59.3948,59.4175,59.4408,59.4648,59.4897,59.5158,59.5433,59.5725,59.6037,59.6371,59.6731,59.712,59.7542,59.8001,59.8503,59.9051,59.9651,60.0309,60.1033,60.1828,60.2702,60.3665,60.4724,60.5891,60.7174,60.8586,61.0139,61.1845,61.3718,61.5773,61.8025,62.0486,62.3167,62.6077,62.9228,63.2627,63.6282,64.0195,64.4364,64.8782,65.3436,65.8304,66.3394,66.7945,67.8868,65.1938,79.2437,36.0348,155.228
60.9594,60.9809,61.0025,61.0246,61.0475,61.0712,61.0961,61.1223,61.1502,61.1799,61.2118,61.2462,61.2833,61.3237,61.3677,61.4157,61.4682,61.5257,61.5889,61.6583,61.7347,61.8188,61.9114,62.0134,62.1258,62.2497,62.386,62.536,62.701,62.8822,63.0814,63.2999,63.5388,63.7993,64.0823,64.3889,64.7198,65.0758,65.4571,65.8636,66.2945,66.7484,67.2232,67.7205,68.1577,69.2644,66.4432,80.8399,36.8147,156.92
62.5971,62.6174,62.6379,62.659,62.6807,62.7032,62.7269,62.7518,62.7783,62.8066,62.8369,62.8697,62.9051,62.9436,62.9856,63.0314,63.0816,63.1367,63.1971,63.2636,63.3369,63.4175,63.5065,63.6045,63.7127,63.8319,63.9632,64.1078,64.267,64.4421,64.6347,64.8462,65.0779,65.3305,65.6052,65.9029,66.2245,66.5706,66.9415,67.337,67.7565,68.1984,68.6607,69.1456,69.5637,70.6867,67.7275,82.4969,37.5972,158.659
64.2867,64.3059,64.3253,64.3452,64.3657,64.3871,64.4095,64.4332,64.4583,64.4852,64.514,64.5451,64.5788,64.6155,64.6554,64.6991,64.747,64.7995,64.8572,64.9208,64.9908,65.068,65.1533,65.2473,65.351,65.4655,65.5918,65.7309,65.8842,66.0529,66.2387,66.4432,66.6673,66.9119,67.1779,67.4664,67.7782,68.114,68.4741,68.8582,69.2657,69.6951,70.1442,70.6162,71.0139,72.1552,69.0472,84.2178,38.3802,160.448
66.0296,66.0477,66.066,66.0848,66.1042,66.1244,66.1456,66.1679,66.1917,66.2172,66.2445,66.274,66.306,66.3408,66.3787,66.4202,66.4657,66.5157,66.5707,66.6313,66.6981,66.7719,66.8533,66.9432,67.0426,67.1523,67.2733,67.4069,67.5541,67.7163,67.8951,68.0923,68.3086,68.5448,68.802,69.081,69.3827,69.7078,70.0565,70.4288,70.8237,71.2399,71.6752,72.1338,72.5097,73.6717,70.4029,86.006,39.161,162.288
67.8274,67.8444,67.8616,67.8793,67.8976,67.9166,67.9366,67.9577,67.9801,68.0041,68.0299,68.0578,68.0881,68.121,68.1569,68.1963,68.2394,68.2869,68.3391,68.3967,68.4603,68.5305,68.6081,68.6939,68.7888,68.8936,69.0094,69.1372,69.2782,69.4337,69.6054,69.7951,70.0034,70.2311,70.479,70.7482,71.0394,71.3534,71.6904,72.0501,72.432,72.8345,73.2552,73.6999,74.0524,75.2377,71.7952,87.865,39.9364,164.179
69.6816,69.6975,69.7136,69.7302,69.7474,69.7652,69.784,69.8039,69.825,69.8476,69.8719,69.8982,69.9267,69.9578,69.9917,70.0289,70.0697,70.1146,70.1641,70.2187,70.279,70.3457,70.4195,70.5011,70.5914,70.6913,70.8017,70.9237,71.0584,71.207,71.3714,71.5534,71.7535,71.9723,72.2107,72.4697,72.75,73.0524,73.3772,73.724,74.0922,74.4803,74.8858,75.3159,75.6433,76.8552,73.2246,89.7988,40.703,166.124
71.5937,71.6087,71.6237,71.6392,71.6553,71.672,71.6896,71.7081,71.7279,71.7491,71.772,71.7967,71.8235,71.8527,71.8846,71.9197,71.9582,72.0005,72.0473,72.0989,72.1559,72.219,72.2889,72.3663,72.452,72.5469,72.6519,72.768,72.8962,73.0378,73.1945,73.3687,73.5604,73.7702,73.9988,74.2472,74.5162,74.8066,75.1186,75.4519,75.8058,76.179,76.5686,76.9836,77.284,78.526,74.6916,91.8114,41.4567,168.125
73.5655,73.5794,73.5934,73.6079,73.6228,73.6384,73.6548,73.6722,73.6907,73.7105,73.7318,73.755,73.7801,73.8075,73.8375,73.8703,73.9065,73.9463,73.9903,74.0389,74.0927,74.1522,74.2182,74.2914,74.3725,74.4623,74.5618,74.6718,74.7933,74.9277,75.0767,75.2429,75.426,75.6264,75.8448,76.0823,76.3397,76.6176,76.9164,77.2356,77.5747,77.9321,78.305,78.7044,78.9759,80.2519,76.1963,93.9074,42.1929,170.183
75.5985,75.6114,75.6244,75.6378,75.6517,75.6662,75.6815,75.6976,75.7148,75.7333,75.7532,75.7748,75.7982,75.8238,75.8518,75.8826,75.9164,75.9537,75.995,76.0406,76.0911,76.147,76.2091,76.278,76.3544,76.4391,76.533,76.6368,76.7517,76.8786,77.0196,77.1776,77.3519,77.5427,77.7507,77.9769,78.2222,78.4872,78.7721,79.0768,79.4003,79.7414,80.0969,80.4801,80.7204,82.0351,77.739,96.0916,42.9063,172.299
77.6946,77.7065,77.7185,77.7309,77.7437,77.7571,77.7713,77.7862,77.8022,77.8193,77.8378,77.8578,77.8796,77.9034,77.9295,77.9582,77.9897,78.0245,78.063,78.1056,78.1528,78.2052,78.2634,78.3279,78.3996,78.4792,78.5674,78.665,78.773,78.8923,79.025,79.1747,79.34,79.5209,79.7182,79.9327,80.1655,80.4171,80.6877,80.9772,81.2846,81.6086,81.9458,82.3123,82.5191,83.8776,79.3198,98.3693,43.5908,174.476
79.8554,79.8663,79.8774,79.8888,79.9006,79.913,79.926,79.9398,79.9545,79.9704,79.9874,80.006,80.0261,80.0482,80.0724,80.0989,80.1282,80.1605,80.1963,80.2359,80.2799,80.3286,80.3828,80.4431,80.51,80.5843,80.6668,80.7582,80.8591,80.9706,81.0947,81.236,81.3921,81.5629,81.7491,81.9516,82.1714,82.4091,82.6649,82.9385,83.2291,83.5354,83.8534,84.2028,84.3733,85.7816,80.9387,100.746,44.2396,176.715
82.0828,82.0928,82.1029,82.1134,82.1242,82.1356,82.1475,82.1602,82.1737,82.1883,82.204,82.221,82.2396,82.2599,82.2822,82.3067,82.3338,82.3636,82.3967,82.4333,82.474,82.5192,82.5695,82.6253,82.6875,82.7565,82.8332,82.9182,83.012,83.1154,83.2305,83.3633,83.5102,83.6706,83.8453,84.0354,84.2418,84.4651,84.7055,84.9627,85.2358,85.5235,85.8216,86.1534,86.2846,87.7496,82.5954,103.229,44.8449,179.018
84.3787,84.3878,84.3971,84.4066,84.4165,84.4268,84.4377,84.4493,84.4617,84.475,84.4894,84.505,84.522,84.5406,84.561,84.5836,84.6084,84.6358,84.6662,84.6999,84.7373,84.7789,84.8251,84.8766,84.934,84.9977,85.0686,85.147,85.2336,85.3287,85.4344,85.5587,85.6961,85.8458,86.0088,86.1861,86.3786,86.587,86.8114,87.0515,87.3064,87.5748,87.852,88.1658,88.2544,89.7838,84.2896,105.823,45.3978,181.388
86.7452,86.7534,86.7618,86.7705,86.7794,86.7888,86.7987,86.8092,86.8205,86.8325,86.8456,86.8598,86.8753,86.8922,86.9108,86.9314,86.954,86.9791,87.0068,87.0375,87.0717,87.1096,87.1519,87.199,87.2515,87.3099,87.3748,87.4467,87.526,87.6126,87.7082,87.8241,87.9518,88.0906,88.2414,88.4055,88.5837,88.7766,88.9844,89.2068,89.4428,89.6912,89.9465,90.242,90.2843,91.887,86.0205,108.537,45.888,183.826
89.1843,89.1917,89.1993,89.2071,89.2151,89.2236,89.2325,89.242,89.2521,89.263,89.2748,89.2876,89.3015,89.3169,89.3337,89.3523,89.3728,89.3955,89.4206,89.4484,89.4793,89.5136,89.5519,89.5946,89.6422,89.6952,89.7541,89.8194,89.8912,89.9691,90.0538,90.1615,90.2794,90.4069,90.5453,90.6957,90.859,91.036,91.2266,91.4306,91.6469,91.8744,92.1068,92.3838,92.3758,94.0618,87.7875,111.378,46.3039,186.333
91.6982,91.7049,91.7117,91.7187,91.7259,91.7335,91.7415,91.75,91.759,91.7687,91.7792,91.7906,91.8031,91.8167,91.8318,91.8485,91.867,91.8873,91.9098,91.9346,91.9623,91.993,92.0273,92.0655,92.1081,92.1556,92.2085,92.267,92.3314,92.4004,92.4732,92.5729,92.6809,92.7969,92.9223,93.0586,93.2067,93.3671,93.5399,93.7247,93.9206,94.1265,94.3349,94.5933,94.53,96.3115,89.5889,114.355,46.6336,188.913
94.2894,94.2955,94.3015,94.3077,94.3142,94.3209,94.328,94.3355,94.3435,94.352,94.3613,94.3713,94.3822,94.3941,94.4074,94.4222,94.4388,94.4569,94.4767,94.4986,94.523,94.55,94.5802,94.6139,94.6515,94.6935,94.7402,94.7919,94.8487,94.9089,94.9682,95.0605,95.1584,95.2626,95.3748,95.4964,95.6287,95.7719,95.9263,96.0914,96.266,96.4494,96.6327,96.8727,96.7483,98.641,91.4192,117.483,46.869,191.568
96.9605,96.9659,96.9713,96.9768,96.9825,96.9884,96.9947,97.0012,97.0082,97.0156,97.0236,97.0323,97.0416,97.0517,97.0629,97.0755,97.0907,97.1066,97.1238,97.1428,97.1638,97.1872,97.2133,97.2424,97.2749,97.3111,97.3516,97.3965,97.4457,97.4973,97.5407,97.6267,97.7143,97.8063,97.9047,98.0114,98.1272,98.2527,98.3879,98.5324,98.685,98.845,99.0016,99.2241,99.0286,101.062,93.2468,120.843,46.9261,194.299
99.7137,99.7183,99.7229,99.7275,99.7323,99.7371,99.7421,99.7474,99.7529,99.7588,99.765,99.7717,99.7788,99.7864,99.7945,99.8026,99.8162,99.8293,99.8428,99.8574,99.8736,99.8916,99.9116,99.934,99.959,99.987,100.018,100.053,100.091,100.132,100.151,100.226,100.298,100.371,100.448,100.532,100.622,100.72,100.826,100.938,101.056,101.179,101.294,101.488,101.182,103.43,94.6997,124.679,45.3843,197.109
102.586,102.591,102.595,102.6,102.604,102.608,102.613,102.618,102.623,102.628,102.634,102.64,102.646,102.653,102.66,102.66,102.68,102.692,102.704,102.717,102.732,102.748,102.766,102.786,102.809,102.834,102.862,102.893,102.928,102.966,102.966,103.047,103.114,103.181,103.252,103.327,103.409,103.498,103.594,103.695,103.801,103.912,104.013,104.198,103.855,106.175,97.1391,127.913,46.8255,200.001
