SPACE_POINTS
-5.96046e-08,0.0190286,0.0374081,0.0551632,0.0723179,0.0888954,0.104918,0.120407,0.135384,0.149869,0.163882,0.17744,0.190564,0.203269,0.215574,0.227496,0.239049,0.25025,0.261115,0.271656,0.28189,0.291829,0.301487,0.310877,0.320012,0.328904,0.337566,0.346008,0.354242,0.362279,0.37013,0.377807,0.385318,0.392674,0.399886,0.406962,0.413913,0.420748,0.427476,0.434105,0.440646,0.447107,0.453496,0.459823,0.466095,0.472322,0.478511,0.484672,0.490811,0.496938,0.503062,0.509189,0.515328,0.521489,0.527678,0.533905,0.540177,0.546504,0.552893,0.559354,0.565895,0.572525,0.579252,0.586087,0.593038,0.600114,0.607326,0.614682,0.622193,0.62987,0.637721,0.645758,0.653992,0.662434,0.671095,0.679988,0.689123,0.698513,0.708171,0.71811,0.728344,0.738885,0.74975,0.760951,0.772504,0.784426,0.796731,0.809436,0.82256,0.836118,0.850131,0.864616,0.879593,0.895082,0.911105,0.927682,0.944837,0.962592,0.980971,1
TIME_POINTS
0,0.0010101,0.0020202,0.0030303,0.0040404,0.00505051,0.00606061,0.00707071,0.00808081,0.00909091,0.010101,0.0111111,0.0121212,0.0131313,0.0141414,0.0151515,0.0161616,0.0171717,0.0181818,0.0191919,0.020202,0.0212121,0.0222222,0.0232323,0.0242424,0.0252525,0.0262626,0.0272727,0.0282828,0.0292929,0.030303,0.0313131,0.0323232,0.0333333,0.0343434,0.0353535,0.0363636,0.0373737,0.0383838,0.0393939,0.040404,0.0414141,0.0424242,0.0434343,0.0444444,0.0454545,0.0464646,0.0474747,0.0484849,0.049495,0.0505051,0.0515152,0.0525253,0.0535354,0.0545455,0.0555556,0.0565657,0.0575758,0.0585859,0.059596,0.0606061,0.0616162,0.0626263,0.0636364,0.0646465,0.0656566,0.0666667,0.0676768,0.0686869,0.069697,0.0707071,0.0717172,0.0727273,0.0737374,0.0747475,0.0757576,0.0767677,0.0777778,0.0787879,0.079798,0.0808081,0.0818182,0.0828283,0.0838384,0.0848485,0.0858586,0.0868687,0.0878788,0.0888889,0.089899,0.0909091,0.0919192,0.0929293,0.0939394,0.0949495,0.0959596,0.0969697,0.0979798,0.0989899,0.1
VALUES
1,1,1,1,1,1,1,1,1,1,1,1,1,1,1,1,1,1,1,1,1,1,1,1,1,1,1,1,1,1,1,1,1,1,1,1,1,1,1,1,1,1,1,1,1,1,1,1,1,1,1,1,1,1,1,1,1,1,1,1,1,1,1,1,1,1,1,1,1,1,1,1,1,1,1,1,1,1,1,1,1,1,1,1,1,1,1,1,1,1,1,1,1,1,1,1,1,1,1,1
0,0.555681,0.797342,0.905196,0.954552,0.977692,0.988798,0.994249,0.996985,0.998386,0.999119,0.99951,0.999722,0.99984,0.999906,0.999944,0.999966,0.999979,0.999987,0.999992,0.999995,0.999997,0.999998,0.999999,0.999999,0.999999,1,1,1,1,1,1,1,1,1,1,1,1,1,1,1,1,1,1,1,1,1,1,1,1,1,1,1,1,1,0.999999,0.999999,0.999999,1,1,1,1,1,1,1,1,1,1,1,1,1,1,1,1,0.999999,0.999999,0.999999,0.999998,0.999997,0.999996,0.999994,0.99999,0.999984,0.999974,0.999956,0.999924,0.999869,0.999771,0.99959,0.999252,0.998611,0.997366,0.994902,0.989913,0.979589,0.957723,0.910284,0.804784,0.564056,0
0,0.211222,0.487681,0.691055,0.819656,0.89612,0.940349,0.965649,0.98009,0.988359,0.993124,0.995893,0.997518,0.998482,0.999061,0.999412,0.999627,0.999761,0.999845,0.999898,0.999933,0.999955,0.999969,0.999979,0.999986,0.99999,0.999993,0.999995,0.999996,0.999997,0.999998,0.999999,0.999999,0.999999,0.999999,1,1,1,1,1,1,1,1,1,1,1,1,1,1,1,1,1,1,0.999999,0.999999,0.999999,0.999999,0.999999,0.999999,0.999999,0.999999,0.999999,0.999999,0.999999,0.999999,0.999999,0.999999,0.999999,0.999999,0.999998,0.999998,0.999997,0.999996,0.999995,0.999993,0.999989,0.999985,0.999977,0.999966,0.999949,0.999923,0.999881,0.999814,0.999706,0.999531,0.999243,0.998761,0.997949,0.996561,0.994163,0.989979,0.982612,0.969546,0.94629,0.904956,0.832239,0.707637,0.506494,0.226091,0
0,0.223241,0.382598,0.540579,0.677285,0.782098,0.856528,0.906945,0.940126,0.961593,0.975353,0.984136,0.989741,0.993326,0.995628,0.997114,0.99808,0.998712,0.999129,0.999406,0.999591,0.999716,0.999802,0.99986,0.999901,0.999929,0.999949,0.999963,0.999973,0.99998,0.999985,0.999989,0.999992,0.999993,0.999995,0.999996,0.999997,0.999998,0.999998,0.999999,0.999999,0.999999,0.999999,0.999999,0.999999,1,1,1,1,1,0.999999,0.999999,0.999999,0.999999,0.999999,0.999999,0.999999,0.999999,0.999999,0.999999,0.999998,0.999998,0.999998,0.999997,0.999997,0.999996,0.999995,0.999994,0.999992,0.999989,0.999986,0.999981,0.999973,0.999963,0.999949,0.999928,0.999897,0.999853,0.999788,0.999691,0.999547,0.999329,0.998997,0.998488,0.997701,0.996476,0.994554,0.991521,0.986716,0.979079,0.966939,0.947708,0.917502,0.870819,0.800634,0.699801,0.565238,0.40527,0.237883,0
0,0.160412,0.335457,0.476202,0.594708,0.694624,0.775729,0.838717,0.885824,0.920053,0.94441,0.961494,0.973363,0.981562,0.98721,0.991098,0.993779,0.995631,0.996915,0.99781,0.998436,0.998876,0.999187,0.999409,0.999567,0.999682,0.999764,0.999824,0.999868,0.999901,0.999925,0.999943,0.999956,0.999967,0.999974,0.99998,0.999984,0.999988,0.99999,0.999992,0.999994,0.999995,0.999996,0.999997,0.999997,0.999998,0.999998,0.999999,0.999999,0.999999,0.999999,0.999998,0.999998,0.999998,0.999998,0.999997,0.999997,0.999996,0.999996,0.999995,0.999994,0.999992,0.999991,0.999988,0.999985,0.999982,0.999977,0.999969,0.99996,0.999947,0.99993,0.999907,0.999875,0.999831,0.99977,0.999685,0.999566,0.999398,0.99916,0.99882,0.998331,0.997624,0.996598,0.995102,0.99291,0.98969,0.984954,0.977985,0.967755,0.952814,0.931181,0.900282,0.857014,0.798069,0.720601,0.622986,0.504317,0.35986,0.176239,0
0,0.155621,0.288298,0.420022,0.535816,0.633295,0.714147,0.780227,0.833217,0.874849,0.906936,0.931268,0.949477,0.962969,0.972893,0.980157,0.985458,0.989322,0.992139,0.994193,0.995695,0.996796,0.997605,0.998202,0.998644,0.998973,0.999219,0.999403,0.999542,0.999647,0.999727,0.999788,0.999834,0.99987,0.999898,0.999919,0.999936,0.999949,0.99996,0.999968,0.999974,0.999979,0.999983,0.999986,0.999989,0.999991,0.999992,0.999993,0.999994,0.999994,0.999995,0.999994,0.999994,0.999993,0.999992,0.999991,0.999989,0.999987,0.999985,0.999982,0.999977,0.999972,0.999965,0.999956,0.999945,0.99993,0.999911,0.999886,0.999853,0.99981,0.999753,0.999678,0.999577,0.999442,0.99926,0.999015,0.998682,0.998228,0.997607,0.996753,0.995575,0.993945,0.991686,0.98855,0.984195,0.97815,0.969781,0.958244,0.942444,0.921005,0.892269,0.854337,0.80516,0.742621,0.664489,0.568202,0.451153,0.314432,0.171538,0
0,0.131985,0.266111,0.382607,0.48849,0.582457,0.663185,0.730974,0.786998,0.832697,0.869524,0.898865,0.921996,0.940066,0.954073,0.964865,0.973139,0.979462,0.984284,0.987956,0.990753,0.992884,0.994509,0.995751,0.996702,0.997432,0.997994,0.998427,0.998763,0.999024,0.999228,0.999387,0.999512,0.99961,0.999688,0.999749,0.999798,0.999837,0.999868,0.999892,0.999912,0.999928,0.999941,0.999951,0.999959,0.999966,0.999971,0.999975,0.999977,0.999979,0.99998,0.99998,0.999979,0.999977,0.999975,0.999971,0.999966,0.99996,0.999952,0.999941,0.999928,0.999912,0.999891,0.999865,0.999831,0.999789,0.999736,0.999667,0.999579,0.999466,0.99932,0.999131,0.998886,0.998567,0.998151,0.997604,0.996886,0.995938,0.994684,0.993024,0.990821,0.987896,0.98401,0.978851,0.972014,0.96298,0.951091,0.935531,0.915309,0.889248,0.855984,0.813971,0.761495,0.696735,0.617976,0.524179,0.415745,0.29306,0.148348,0
0,0.125537,0.240414,0.35238,0.453046,0.54229,0.620613,0.688296,0.74585,0.794119,0.834143,0.867016,0.893798,0.915462,0.932878,0.946807,0.957896,0.966694,0.973655,0.979153,0.983488,0.986906,0.9896,0.991725,0.993403,0.994729,0.995779,0.996611,0.997273,0.9978,0.998222,0.998558,0.998829,0.999046,0.999222,0.999363,0.999478,0.999571,0.999646,0.999708,0.999758,0.999799,0.999832,0.999859,0.999881,0.999898,0.999912,0.999923,0.99993,0.999935,0.999938,0.999938,0.999936,0.999932,0.999925,0.999916,0.999903,0.999886,0.999866,0.999839,0.999807,0.999766,0.999715,0.999652,0.999574,0.999476,0.999354,0.999202,0.999011,0.99877,0.998468,0.998085,0.997601,0.996987,0.996205,0.995209,0.993936,0.992307,0.99022,0.987544,0.984112,0.97971,0.974069,0.966849,0.957631,0.945896,0.931013,0.912226,0.88864,0.859216,0.822776,0.778033,0.723659,0.658404,0.581226,0.491208,0.387141,0.268306,0.142021,0
0,0.113552,0.225735,0.327708,0.422633,0.508637,0.58494,0.65174,0.70958,0.759137,0.801181,0.836541,0.866057,0.890537,0.910733,0.92732,0.940891,0.951961,0.960968,0.968285,0.974218,0.979027,0.982923,0.986078,0.988635,0.990708,0.992391,0.993758,0.99487,0.995777,0.996517,0.997122,0.997617,0.998024,0.998358,0.998633,0.99886,0.999048,0.999203,0.999331,0.999437,0.999525,0.999597,0.999656,0.999705,0.999744,0.999776,0.9998,0.999818,0.99983,0.999837,0.999838,0.999835,0.999826,0.999811,0.99979,0.999762,0.999727,0.999681,0.999625,0.999556,0.999472,0.999367,0.99924,0.999085,0.998895,0.998662,0.998376,0.998024,0.997592,0.997058,0.996399,0.995582,0.994569,0.993311,0.991746,0.989797,0.987367,0.984335,0.980552,0.97583,0.969939,0.962597,0.95346,0.942109,0.928045,0.910674,0.889299,0.86312,0.831237,0.792663,0.746356,0.69125,0.626284,0.550436,0.462916,0.363793,0.254167,0.130263,0
0,0.107867,0.209682,0.30792,0.39801,0.480091,0.554039,0.619748,0.677442,0.727606,0.770863,0.807892,0.839388,0.866026,0.888446,0.907241,0.922943,0.936024,0.946899,0.955924,0.963405,0.969601,0.974729,0.978974,0.982487,0.985397,0.987808,0.989808,0.991467,0.992847,0.993995,0.994951,0.995748,0.996415,0.996972,0.997439,0.997831,0.998159,0.998435,0.998666,0.99886,0.999023,0.999159,0.999272,0.999366,0.999443,0.999504,0.999552,0.999589,0.999613,0.999628,0.999632,0.999626,0.999609,0.999582,0.999543,0.999491,0.999424,0.99934,0.999237,0.999111,0.998958,0.998774,0.998552,0.998284,0.99796,0.997571,0.997101,0.996534,0.995848,0.995017,0.994009,0.992786,0.991299,0.989488,0.987282,0.984591,0.981306,0.977294,0.972394,0.96641,0.959103,0.950189,0.939328,0.926117,0.910081,0.890671,0.867257,0.83913,0.805502,0.765521,0.718288,0.662888,0.598461,0.524318,0.440011,0.345068,0.238704,0.124685,0
0,0.100552,0.19882,0.290432,0.376545,0.455653,0.52732,0.591606,0.648728,0.699038,0.743001,0.781158,0.814085,0.842359,0.866533,0.887128,0.904621,0.919442,0.931974,0.942555,0.951477,0.958995,0.965327,0.97066,0.97515,0.978933,0.982122,0.984811,0.987081,0.988998,0.990619,0.991992,0.993155,0.994142,0.99498,0.995692,0.996298,0.996813,0.997252,0.997625,0.997942,0.998211,0.998438,0.998629,0.998789,0.998921,0.999028,0.999113,0.999177,0.999222,0.999249,0.999259,0.99925,0.999224,0.999179,0.999114,0.999027,0.998917,0.998779,0.998611,0.998407,0.998162,0.99787,0.997521,0.997106,0.996613,0.996027,0.995329,0.9945,0.993512,0.992334,0.990928,0.989248,0.98724,0.984835,0.981953,0.978498,0.974351,0.969373,0.963396,0.95622,0.947608,0.937278,0.924902,0.910096,0.892417,0.871358,0.846345,0.816742,0.781852,0.74093,0.69321,0.637938,0.574404,0.501958,0.420045,0.328518,0.22824,0.117507,0
0,0.0958881,0.187736,0.276027,0.358179,0.43419,0.503725,0.566621,0.62299,0.673119,0.717397,0.756269,0.790214,0.819724,0.845276,0.867331,0.886315,0.902618,0.916595,0.928561,0.938794,0.947539,0.955009,0.961389,0.966838,0.971494,0.975473,0.978876,0.981788,0.984282,0.98642,0.988253,0.989828,0.991181,0.992345,0.993346,0.994208,0.99495,0.995588,0.996138,0.99661,0.997015,0.99736,0.997654,0.997901,0.998107,0.998276,0.998411,0.998515,0.998589,0.998634,0.998652,0.998642,0.998604,0.998538,0.998441,0.99831,0.998145,0.997939,0.997689,0.997388,0.99703,0.996606,0.996105,0.995515,0.994822,0.994007,0.993049,0.991923,0.990599,0.989041,0.987206,0.985043,0.982491,0.979477,0.975914,0.971701,0.966716,0.960815,0.953827,0.945555,0.935762,0.924179,0.910488,0.894327,0.875283,0.852886,0.826616,0.7959,0.760118,0.718618,0.670731,0.615788,0.553159,0.482321,0.40296,0.314886,0.217563,0.112931,0
0,0.0908404,0.179288,0.262929,0.341988,0.415376,0.482805,0.54423,0.599726,0.649493,0.693834,0.733124,0.767771,0.798197,0.824823,0.848053,0.86827,0.885828,0.901052,0.914236,0.925642,0.935505,0.944028,0.951393,0.957759,0.96326,0.968018,0.972134,0.975696,0.978783,0.981458,0.983778,0.985793,0.987543,0.989064,0.990387,0.991537,0.992537,0.993407,0.994162,0.994816,0.995382,0.995869,0.996286,0.996641,0.996939,0.997185,0.997383,0.997536,0.997648,0.997718,0.997748,0.997739,0.99769,0.997599,0.997466,0.997286,0.997056,0.996771,0.996427,0.996015,0.995527,0.994953,0.99428,0.993495,0.99258,0.991514,0.990274,0.988831,0.987151,0.985196,0.982918,0.980261,0.977162,0.973543,0.969315,0.964372,0.95859,0.951824,0.943905,0.934636,0.92379,0.911105,0.896279,0.878972,0.858795,0.83532,0.808067,0.776518,0.740117,0.69828,0.650413,0.595938,0.534323,0.465108,0.387898,0.302491,0.209425,0.107979,0
0,0.087048,0.171058,0.25178,0.327655,0.398533,0.464054,0.524064,0.578613,0.62787,0.672088,0.711579,0.746691,0.777789,0.805243,0.829413,0.850643,0.869256,0.88555,0.899797,0.912244,0.923111,0.932596,0.940873,0.948097,0.954402,0.959908,0.964718,0.968923,0.972599,0.975817,0.978635,0.981103,0.983267,0.985165,0.986829,0.988289,0.98957,0.990692,0.991674,0.992531,0.993278,0.993926,0.994485,0.994963,0.995367,0.995703,0.995976,0.996189,0.996345,0.996447,0.996495,0.996489,0.99643,0.996315,0.996142,0.995908,0.995609,0.99524,0.994792,0.994259,0.993631,0.992895,0.992039,0.991045,0.989895,0.988566,0.987032,0.985262,0.983219,0.980861,0.978139,0.974994,0.971358,0.967154,0.962288,0.956653,0.950126,0.942561,0.933793,0.923628,0.911848,0.8982,0.882399,0.864124,0.843012,0.818665,0.790644,0.758477,0.721658,0.679667,0.631973,0.57806,0.51744,0.449698,0.374565,0.29194,0.201498,0.104258,0
0,0.0832715,0.164281,0.241537,0.314861,0.383471,0.447134,0.505752,0.559335,0.608005,0.651972,0.6915,0.726892,0.758467,0.786553,0.81147,0.83353,0.853026,0.870231,0.8854,0.898761,0.910525,0.920879,0.92999,0.938009,0.945067,0.951282,0.956755,0.961579,0.965832,0.969584,0.972896,0.97582,0.978404,0.980686,0.982703,0.984485,0.986058,0.987447,0.98867,0.989745,0.990687,0.991509,0.992222,0.992835,0.993357,0.993794,0.994151,0.994432,0.994641,0.99478,0.99485,0.994852,0.994784,0.994646,0.994435,0.994146,0.993775,0.993317,0.992763,0.992105,0.99133,0.990428,0.989382,0.988174,0.986785,0.985189,0.983359,0.981261,0.978856,0.976101,0.972944,0.969325,0.965174,0.960411,0.954943,0.948663,0.941446,0.933151,0.923614,0.912649,0.900045,0.885559,0.868922,0.84983,0.827945,0.802896,0.77428,0.741661,0.704582,0.662567,0.615136,0.561825,0.502205,0.435917,0.362664,0.282248,0.19497,0.100553,0
0,0.0801589,0.157845,0.232565,0.303299,0.369812,0.431776,0.489054,0.541655,0.589681,0.633304,0.672751,0.708283,0.740183,0.768741,0.794247,0.816981,0.837212,0.855192,0.871156,0.885319,0.897877,0.90901,0.918878,0.927625,0.93538,0.942256,0.948356,0.95377,0.958576,0.962845,0.966639,0.970011,0.973009,0.975676,0.978046,0.980154,0.982026,0.983687,0.985159,0.986459,0.987606,0.988611,0.989487,0.990245,0.990892,0.991437,0.991886,0.992242,0.992509,0.992691,0.992788,0.992801,0.992729,0.99257,0.992321,0.991979,0.991538,0.990992,0.990331,0.989546,0.988626,0.987556,0.986321,0.9849,0.983273,0.981413,0.97929,0.976871,0.974114,0.970976,0.967401,0.963329,0.958689,0.953401,0.947372,0.940494,0.932645,0.923687,0.91346,0.901783,0.888453,0.87324,0.855887,0.836107,0.813584,0.787973,0.758898,0.725959,0.688736,0.646792,0.599695,0.547021,0.488377,0.42342,0.351909,0.273757,0.18877,0.0974986,0
0,0.0771769,0.152279,0.224281,0.292849,0.357406,0.417741,0.473735,0.52537,0.57272,0.615935,0.655209,0.690773,0.722876,0.751779,0.777742,0.801021,0.821861,0.840496,0.857143,0.872003,0.885263,0.897091,0.907641,0.91705,0.925444,0.932933,0.939617,0.945585,0.950916,0.955678,0.959935,0.96374,0.967143,0.970185,0.972905,0.975335,0.977505,0.979439,0.981162,0.982691,0.984045,0.985237,0.986281,0.987188,0.987967,0.988625,0.98917,0.989606,0.989937,0.990166,0.990294,0.990322,0.990249,0.990073,0.989791,0.989398,0.988889,0.988257,0.987493,0.986585,0.985523,0.98429,0.982869,0.981241,0.979383,0.977267,0.974863,0.972135,0.969042,0.965536,0.961566,0.957067,0.95197,0.946193,0.939645,0.932219,0.923796,0.914238,0.903393,0.891086,0.87712,0.861276,0.843311,0.822953,0.799906,0.773846,0.744423,0.711268,0.67399,0.632191,0.585471,0.533439,0.47574,0.412069,0.342187,0.265917,0.183408,0.0945728,0
0,0.0745848,0.147054,0.21686,0.283279,0.346043,0.404867,0.459627,0.510306,0.556965,0.599728,0.638763,0.674274,0.706484,0.735627,0.761939,0.785653,0.806995,0.82618,0.843412,0.858878,0.872753,0.885198,0.896358,0.906367,0.915343,0.923395,0.93062,0.937105,0.942926,0.948155,0.952851,0.95707,0.960861,0.964266,0.967325,0.97007,0.972531,0.974735,0.976705,0.978462,0.980022,0.981402,0.982616,0.983674,0.984586,0.985361,0.986006,0.986525,0.986923,0.987203,0.987366,0.987413,0.987343,0.987154,0.986842,0.986403,0.985831,0.985118,0.984255,0.983231,0.982032,0.980642,0.979046,0.97722,0.975141,0.972782,0.97011,0.967089,0.963678,0.959829,0.955488,0.950592,0.94507,0.938843,0.931819,0.923894,0.91495,0.904855,0.893459,0.880594,0.866072,0.849684,0.831197,0.810355,0.786878,0.760463,0.730783,0.697492,0.660231,0.618627,0.572313,0.52093,0.464147,0.401672,0.333285,0.258894,0.178374,0.0920295,0
0,0.0721417,0.142391,0.209979,0.274531,0.335601,0.392989,0.446574,0.496324,0.542286,0.584565,0.623312,0.658704,0.690944,0.720242,0.746812,0.770869,0.792621,0.812268,0.829997,0.845986,0.8604,0.873389,0.885094,0.895641,0.905145,0.913711,0.921432,0.928395,0.934674,0.940337,0.945447,0.950058,0.954217,0.957969,0.961351,0.964399,0.967143,0.969608,0.97182,0.973799,0.975563,0.977129,0.97851,0.979719,0.980764,0.981656,0.982402,0.983006,0.983473,0.983807,0.984008,0.984078,0.984015,0.983817,0.98348,0.983001,0.982372,0.981585,0.98063,0.979497,0.97817,0.976635,0.974872,0.97286,0.970574,0.967986,0.965063,0.96177,0.958062,0.953893,0.949208,0.943945,0.938034,0.931394,0.923937,0.91556,0.906148,0.895572,0.883687,0.870332,0.855325,0.838467,0.819536,0.79829,0.774463,0.747771,0.717907,0.684547,0.647356,0.605988,0.5601,0.509357,0.453451,0.392117,0.325147,0.252382,0.173882,0.0896323,0
0,0.0699498,0.13803,0.203712,0.266445,0.325954,0.381997,0.434455,0.4833,0.528567,0.570345,0.608765,0.643988,0.676195,0.705578,0.732332,0.756655,0.778738,0.798766,0.816917,0.833356,0.848239,0.861708,0.873896,0.884924,0.894904,0.903936,0.912111,0.919511,0.926212,0.93228,0.937775,0.942752,0.947258,0.951337,0.955028,0.958365,0.961378,0.964095,0.96654,0.968734,0.970696,0.972442,0.973987,0.975343,0.976521,0.977529,0.978376,0.979066,0.979604,0.979993,0.980235,0.98033,0.980278,0.980076,0.97972,0.979206,0.978526,0.977672,0.976634,0.975401,0.973957,0.972285,0.970369,0.968184,0.965706,0.962906,0.959752,0.956205,0.952224,0.947761,0.942761,0.937162,0.930895,0.923881,0.916031,0.907247,0.897415,0.886411,0.874095,0.86031,0.844882,0.82762,0.808314,0.786732,0.762624,0.73572,0.705732,0.672357,0.635278,0.594173,0.548721,0.49861,0.443552,0.38329,0.317624,0.246451,0.169681,0.0874815,0
0,0.0678947,0.134058,0.197877,0.258981,0.31701,0.371777,0.423164,0.471133,0.51571,0.556974,0.595042,0.630056,0.662181,0.69159,0.718465,0.742987,0.765333,0.785677,0.804183,0.821006,0.836295,0.850183,0.862798,0.874256,0.884662,0.894115,0.902701,0.910502,0.91759,0.92403,0.929882,0.9352,0.94003,0.944416,0.948396,0.952005,0.955274,0.95823,0.960897,0.963297,0.965449,0.967369,0.969073,0.970573,0.97188,0.973002,0.973948,0.974723,0.975332,0.975779,0.976064,0.976188,0.97615,0.975948,0.975578,0.975035,0.974311,0.973398,0.972285,0.970961,0.96941,0.967615,0.965558,0.963215,0.960561,0.957568,0.954201,0.950423,0.946192,0.94146,0.936173,0.930269,0.923679,0.916327,0.908126,0.898977,0.888772,0.877389,0.864692,0.850531,0.83474,0.817134,0.797511,0.775653,0.751322,0.724262,0.694201,0.660852,0.623919,0.583098,0.538088,0.488595,0.434347,0.375104,0.31068,0.240929,0.165855,0.0854649,0
0,0.0660145,0.130342,0.192497,0.252032,0.308688,0.36225,0.41261,0.45973,0.50363,0.544375,0.58207,0.616844,0.648846,0.678236,0.705179,0.729843,0.752395,0.772994,0.791795,0.808946,0.824583,0.838838,0.851828,0.863666,0.874454,0.884284,0.893242,0.901406,0.908847,0.915629,0.921809,0.927441,0.932571,0.937243,0.941494,0.945358,0.948867,0.952048,0.954926,0.957521,0.959854,0.961941,0.963797,0.965435,0.966867,0.9681,0.969144,0.970003,0.970683,0.971187,0.971516,0.971671,0.971651,0.971454,0.971074,0.970508,0.969747,0.968783,0.967604,0.966199,0.964553,0.962647,0.960463,0.957977,0.955164,0.951994,0.948434,0.944447,0.939989,0.935014,0.929468,0.923289,0.91641,0.908755,0.900238,0.890765,0.880229,0.868513,0.855484,0.840997,0.824892,0.806993,0.787107,0.765025,0.74052,0.71335,0.683257,0.64997,0.613209,0.572688,0.528121,0.479232,0.425764,0.367486,0.304213,0.235835,0.162274,0.0836197,0
0,0.0642516,0.12691,0.187465,0.245567,0.300915,0.353336,0.402717,0.449018,0.492251,0.532477,0.569785,0.604295,0.636142,0.665472,0.692439,0.717198,0.739904,0.760707,0.779752,0.797177,0.813114,0.827685,0.841004,0.853177,0.864303,0.87447,0.883763,0.892255,0.900017,0.90711,0.913591,0.919512,0.924919,0.929855,0.934357,0.938459,0.942193,0.945584,0.948659,0.951439,0.953943,0.956188,0.958189,0.95996,0.961511,0.962851,0.963989,0.96493,0.96568,0.966242,0.966616,0.966805,0.966805,0.966616,0.966232,0.965648,0.964857,0.963849,0.962614,0.961138,0.959406,0.957402,0.955104,0.95249,0.949534,0.946206,0.942473,0.938298,0.933637,0.928444,0.922664,0.91624,0.909102,0.901177,0.892381,0.882622,0.871795,0.859786,0.846467,0.831699,0.815327,0.797181,0.777078,0.754817,0.730182,0.702942,0.672853,0.639657,0.603089,0.562877,0.518753,0.470453,0.417731,0.36037,0.298195,0.231071,0.158967,0.0818893,0
0,0.0626177,0.123691,0.182781,0.239511,0.293638,0.344975,0.393418,0.438927,0.48151,0.521216,0.55813,0.592357,0.624021,0.653259,0.680212,0.705025,0.727842,0.748803,0.768046,0.785701,0.801891,0.816734,0.830339,0.842806,0.854231,0.864699,0.87429,0.883077,0.891128,0.898503,0.905258,0.911443,0.917105,0.922283,0.927017,0.931339,0.935281,0.938869,0.942129,0.945081,0.947745,0.950139,0.952278,0.954173,0.955838,0.957281,0.958511,0.959532,0.960351,0.960969,0.96139,0.961612,0.961636,0.961458,0.961074,0.960478,0.959663,0.958619,0.957335,0.955798,0.953993,0.951902,0.949504,0.946777,0.943694,0.940226,0.936338,0.931995,0.927153,0.921765,0.915779,0.909136,0.901769,0.893606,0.884564,0.874552,0.863471,0.851207,0.837639,0.82263,0.806032,0.787682,0.767403,0.745002,0.720275,0.692999,0.662943,0.629862,0.593503,0.553609,0.509923,0.462196,0.410193,0.353705,0.292557,0.226635,0.155863,0.0802851,0
0,0.061082,0.120689,0.178381,0.233839,0.286802,0.337109,0.384656,0.4294,0.471346,0.510539,0.547051,0.580981,0.612442,0.641561,0.668468,0.693299,0.716188,0.737268,0.756668,0.774511,0.790915,0.80599,0.819841,0.832565,0.844252,0.854986,0.864843,0.873895,0.882205,0.889835,0.896838,0.903263,0.909156,0.914557,0.919503,0.924028,0.928162,0.931932,0.935363,0.938476,0.941291,0.943824,0.946092,0.948107,0.94988,0.95142,0.952737,0.953835,0.95472,0.955395,0.955861,0.956119,0.956168,0.956005,0.955625,0.955022,0.954189,0.953116,0.951792,0.950204,0.948335,0.946168,0.943683,0.940857,0.937662,0.93407,0.930047,0.925555,0.920553,0.914995,0.908826,0.90199,0.894422,0.886049,0.876791,0.866561,0.855258,0.842776,0.828994,0.813781,0.796995,0.778476,0.758057,0.735552,0.710765,0.683484,0.653487,0.62054,0.584404,0.544832,0.50158,0.45441,0.403098,0.34744,0.287273,0.222466,0.152969,0.0787769,0
0,0.0596459,0.117863,0.174256,0.228498,0.280367,0.329692,0.37638,0.420386,0.461711,0.500394,0.536502,0.570124,0.601365,0.630341,0.657175,0.681994,0.704922,0.726086,0.745607,0.763602,0.780183,0.795454,0.809516,0.822462,0.834379,0.845346,0.855438,0.864725,0.873268,0.881126,0.888353,0.894995,0.901098,0.906702,0.911842,0.916553,0.920864,0.924802,0.928391,0.931653,0.934607,0.937271,0.939659,0.941785,0.94366,0.945294,0.946693,0.947866,0.948815,0.949545,0.950058,0.950352,0.950428,0.950281,0.949908,0.949303,0.948458,0.947363,0.946006,0.944375,0.942453,0.940222,0.937662,0.934749,0.931458,0.927758,0.923615,0.918994,0.913852,0.908143,0.901816,0.894812,0.887068,0.878513,0.869069,0.858648,0.847156,0.834487,0.820524,0.805141,0.788199,0.769546,0.74902,0.726442,0.701623,0.674362,0.644445,0.611651,0.575747,0.536501,0.493678,0.44705,0.396402,0.341539,0.282296,0.218555,0.150242,0.0773657,0
0,0.0582914,0.115208,0.170364,0.223468,0.27429,0.322682,0.368546,0.411838,0.452558,0.490739,0.526441,0.559747,0.590753,0.619568,0.646306,0.671086,0.694025,0.715243,0.734853,0.752967,0.769691,0.785126,0.799367,0.812503,0.824618,0.835789,0.846089,0.855583,0.864333,0.872396,0.879822,0.886661,0.892953,0.898741,0.904058,0.908938,0.913411,0.917503,0.921238,0.924638,0.927721,0.930506,0.933007,0.935237,0.937208,0.938928,0.940407,0.94165,0.942662,0.943445,0.944003,0.944334,0.944438,0.944311,0.943949,0.943346,0.942493,0.941382,0.939999,0.938333,0.936366,0.934082,0.931458,0.928472,0.925097,0.921304,0.91706,0.912327,0.907063,0.901225,0.894759,0.88761,0.879714,0.871002,0.861397,0.850815,0.839162,0.826335,0.812221,0.796698,0.779631,0.760874,0.740268,0.717645,0.692821,0.665602,0.635785,0.603156,0.567494,0.528576,0.486176,0.440075,0.390067,0.335963,0.277603,0.214864,0.147679,0.076034,0
0,0.0570161,0.112699,0.166693,0.21871,0.268543,0.316041,0.361114,0.403717,0.443847,0.481533,0.51683,0.549814,0.580575,0.609213,0.635835,0.660552,0.683477,0.70472,0.724391,0.742596,0.759434,0.775003,0.789394,0.802692,0.814978,0.826326,0.836806,0.846483,0.855416,0.86366,0.871265,0.878279,0.884743,0.890696,0.896173,0.901207,0.905827,0.910059,0.913928,0.917454,0.920657,0.923554,0.926159,0.928486,0.930547,0.93235,0.933903,0.935213,0.936284,0.93712,0.937722,0.93809,0.938223,0.938117,0.937769,0.937171,0.936316,0.935194,0.933792,0.932099,0.930096,0.927767,0.92509,0.922042,0.918597,0.914725,0.910393,0.905564,0.900198,0.894247,0.887664,0.88039,0.872365,0.863519,0.853779,0.84306,0.831272,0.818314,0.804077,0.788441,0.771277,0.752442,0.731784,0.709139,0.684332,0.657176,0.627475,0.595024,0.559611,0.52102,0.479037,0.43345,0.384059,0.330682,0.273161,0.211379,0.145255,0.0747791,0
0,0.0558089,0.110329,0.163217,0.214207,0.263093,0.309738,0.35405,0.395986,0.435542,0.472741,0.507635,0.540293,0.570799,0.599246,0.625735,0.650371,0.673259,0.694504,0.714211,0.73248,0.749406,0.765082,0.779596,0.79303,0.80546,0.816961,0.827598,0.837434,0.846528,0.854932,0.862696,0.869866,0.876482,0.882584,0.888206,0.893379,0.898132,0.902493,0.906483,0.910125,0.913437,0.916437,0.919139,0.921557,0.923701,0.92558,0.927204,0.928578,0.929706,0.930593,0.931238,0.931643,0.931805,0.931722,0.93139,0.930801,0.929947,0.928819,0.927405,0.925691,0.92366,0.921295,0.918575,0.915476,0.911973,0.908035,0.903629,0.898719,0.893265,0.887221,0.880538,0.873159,0.865025,0.856068,0.846214,0.835382,0.823482,0.810418,0.796083,0.78036,0.763122,0.744234,0.723547,0.700903,0.676133,0.649057,0.619486,0.587223,0.552064,0.513802,0.472229,0.427142,0.378348,0.325668,0.268951,0.208074,0.142963,0.07359,0
0,0.0546661,0.108081,0.159922,0.20993,0.257916,0.303742,0.347323,0.388614,0.42761,0.464331,0.498825,0.531154,0.561397,0.589642,0.615984,0.640521,0.663353,0.68458,0.7043,0.722609,0.739599,0.755358,0.769971,0.783517,0.796069,0.807699,0.81847,0.828445,0.837678,0.846223,0.854127,0.861435,0.868188,0.874423,0.880174,0.885472,0.890346,0.894823,0.898924,0.902671,0.906084,0.909179,0.91197,0.914471,0.916692,0.918644,0.920334,0.921768,0.922951,0.923885,0.924573,0.925014,0.925207,0.925148,0.924833,0.924256,0.923407,0.922278,0.920856,0.919128,0.917076,0.914684,0.911929,0.90879,0.905238,0.901246,0.896779,0.891803,0.886276,0.880154,0.873388,0.865922,0.857698,0.848649,0.838702,0.827778,0.815789,0.802642,0.78823,0.772442,0.755155,0.736235,0.71554,0.692917,0.668202,0.641221,0.611792,0.579726,0.544826,0.506891,0.465722,0.421123,0.372906,0.320898,0.264948,0.204938,0.140785,0.0724629,0
0,0.0535805,0.105947,0.156789,0.205865,0.252988,0.29803,0.340905,0.381572,0.420022,0.456274,0.49037,0.522369,0.552345,0.580379,0.606561,0.630983,0.653742,0.674931,0.694644,0.712973,0.730006,0.745827,0.760517,0.774153,0.786806,0.798543,0.809429,0.819522,0.828877,0.837544,0.845571,0.853001,0.859874,0.866227,0.872093,0.877504,0.882487,0.887067,0.891269,0.895113,0.898617,0.901798,0.90467,0.907248,0.909542,0.91156,0.913312,0.914803,0.916037,0.917018,0.917747,0.918224,0.918447,0.918413,0.918118,0.917555,0.916715,0.915588,0.914164,0.912426,0.91036,0.907947,0.905167,0.901995,0.898406,0.89437,0.889856,0.884825,0.879239,0.873054,0.86622,0.858684,0.850387,0.841263,0.831242,0.820246,0.808189,0.794977,0.780511,0.764678,0.747361,0.72843,0.707746,0.685161,0.660516,0.633645,0.60437,0.572508,0.53787,0.500262,0.459492,0.415368,0.36771,0.316347,0.261135,0.201951,0.138715,0.0713905,0
0,0.0525481,0.103915,0.153808,0.20199,0.248289,0.292576,0.334772,0.374835,0.412753,0.448544,0.482246,0.513914,0.543617,0.571433,0.597444,0.62174,0.64441,0.665545,0.685234,0.703564,0.72062,0.736483,0.751231,0.764937,0.77767,0.789497,0.800479,0.810672,0.82013,0.828903,0.837037,0.844573,0.851552,0.85801,0.863978,0.869489,0.874569,0.879243,0.883535,0.887465,0.891052,0.894312,0.89726,0.899908,0.902268,0.904349,0.906158,0.907702,0.908985,0.91001,0.910779,0.911291,0.911545,0.911537,0.911263,0.910716,0.909887,0.908767,0.907344,0.905603,0.903528,0.901102,0.898303,0.895107,0.89149,0.88742,0.882867,0.877795,0.872162,0.865927,0.85904,0.851448,0.843094,0.833913,0.823835,0.812784,0.800676,0.78742,0.772917,0.757059,0.73973,0.720805,0.700149,0.677618,0.653059,0.626308,0.597197,0.565546,0.531173,0.493891,0.453513,0.409854,0.362738,0.311999,0.257493,0.199102,0.13674,0.0703688,0
0,0.0515639,0.101979,0.150963,0.198293,0.2438,0.287363,0.328903,0.368378,0.405778,0.441116,0.474429,0.505767,0.535194,0.562784,0.588616,0.612774,0.635342,0.656408,0.676057,0.694371,0.711433,0.727321,0.742108,0.755867,0.768664,0.780562,0.791622,0.801899,0.811445,0.820308,0.828533,0.836162,0.843233,0.849782,0.855841,0.86144,0.866606,0.871364,0.875738,0.879746,0.883408,0.88674,0.889756,0.892469,0.89489,0.897028,0.898891,0.900485,0.901814,0.902881,0.903688,0.904234,0.904519,0.904537,0.904285,0.903756,0.902941,0.90183,0.900412,0.898672,0.896595,0.89416,0.891349,0.888138,0.8845,0.880406,0.875825,0.87072,0.865053,0.85878,0.851852,0.844219,0.835822,0.826599,0.81648,0.80539,0.793248,0.779963,0.765441,0.749574,0.732251,0.713348,0.692736,0.670273,0.645811,0.619193,0.590253,0.55882,0.524714,0.487757,0.447765,0.40456,0.35797,0.307834,0.254009,0.196378,0.134854,0.0693927,0
0,0.0506245,0.100129,0.148245,0.194758,0.239505,0.282369,0.323275,0.362181,0.399075,0.43397,0.466897,0.497906,0.527055,0.554415,0.580059,0.604069,0.626524,0.647508,0.667102,0.685386,0.702439,0.718334,0.733145,0.74694,0.759784,0.771739,0.782862,0.793207,0.802826,0.811765,0.820068,0.827776,0.834927,0.841555,0.847693,0.85337,0.858612,0.863445,0.867891,0.871969,0.875698,0.879095,0.882173,0.884945,0.887422,0.889614,0.891526,0.893167,0.89454,0.895647,0.896491,0.897071,0.897385,0.897429,0.8972,0.89669,0.895891,0.894793,0.893383,0.891648,0.889572,0.887135,0.884318,0.881097,0.877446,0.873336,0.868736,0.86361,0.857918,0.851618,0.844663,0.837,0.828573,0.819321,0.809175,0.798062,0.7859,0.772603,0.758076,0.742216,0.724913,0.706048,0.685493,0.663111,0.638759,0.612282,0.583521,0.552309,0.518474,0.481839,0.442228,0.399468,0.35339,0.303837,0.250669,0.193768,0.133047,0.0684586,0
0,0.0497258,0.0983601,0.145644,0.191372,0.235388,0.27758,0.317872,0.356225,0.392626,0.427085,0.459632,0.490313,0.519182,0.546307,0.571758,0.59561,0.617943,0.638833,0.65836,0.6766,0.693629,0.709518,0.724338,0.738155,0.751032,0.763027,0.774199,0.784599,0.794276,0.803278,0.811647,0.819422,0.826641,0.833338,0.839544,0.845289,0.850599,0.855497,0.860007,0.864148,0.867937,0.871392,0.874527,0.877353,0.879881,0.882121,0.88408,0.885764,0.887178,0.888323,0.889202,0.889814,0.890158,0.890229,0.890023,0.889534,0.888753,0.887669,0.886271,0.884544,0.882473,0.880039,0.877222,0.873997,0.87034,0.866222,0.86161,0.85647,0.850763,0.844446,0.837473,0.829793,0.821349,0.81208,0.80192,0.790796,0.778629,0.765334,0.750816,0.734977,0.717708,0.698893,0.678407,0.656118,0.631885,0.605559,0.576984,0.545998,0.512434,0.47612,0.436886,0.394561,0.348981,0.299994,0.24746,0.191263,0.131315,0.0675626,0
0,0.0488652,0.0966647,0.143151,0.188125,0.231437,0.272979,0.312678,0.350493,0.386413,0.420444,0.452616,0.48297,0.511559,0.538445,0.563696,0.587385,0.609585,0.630372,0.64982,0.668005,0.684997,0.700867,0.715683,0.729508,0.742403,0.754427,0.765634,0.776076,0.785801,0.794853,0.803275,0.811106,0.818383,0.825139,0.831404,0.837207,0.842575,0.847531,0.852098,0.856294,0.860138,0.863645,0.86683,0.869704,0.872279,0.874564,0.876566,0.87829,0.879742,0.880923,0.881836,0.882479,0.882852,0.882949,0.882768,0.8823,0.881538,0.880471,0.879087,0.877372,0.87531,0.872883,0.87007,0.866848,0.86319,0.85907,0.854454,0.849309,0.843595,0.837271,0.83029,0.822602,0.814151,0.804877,0.794715,0.783592,0.771432,0.75815,0.743655,0.72785,0.710627,0.691874,0.671469,0.649283,0.625178,0.59901,0.570627,0.539871,0.506579,0.470585,0.431721,0.389823,0.34473,0.296292,0.244371,0.188854,0.129648,0.0667016,0
0,0.0480394,0.095038,0.140757,0.185006,0.22764,0.268554,0.307677,0.34497,0.380418,0.41403,0.445831,0.475861,0.504169,0.530814,0.555861,0.579379,0.601439,0.622114,0.641474,0.659592,0.676536,0.692376,0.707175,0.720996,0.733898,0.745938,0.757169,0.767641,0.777401,0.786493,0.794959,0.802836,0.81016,0.816964,0.823279,0.829133,0.834551,0.839557,0.844173,0.848418,0.85231,0.855864,0.859094,0.862013,0.864631,0.866956,0.868997,0.870759,0.872246,0.873461,0.874406,0.875079,0.87548,0.875604,0.875447,0.875002,0.87426,0.873212,0.871844,0.870143,0.868094,0.865677,0.862873,0.859657,0.856005,0.851889,0.847276,0.842132,0.836419,0.830096,0.823115,0.815429,0.806981,0.797712,0.787558,0.776448,0.764306,0.751049,0.736588,0.720827,0.703662,0.684981,0.664667,0.642594,0.618626,0.592623,0.564436,0.533913,0.500894,0.465217,0.42672,0.385241,0.340623,0.292718,0.241393,0.186531,0.128044,0.0658725,0
0,0.0472461,0.0934746,0.138456,0.182006,0.223985,0.264291,0.302856,0.33964,0.374629,0.407829,0.439264,0.468971,0.496998,0.5234,0.54824,0.571582,0.593495,0.614048,0.633312,0.651353,0.66824,0.684039,0.698811,0.712617,0.725515,0.73756,0.748804,0.759295,0.76908,0.778202,0.786701,0.794614,0.801977,0.808821,0.815178,0.821074,0.826535,0.831584,0.836243,0.840531,0.844464,0.848059,0.85133,0.854288,0.856944,0.859307,0.861384,0.863181,0.864701,0.865949,0.866924,0.867627,0.868055,0.868205,0.868072,0.86765,0.866929,0.865901,0.864551,0.862868,0.860833,0.858431,0.855638,0.852434,0.848793,0.844685,0.840081,0.834945,0.82924,0.822924,0.815953,0.808276,0.79984,0.790585,0.780449,0.769361,0.757248,0.744026,0.729609,0.713903,0.696805,0.678207,0.657993,0.63604,0.612216,0.586384,0.558399,0.528111,0.495366,0.460005,0.42187,0.380802,0.336648,0.289264,0.238516,0.18429,0.126495,0.0650728,0
0,0.0464828,0.0919701,0.13624,0.179116,0.220462,0.26018,0.298202,0.33449,0.36903,0.401826,0.432901,0.462288,0.490034,0.516192,0.54082,0.563982,0.585742,0.606168,0.625326,0.643283,0.660103,0.67585,0.690585,0.704367,0.717251,0.729292,0.740538,0.75104,0.76084,0.769982,0.778505,0.786446,0.793839,0.800716,0.807106,0.813038,0.818535,0.823621,0.828316,0.832641,0.836611,0.840243,0.843549,0.846543,0.849234,0.85163,0.85374,0.855569,0.857121,0.858398,0.859402,0.860132,0.860587,0.860763,0.860655,0.860256,0.859557,0.85855,0.85722,0.855555,0.853539,0.851152,0.848376,0.845187,0.84156,0.837466,0.832876,0.827753,0.822062,0.815761,0.808805,0.801146,0.792729,0.783498,0.773388,0.762332,0.750255,0.737078,0.722715,0.707072,0.690051,0.671544,0.651438,0.629613,0.605939,0.580283,0.552504,0.522454,0.489983,0.454936,0.417158,0.376495,0.332796,0.285918,0.235731,0.182122,0.124999,0.0643,0
0,0.0457475,0.0905203,0.134105,0.176329,0.217063,0.25621,0.293705,0.32951,0.36361,0.39601,0.426728,0.455799,0.483265,0.509177,0.533592,0.556568,0.578171,0.598463,0.617509,0.635373,0.652119,0.667806,0.682496,0.696244,0.709105,0.721131,0.732372,0.742874,0.752682,0.761835,0.770374,0.778335,0.785751,0.792652,0.79907,0.80503,0.810556,0.815673,0.8204,0.824756,0.828758,0.832421,0.835759,0.838784,0.841506,0.843933,0.846073,0.847931,0.849511,0.850817,0.851848,0.852605,0.853086,0.853287,0.853203,0.852827,0.852152,0.851166,0.849858,0.848213,0.846217,0.84385,0.841093,0.837922,0.834314,0.830238,0.825666,0.820562,0.814891,0.80861,0.801677,0.794041,0.785651,0.776449,0.766374,0.755357,0.743326,0.730202,0.7159,0.700329,0.683393,0.664985,0.644994,0.623303,0.599786,0.574311,0.54674,0.51693,0.484734,0.449999,0.412575,0.372309,0.329055,0.282673,0.233033,0.180022,0.12355,0.063552,0
0,0.0450381,0.0891216,0.132043,0.173638,0.213779,0.252372,0.289354,0.324688,0.358358,0.390367,0.420735,0.449492,0.476679,0.502345,0.526543,0.549332,0.570772,0.590925,0.609853,0.627618,0.644281,0.659902,0.674538,0.688244,0.701074,0.713078,0.724305,0.7348,0.744606,0.753764,0.762312,0.770285,0.777716,0.784636,0.791074,0.797056,0.802607,0.807748,0.8125,0.816883,0.820912,0.824603,0.827968,0.831021,0.83377,0.836225,0.838392,0.840277,0.841884,0.843216,0.844273,0.845055,0.845561,0.845787,0.845727,0.845375,0.844722,0.843759,0.842474,0.840851,0.838877,0.836531,0.833796,0.830646,0.827059,0.823006,0.818456,0.813376,0.807729,0.801474,0.794568,0.786963,0.778606,0.769441,0.759406,0.748436,0.736457,0.723394,0.709161,0.693671,0.676825,0.658523,0.638655,0.617104,0.593748,0.568458,0.541099,0.511531,0.479608,0.445184,0.408109,0.368235,0.325418,0.27952,0.230412,0.177984,0.122144,0.0628267,0
0,0.044353,0.0877703,0.130052,0.171037,0.210602,0.248657,0.28514,0.320014,0.353263,0.384889,0.414911,0.443357,0.470267,0.495686,0.519667,0.542265,0.563538,0.583547,0.602352,0.620012,0.636586,0.652133,0.666708,0.680365,0.693156,0.705131,0.716336,0.726817,0.736614,0.745769,0.754319,0.762297,0.769737,0.77667,0.783122,0.789121,0.794689,0.799851,0.804625,0.809029,0.813081,0.816795,0.820184,0.823261,0.826034,0.828514,0.830705,0.832615,0.834246,0.835603,0.836684,0.837491,0.838021,0.83827,0.838234,0.837906,0.837277,0.836337,0.835074,0.833475,0.831524,0.829202,0.82649,0.823366,0.819803,0.815775,0.811251,0.806198,0.80058,0.794356,0.787483,0.779913,0.771595,0.762473,0.752485,0.741567,0.729648,0.716652,0.702495,0.687091,0.670344,0.652154,0.632413,0.611008,0.587818,0.562717,0.535572,0.506246,0.474598,0.440482,0.403753,0.364265,0.321877,0.276452,0.227865,0.176004,0.120779,0.0621224,0
0,0.0436906,0.0864634,0.128125,0.168519,0.207526,0.245058,0.281054,0.315478,0.348315,0.379565,0.409246,0.437384,0.464017,0.48919,0.512952,0.535357,0.556461,0.576322,0.594998,0.612548,0.629028,0.644494,0.659002,0.672603,0.685349,0.697288,0.708465,0.718925,0.728708,0.737853,0.746398,0.754376,0.761819,0.768757,0.775219,0.781229,0.786811,0.791987,0.796777,0.801199,0.80527,0.809003,0.812413,0.815511,0.818306,0.820807,0.82302,0.824952,0.826607,0.827986,0.829091,0.82992,0.830473,0.830746,0.830733,0.830428,0.829823,0.828907,0.827668,0.826094,0.824167,0.821871,0.819184,0.816085,0.81255,0.80855,0.804056,0.799034,0.793448,0.787259,0.780423,0.772894,0.764619,0.755545,0.74561,0.734751,0.722897,0.709974,0.695899,0.680587,0.663944,0.645871,0.626263,0.605008,0.581988,0.557079,0.53015,0.501068,0.469694,0.435885,0.399498,0.360391,0.318424,0.273463,0.225384,0.174077,0.119451,0.0614374,0
0,0.0430493,0.0851981,0.126258,0.166079,0.204544,0.241567,0.277089,0.311074,0.343506,0.374387,0.403731,0.431564,0.457923,0.48285,0.506392,0.528602,0.549534,0.569244,0.587787,0.605221,0.621602,0.636983,0.651417,0.664957,0.677652,0.689548,0.700691,0.711123,0.720885,0.730015,0.738549,0.746521,0.753962,0.760902,0.767367,0.773383,0.778974,0.784161,0.788964,0.793399,0.797485,0.801235,0.804662,0.807777,0.810591,0.813111,0.815345,0.817298,0.818972,0.820373,0.821499,0.82235,0.822925,0.82322,0.823231,0.822949,0.822367,0.821475,0.820261,0.818712,0.816811,0.814541,0.811882,0.808811,0.805305,0.801336,0.796874,0.791886,0.786336,0.780185,0.773391,0.765906,0.75768,0.748658,0.738782,0.727986,0.716203,0.703357,0.68937,0.674155,0.657621,0.63967,0.6202,0.599099,0.576252,0.551538,0.524828,0.49599,0.464889,0.431385,0.395337,0.356605,0.315052,0.270546,0.222965,0.172199,0.118157,0.0607703,0
0,0.0424278,0.0839716,0.124449,0.163713,0.20165,0.238177,0.273236,0.306792,0.338828,0.369345,0.398357,0.425889,0.451976,0.476657,0.499979,0.521993,0.54275,0.562305,0.580712,0.598027,0.614303,0.629593,0.64395,0.657423,0.670061,0.681909,0.693012,0.703411,0.713147,0.722257,0.730775,0.738736,0.74617,0.753105,0.75957,0.765588,0.771184,0.776377,0.781188,0.785634,0.789731,0.793494,0.796935,0.800065,0.802895,0.805432,0.807683,0.809654,0.811348,0.812768,0.813914,0.814786,0.815383,0.8157,0.815732,0.815474,0.814916,0.814048,0.812859,0.811336,0.809461,0.807219,0.804588,0.801548,0.798073,0.794137,0.789709,0.784758,0.779247,0.773138,0.766388,0.758952,0.750778,0.741813,0.731999,0.721271,0.709563,0.6968,0.682905,0.667792,0.651371,0.633548,0.614218,0.593275,0.570605,0.546087,0.519597,0.491005,0.460176,0.426975,0.391262,0.352901,0.311756,0.267697,0.220604,0.170367,0.116895,0.0601196,0
0,0.041825,0.0827816,0.122693,0.161415,0.19884,0.234884,0.269491,0.302626,0.334273,0.364433,0.393118,0.420352,0.446167,0.470604,0.493706,0.515522,0.536103,0.555501,0.573769,0.59096,0.607128,0.622323,0.636597,0.649999,0.662575,0.67437,0.685428,0.69579,0.705494,0.714578,0.723076,0.731021,0.738443,0.74537,0.75183,0.757847,0.763442,0.768638,0.773454,0.777907,0.782012,0.785785,0.789237,0.79238,0.795223,0.797775,0.800042,0.802029,0.80374,0.805178,0.806343,0.807235,0.807852,0.80819,0.808244,0.808008,0.807474,0.80663,0.805467,0.803969,0.802122,0.799908,0.797308,0.794299,0.790857,0.786956,0.782565,0.777653,0.772184,0.766119,0.759417,0.752032,0.743914,0.73501,0.725262,0.714606,0.702977,0.690301,0.676502,0.661495,0.645192,0.627499,0.608314,0.587532,0.565041,0.540722,0.514453,0.486106,0.455549,0.422649,0.387269,0.349274,0.308531,0.264911,0.218295,0.168576,0.115662,0.0594842,0
0,0.0412396,0.081626,0.120987,0.159183,0.196107,0.23168,0.265845,0.298569,0.329835,0.359643,0.388005,0.414944,0.440491,0.464684,0.487566,0.509184,0.529587,0.548825,0.566951,0.584016,0.600072,0.615169,0.629356,0.642681,0.655191,0.666929,0.677938,0.688257,0.697926,0.70698,0.715453,0.723378,0.730784,0.737699,0.74415,0.75016,0.755753,0.760949,0.765766,0.770222,0.774333,0.778113,0.781574,0.784726,0.787581,0.790145,0.792425,0.794427,0.796154,0.797608,0.798791,0.799701,0.800337,0.800696,0.800771,0.800558,0.800046,0.799227,0.798089,0.796618,0.794799,0.792615,0.790045,0.787069,0.783661,0.779796,0.775444,0.770573,0.765148,0.759131,0.752479,0.745148,0.737089,0.728249,0.71857,0.70799,0.696444,0.683859,0.670159,0.655262,0.63908,0.621521,0.602484,0.581866,0.559555,0.535437,0.50939,0.481288,0.451003,0.418402,0.383352,0.345718,0.30537,0.262183,0.216036,0.166824,0.114457,0.058863,0
0,0.0406706,0.0805025,0.119328,0.157011,0.193448,0.228561,0.262294,0.294615,0.325507,0.35497,0.383013,0.409661,0.434941,0.458892,0.481554,0.502973,0.523196,0.542273,0.560255,0.577191,0.593132,0.608126,0.622223,0.635469,0.647908,0.659585,0.67054,0.680813,0.690442,0.699462,0.707906,0.715807,0.723193,0.730093,0.736531,0.742533,0.748119,0.753311,0.758127,0.762583,0.766697,0.770481,0.773947,0.777108,0.779971,0.782546,0.784838,0.786853,0.788593,0.790063,0.791262,0.79219,0.792844,0.793222,0.793319,0.793127,0.792638,0.791844,0.790731,0.789287,0.787497,0.785342,0.782804,0.779861,0.776489,0.772662,0.76835,0.763522,0.758142,0.752174,0.745576,0.738302,0.730304,0.721531,0.711924,0.701423,0.689963,0.677472,0.663875,0.64909,0.633033,0.61561,0.596723,0.576271,0.554144,0.530227,0.504403,0.476547,0.446532,0.414228,0.379504,0.342228,0.302271,0.259508,0.213823,0.165109,0.113276,0.0582549,0
0,0.0401171,0.0794095,0.117713,0.154897,0.190859,0.225522,0.258833,0.290759,0.321284,0.350406,0.378136,0.404495,0.429511,0.45322,0.475663,0.496883,0.516926,0.535841,0.553676,0.57048,0.586303,0.601193,0.615196,0.628358,0.640724,0.652335,0.663233,0.673457,0.683042,0.692024,0.700436,0.708309,0.715672,0.722553,0.728976,0.734964,0.740541,0.745726,0.750538,0.754993,0.759106,0.762892,0.766363,0.769529,0.772399,0.774982,0.777284,0.77931,0.781063,0.782547,0.78376,0.784704,0.785377,0.785773,0.78589,0.785719,0.785253,0.784483,0.783396,0.781979,0.780217,0.778093,0.775587,0.772678,0.769343,0.765555,0.761284,0.756501,0.751169,0.745252,0.738708,0.731494,0.72356,0.714855,0.705324,0.694904,0.683532,0.671138,0.657647,0.642978,0.627047,0.609763,0.59103,0.570745,0.548803,0.525089,0.499488,0.471877,0.442132,0.410124,0.375723,0.3388,0.299228,0.256884,0.211652,0.163427,0.112119,0.057659,0
0,0.0395782,0.0783451,0.116141,0.152838,0.188335,0.222559,0.255457,0.286996,0.317159,0.345946,0.373367,0.39944,0.424195,0.447665,0.469889,0.490909,0.510771,0.529522,0.547209,0.56388,0.579583,0.594365,0.608271,0.621347,0.633636,0.64518,0.656017,0.666187,0.675725,0.684667,0.693043,0.700885,0.708222,0.71508,0.721484,0.727458,0.733022,0.738198,0.743003,0.747453,0.751564,0.75535,0.758822,0.761992,0.764867,0.767457,0.769767,0.771803,0.773567,0.775063,0.776291,0.77725,0.777938,0.778353,0.778489,0.778339,0.777895,0.777149,0.776087,0.774697,0.772964,0.770871,0.768398,0.765524,0.762226,0.758478,0.75425,0.749512,0.74423,0.738365,0.731878,0.724725,0.716857,0.708224,0.698769,0.688434,0.677153,0.664858,0.651474,0.636924,0.621122,0.603979,0.5854,0.565285,0.543528,0.520019,0.494641,0.467275,0.437798,0.406083,0.372003,0.33543,0.296238,0.254307,0.209521,0.161776,0.110985,0.0570744,0
0,0.0390531,0.0773078,0.114608,0.15083,0.185874,0.219668,0.252161,0.28332,0.313129,0.341586,0.368701,0.394493,0.418988,0.44222,0.464226,0.485047,0.504728,0.523314,0.540852,0.557388,0.572968,0.58764,0.601447,0.614435,0.626644,0.638116,0.64889,0.659004,0.668492,0.677389,0.685727,0.693536,0.700843,0.707676,0.714058,0.720014,0.725564,0.730727,0.735523,0.739966,0.744073,0.747857,0.751329,0.754499,0.757379,0.759973,0.76229,0.764334,0.766108,0.767615,0.768855,0.769829,0.770533,0.770965,0.771119,0.770989,0.770568,0.769845,0.768808,0.767445,0.765741,0.763679,0.761239,0.758401,0.755141,0.751434,0.74725,0.742559,0.737326,0.731516,0.725087,0.717996,0.710196,0.701636,0.69226,0.68201,0.670823,0.658629,0.645356,0.630925,0.615254,0.598254,0.579831,0.559887,0.538317,0.515012,0.489858,0.462737,0.433527,0.402103,0.368341,0.332114,0.293298,0.251773,0.207427,0.160155,0.10987,0.0565005,0
0,0.038541,0.0762962,0.113113,0.14887,0.183471,0.216845,0.248941,0.279727,0.309188,0.337321,0.364134,0.389647,0.413885,0.436881,0.45867,0.479292,0.498792,0.517213,0.5346,0.550999,0.566456,0.581015,0.594721,0.607617,0.619744,0.631142,0.64185,0.651905,0.661341,0.670191,0.678488,0.68626,0.693535,0.70034,0.706699,0.712634,0.718167,0.723316,0.728101,0.732535,0.736635,0.740414,0.743884,0.747055,0.749935,0.752533,0.754856,0.756906,0.758689,0.760206,0.761458,0.762445,0.763164,0.763612,0.763785,0.763675,0.763274,0.762574,0.761563,0.760227,0.758552,0.756521,0.754114,0.751312,0.748091,0.744424,0.740285,0.735641,0.73046,0.724705,0.718335,0.711308,0.703577,0.695092,0.685797,0.675635,0.664542,0.652451,0.639289,0.624981,0.609442,0.592586,0.574321,0.554549,0.533166,0.510066,0.485136,0.458258,0.429314,0.398181,0.364734,0.328849,0.290405,0.249281,0.205368,0.158561,0.108775,0.0559365,0
0,0.0380413,0.0753088,0.111654,0.146957,0.181124,0.214086,0.245793,0.276214,0.305332,0.333145,0.359662,0.384899,0.408883,0.431643,0.453216,0.473641,0.492959,0.511214,0.528449,0.544711,0.560042,0.574488,0.588091,0.600893,0.612936,0.624258,0.634898,0.644891,0.654271,0.663073,0.671325,0.679059,0.6863,0.693075,0.699407,0.70532,0.710833,0.715966,0.720736,0.72516,0.729252,0.733025,0.736491,0.73966,0.742541,0.745141,0.747467,0.749523,0.751313,0.752839,0.754102,0.755101,0.755834,0.756298,0.756487,0.756397,0.756018,0.75534,0.754353,0.753044,0.751398,0.749398,0.747025,0.744259,0.741076,0.737452,0.733357,0.728762,0.723633,0.717934,0.711624,0.704663,0.697002,0.688592,0.67938,0.669306,0.65831,0.646323,0.633275,0.619089,0.603684,0.586975,0.568868,0.549268,0.528074,0.505179,0.480471,0.453837,0.425158,0.394313,0.361178,0.325633,0.287555,0.246828,0.203341,0.156993,0.107697,0.0553818,0
0,0.0375533,0.0743444,0.110228,0.145087,0.178831,0.211389,0.242715,0.272776,0.301557,0.329056,0.355279,0.380244,0.403975,0.426503,0.447861,0.468089,0.487225,0.505314,0.522398,0.53852,0.553725,0.568055,0.581553,0.594261,0.606217,0.617461,0.62803,0.637959,0.647283,0.656033,0.664239,0.671932,0.679136,0.685879,0.692183,0.698071,0.703563,0.708678,0.713433,0.717844,0.721926,0.725691,0.729151,0.732317,0.735196,0.737797,0.740126,0.742186,0.743982,0.745516,0.746789,0.747799,0.748545,0.749024,0.749231,0.749159,0.7488,0.748144,0.747182,0.7459,0.744282,0.742313,0.739974,0.737244,0.734101,0.730518,0.726469,0.721922,0.716846,0.711204,0.704956,0.69806,0.69047,0.682138,0.673008,0.663025,0.652126,0.640245,0.627311,0.61325,0.59798,0.581417,0.563469,0.544043,0.523037,0.500347,0.475863,0.449471,0.421055,0.390495,0.357671,0.322461,0.284746,0.244411,0.201345,0.155449,0.106636,0.0548358,0
0,0.0370764,0.0734019,0.108834,0.143259,0.176587,0.208751,0.239702,0.26941,0.29786,0.325048,0.350982,0.375678,0.39916,0.421456,0.442601,0.462632,0.481588,0.49951,0.516442,0.532424,0.547502,0.561715,0.575107,0.587717,0.599586,0.61075,0.621247,0.63111,0.640375,0.649071,0.65723,0.664879,0.672045,0.678754,0.685028,0.690889,0.696358,0.701452,0.70619,0.710587,0.714657,0.718413,0.721867,0.725027,0.727904,0.730504,0.732834,0.734898,0.736699,0.73824,0.739521,0.740542,0.741301,0.741794,0.742016,0.741962,0.741623,0.74099,0.740051,0.738795,0.737206,0.735268,0.732962,0.730269,0.727164,0.723624,0.719621,0.715124,0.710101,0.704515,0.698329,0.6915,0.683983,0.675728,0.666683,0.65679,0.64599,0.634215,0.621397,0.607461,0.592327,0.575911,0.558124,0.538871,0.518054,0.495568,0.471306,0.445156,0.417002,0.386727,0.35421,0.319333,0.281977,0.242028,0.199378,0.153928,0.105591,0.0542981,0
0,0.03661,0.0724801,0.107471,0.141471,0.174392,0.206168,0.236751,0.266113,0.294237,0.321119,0.346768,0.371198,0.394432,0.4165,0.437433,0.457267,0.476043,0.493799,0.510578,0.52642,0.541369,0.555465,0.56875,0.581262,0.593041,0.604123,0.614546,0.624342,0.633546,0.642187,0.650296,0.6579,0.665026,0.671699,0.677941,0.683774,0.689218,0.694291,0.69901,0.703391,0.707448,0.711193,0.714638,0.717793,0.720666,0.723264,0.725594,0.72766,0.729465,0.731012,0.732301,0.733332,0.734102,0.734608,0.734846,0.734809,0.734489,0.733877,0.732963,0.731732,0.730171,0.728264,0.725992,0.723335,0.72027,0.716772,0.712815,0.708367,0.703398,0.69787,0.691747,0.684985,0.67754,0.669364,0.660403,0.650603,0.639901,0.628234,0.615532,0.601722,0.586724,0.570456,0.552829,0.533751,0.513122,0.490841,0.466801,0.440891,0.412998,0.383004,0.350792,0.316245,0.279244,0.239678,0.197439,0.152429,0.104561,0.053768,0
0,0.0361538,0.0715782,0.106137,0.139721,0.172243,0.203638,0.233861,0.262882,0.290684,0.317266,0.342632,0.3668,0.38979,0.41163,0.432352,0.451992,0.470587,0.488178,0.504804,0.520506,0.535325,0.549303,0.562479,0.574892,0.58658,0.59758,0.607927,0.617654,0.626795,0.63538,0.643437,0.650995,0.65808,0.664715,0.670923,0.676726,0.682144,0.687194,0.691893,0.696257,0.700299,0.704032,0.707467,0.710614,0.713482,0.716077,0.718406,0.720473,0.722282,0.723834,0.725129,0.726169,0.72695,0.727469,0.727722,0.727701,0.7274,0.72681,0.725918,0.724713,0.723181,0.721304,0.719065,0.716444,0.713418,0.709963,0.706052,0.701654,0.696738,0.691269,0.685208,0.678514,0.671142,0.663045,0.65417,0.644462,0.63386,0.622301,0.609716,0.596032,0.581171,0.565051,0.547585,0.52868,0.50824,0.486163,0.462344,0.436674,0.409039,0.379326,0.347417,0.313195,0.276546,0.237358,0.195525,0.150949,0.103546,0.0532453,0
0,0.0357071,0.0706952,0.104831,0.138006,0.170137,0.201159,0.231028,0.259713,0.2872,0.313484,0.338573,0.362481,0.385228,0.406843,0.427356,0.446803,0.465219,0.482644,0.499117,0.514678,0.529368,0.543227,0.556293,0.568606,0.580202,0.591118,0.601388,0.611045,0.620122,0.628649,0.636653,0.644163,0.651205,0.657801,0.663974,0.669746,0.675136,0.680161,0.684839,0.689184,0.69321,0.69693,0.700355,0.703494,0.706355,0.708946,0.711273,0.71334,0.715151,0.716707,0.718009,0.719056,0.719847,0.720378,0.720645,0.720641,0.720358,0.719788,0.71892,0.71774,0.716235,0.714388,0.712183,0.709598,0.706611,0.703198,0.699333,0.694985,0.690123,0.684712,0.678714,0.672088,0.66479,0.656772,0.647983,0.638367,0.627866,0.616415,0.603947,0.59039,0.575666,0.559695,0.542389,0.523658,0.503406,0.481533,0.457934,0.432502,0.405125,0.37569,0.344081,0.310183,0.273882,0.235068,0.193636,0.149489,0.102543,0.0527295,0
0,0.0352696,0.0698302,0.103551,0.136326,0.168073,0.198729,0.228249,0.256604,0.28378,0.309772,0.334586,0.358237,0.380745,0.402137,0.422443,0.441697,0.459934,0.477194,0.493515,0.508935,0.523495,0.537234,0.550191,0.562402,0.573906,0.584736,0.594928,0.604514,0.613526,0.621993,0.629944,0.637405,0.644401,0.650957,0.657094,0.662834,0.668195,0.673194,0.677849,0.682175,0.686184,0.68989,0.693302,0.696431,0.699286,0.701872,0.704196,0.706262,0.708074,0.709633,0.71094,0.711995,0.712795,0.713338,0.713618,0.713629,0.713364,0.712814,0.711968,0.710813,0.709335,0.707519,0.705346,0.702797,0.699849,0.696479,0.692659,0.688361,0.683553,0.6782,0.672265,0.665707,0.658483,0.650545,0.641842,0.632319,0.621918,0.610576,0.598226,0.584795,0.570209,0.554386,0.537241,0.518683,0.498619,0.476948,0.453569,0.428374,0.401253,0.372094,0.340783,0.307205,0.27125,0.232806,0.19177,0.148047,0.101553,0.0522203,0
0,0.0348408,0.0689824,0.102296,0.134679,0.166049,0.196345,0.225523,0.253554,0.280423,0.306127,0.33067,0.354067,0.376338,0.397509,0.417609,0.436671,0.454732,0.471827,0.487995,0.503275,0.517705,0.531324,0.54417,0.556279,0.567689,0.578434,0.588547,0.598061,0.607006,0.615412,0.623308,0.630718,0.637669,0.644184,0.650284,0.655989,0.661319,0.666292,0.670924,0.675228,0.679219,0.68291,0.686309,0.689428,0.692274,0.694854,0.697175,0.699239,0.701051,0.702613,0.703925,0.704986,0.705795,0.706348,0.706641,0.706667,0.70642,0.705889,0.705064,0.703934,0.702483,0.700696,0.698556,0.696042,0.693133,0.689805,0.686031,0.681783,0.677029,0.671734,0.665863,0.659373,0.652223,0.644364,0.635747,0.626318,0.616017,0.604784,0.592551,0.579247,0.564798,0.549123,0.532138,0.513754,0.493877,0.472409,0.449248,0.424289,0.397422,0.368537,0.337521,0.304262,0.268647,0.23057,0.189926,0.146623,0.100576,0.0517173,0
0,0.0344204,0.0681511,0.101066,0.133064,0.164064,0.194006,0.222847,0.250559,0.277126,0.302545,0.326821,0.349967,0.372004,0.392956,0.412851,0.431724,0.449607,0.466539,0.482555,0.497694,0.511994,0.525493,0.538228,0.550235,0.561551,0.572209,0.582242,0.591682,0.600561,0.608906,0.616745,0.624104,0.631008,0.63748,0.643541,0.649212,0.654512,0.659457,0.664063,0.668346,0.672318,0.675992,0.679378,0.682485,0.685322,0.687895,0.690211,0.692273,0.694085,0.695648,0.696963,0.698031,0.698847,0.699411,0.699715,0.699756,0.699525,0.699014,0.69821,0.697104,0.69568,0.693922,0.691814,0.689335,0.686465,0.683179,0.67945,0.675252,0.670551,0.665315,0.659506,0.653085,0.646008,0.638229,0.629699,0.620362,0.610162,0.599038,0.586922,0.573746,0.559434,0.543907,0.527082,0.50887,0.489179,0.467913,0.444969,0.420244,0.39363,0.365018,0.334295,0.30135,0.266074,0.228359,0.188104,0.145215,0.0996093,0.0512203,0
0,0.034008,0.0673356,0.099859,0.131478,0.162115,0.19171,0.220219,0.247617,0.273887,0.299025,0.323037,0.345936,0.36774,0.388475,0.408168,0.426852,0.44456,0.461328,0.477193,0.492192,0.506362,0.519741,0.532364,0.544269,0.55549,0.56606,0.576013,0.585379,0.59419,0.602472,0.610254,0.617561,0.624418,0.630846,0.636868,0.642504,0.647771,0.652687,0.657268,0.661527,0.66548,0.669136,0.672507,0.675602,0.678429,0.680995,0.683305,0.685364,0.687174,0.688738,0.690057,0.69113,0.691954,0.692526,0.692843,0.692897,0.692682,0.692189,0.691407,0.690323,0.688925,0.687196,0.68512,0.682677,0.679844,0.6766,0.672917,0.668768,0.664121,0.658942,0.653196,0.646843,0.63984,0.632141,0.623697,0.614453,0.604354,0.593338,0.58134,0.56829,0.554114,0.538735,0.52207,0.50403,0.484525,0.463459,0.440731,0.416239,0.389877,0.361534,0.331102,0.29847,0.263529,0.226173,0.186302,0.143823,0.0986542,0.050729,0
0,0.0336033,0.0665352,0.0986742,0.129922,0.160202,0.189454,0.217638,0.244726,0.270703,0.295565,0.319316,0.34197,0.363545,0.384065,0.403557,0.422054,0.439587,0.456193,0.471907,0.486766,0.500806,0.514064,0.526577,0.538378,0.549504,0.559986,0.569858,0.57915,0.587892,0.596111,0.603835,0.61109,0.617897,0.624282,0.630263,0.635862,0.641096,0.645983,0.650537,0.654773,0.658705,0.662343,0.665698,0.66878,0.671596,0.674154,0.676458,0.678512,0.680321,0.681886,0.683207,0.684283,0.685114,0.685696,0.686023,0.686091,0.685891,0.685416,0.684654,0.683593,0.682221,0.680521,0.678476,0.676067,0.673272,0.670069,0.666432,0.662331,0.657737,0.652617,0.646934,0.640649,0.633719,0.626099,0.617741,0.60859,0.598591,0.587683,0.575802,0.562879,0.54884,0.533608,0.517101,0.499233,0.479913,0.459046,0.436534,0.412273,0.38616,0.358086,0.327942,0.29562,0.261011,0.224011,0.18452,0.142446,0.0977096,0.0502431,0
0,0.0332061,0.0657495,0.0975109,0.128394,0.158322,0.187239,0.215102,0.241885,0.267573,0.292162,0.315656,0.338068,0.359415,0.379722,0.399016,0.417327,0.434687,0.451132,0.466695,0.481414,0.495325,0.508463,0.520864,0.532563,0.543593,0.553987,0.563777,0.572994,0.581666,0.589822,0.597488,0.604688,0.611447,0.617786,0.623727,0.629288,0.634488,0.639344,0.643871,0.648083,0.651993,0.655612,0.658952,0.66202,0.664824,0.667373,0.66967,0.67172,0.673526,0.67509,0.676413,0.677494,0.67833,0.67892,0.679258,0.679338,0.679154,0.678695,0.677954,0.676916,0.675568,0.673896,0.671882,0.669507,0.66675,0.663588,0.659995,0.655943,0.651402,0.646339,0.640719,0.634501,0.627644,0.620104,0.611831,0.602773,0.592874,0.582074,0.57031,0.557512,0.543609,0.528524,0.512176,0.494478,0.475342,0.454674,0.432375,0.408345,0.382479,0.354671,0.324814,0.292798,0.258519,0.221871,0.182757,0.141085,0.0967751,0.0497625,0
0,0.0328159,0.0649776,0.0963681,0.126892,0.156476,0.185061,0.212609,0.239092,0.264495,0.288814,0.312054,0.334227,0.35535,0.375446,0.394543,0.412669,0.429857,0.446141,0.461556,0.476136,0.489917,0.502935,0.515225,0.52682,0.537754,0.54806,0.557769,0.56691,0.575512,0.583604,0.59121,0.598356,0.605065,0.611359,0.617257,0.622781,0.627947,0.632771,0.63727,0.641457,0.645345,0.648945,0.652267,0.65532,0.658113,0.660651,0.662941,0.664985,0.666788,0.668352,0.669675,0.670759,0.671602,0.672199,0.672547,0.67264,0.67247,0.672028,0.671306,0.67029,0.668967,0.667322,0.665339,0.662997,0.660277,0.657156,0.653607,0.649604,0.645116,0.64011,0.634551,0.628401,0.621617,0.614155,0.605968,0.597002,0.587203,0.576511,0.564862,0.55219,0.538423,0.523484,0.507293,0.489765,0.470812,0.450341,0.428255,0.404453,0.378833,0.35129,0.321716,0.290005,0.256052,0.219753,0.181011,0.139737,0.0958505,0.049287,0
0,0.0324325,0.0642193,0.0952451,0.125417,0.15466,0.182921,0.210157,0.236344,0.261467,0.28552,0.308509,0.330446,0.351347,0.371234,0.390135,0.408079,0.425096,0.441221,0.456487,0.470928,0.484581,0.497479,0.509657,0.521149,0.531988,0.542205,0.551831,0.560897,0.569429,0.577456,0.585002,0.592093,0.598752,0.604999,0.610856,0.61634,0.621471,0.626264,0.630734,0.634895,0.63876,0.64234,0.645644,0.648682,0.651462,0.65399,0.656272,0.658311,0.66011,0.661672,0.662996,0.664083,0.66493,0.665534,0.665891,0.665995,0.665839,0.665414,0.664711,0.663716,0.662418,0.6608,0.658846,0.656539,0.653855,0.650774,0.647269,0.643313,0.638878,0.633929,0.628432,0.622348,0.615637,0.608254,0.600151,0.591277,0.581577,0.570992,0.559459,0.546912,0.533279,0.518486,0.502451,0.485093,0.466322,0.446047,0.424172,0.400597,0.375221,0.34794,0.318648,0.287239,0.253609,0.217656,0.179284,0.138403,0.0949354,0.0488164,0
0,0.0320557,0.0634739,0.0941412,0.123966,0.152876,0.180816,0.207746,0.233641,0.258487,0.282278,0.30502,0.326722,0.347404,0.367085,0.385792,0.403554,0.420402,0.436368,0.451486,0.46579,0.479314,0.492093,0.50416,0.515549,0.526292,0.53642,0.545964,0.554953,0.563415,0.571376,0.578863,0.585899,0.592506,0.598707,0.60452,0.609966,0.615061,0.619822,0.624263,0.628398,0.632239,0.635797,0.639084,0.642107,0.644873,0.64739,0.649663,0.651695,0.65349,0.655049,0.656374,0.657463,0.658314,0.658925,0.659291,0.659406,0.659264,0.658855,0.658169,0.657196,0.655921,0.65433,0.652406,0.650131,0.647484,0.644442,0.64098,0.637073,0.632688,0.627796,0.62236,0.616343,0.609704,0.602399,0.59438,0.585598,0.575996,0.565518,0.554101,0.541678,0.528179,0.51353,0.497651,0.480461,0.461871,0.441791,0.420125,0.396776,0.371643,0.344622,0.315609,0.284499,0.25119,0.21558,0.177573,0.137082,0.0940294,0.0483505,0
0,0.0316852,0.062741,0.0930558,0.122539,0.15112,0.178745,0.205374,0.230981,0.255554,0.279087,0.301583,0.323055,0.343519,0.362996,0.381512,0.399094,0.415774,0.431582,0.446553,0.46072,0.474116,0.486776,0.498732,0.510018,0.520665,0.530704,0.540166,0.549079,0.55747,0.565366,0.572792,0.579772,0.586328,0.592481,0.598252,0.603658,0.608717,0.613444,0.617856,0.621963,0.625781,0.629318,0.632586,0.635592,0.638345,0.64085,0.643114,0.645139,0.646929,0.648486,0.64981,0.650901,0.651756,0.652373,0.652747,0.652873,0.652743,0.652349,0.651682,0.650729,0.649477,0.647913,0.646018,0.643775,0.641163,0.638161,0.634742,0.630881,0.626549,0.621712,0.616337,0.610386,0.603818,0.59659,0.588656,0.579964,0.570461,0.560089,0.548786,0.536486,0.523121,0.508615,0.492892,0.475869,0.457459,0.437572,0.416115,0.39299,0.368097,0.341334,0.312598,0.281786,0.248794,0.213523,0.175879,0.135775,0.0931323,0.0478892,0
0,0.0313209,0.0620202,0.0919881,0.121136,0.149393,0.176707,0.203039,0.228363,0.252666,0.275943,0.298199,0.319442,0.339691,0.358966,0.377291,0.394696,0.411208,0.426861,0.441686,0.455716,0.468985,0.481526,0.493372,0.504555,0.515106,0.525057,0.534436,0.543272,0.551592,0.559423,0.566789,0.573712,0.580217,0.586323,0.592049,0.597415,0.602437,0.607132,0.611512,0.615593,0.619386,0.622901,0.62615,0.629139,0.631878,0.634371,0.636624,0.638642,0.640427,0.641981,0.643304,0.644396,0.645255,0.645877,0.646259,0.646395,0.646278,0.645899,0.645249,0.644316,0.643087,0.641548,0.639682,0.63747,0.634894,0.63193,0.628554,0.62474,0.620458,0.615677,0.610362,0.604476,0.59798,0.590829,0.582978,0.574376,0.56497,0.554704,0.543514,0.531338,0.518105,0.503743,0.488173,0.471316,0.453084,0.43339,0.412139,0.389237,0.364583,0.338076,0.309615,0.279097,0.24642,0.211486,0.174201,0.134479,0.0922439,0.0474323,0
0,0.0309625,0.061311,0.0909376,0.119755,0.147693,0.174701,0.20074,0.225785,0.249823,0.272848,0.294864,0.315882,0.335918,0.354993,0.373131,0.390358,0.406705,0.422203,0.436882,0.450777,0.46392,0.476342,0.488078,0.499159,0.509615,0.519477,0.528773,0.537533,0.545782,0.553547,0.560851,0.567719,0.574171,0.580229,0.585912,0.591237,0.596223,0.600883,0.605233,0.609286,0.613054,0.616547,0.619776,0.622748,0.625472,0.627952,0.630196,0.632206,0.633985,0.635535,0.636856,0.637949,0.63881,0.639438,0.639827,0.639973,0.639867,0.639503,0.63887,0.637956,0.63675,0.635236,0.633398,0.631218,0.628677,0.625751,0.622417,0.618649,0.614417,0.60969,0.604435,0.598615,0.592188,0.585114,0.577346,0.568834,0.559525,0.549363,0.538287,0.526232,0.513131,0.498911,0.483494,0.466801,0.448748,0.429244,0.408199,0.385517,0.3611,0.334848,0.306659,0.276433,0.244068,0.209468,0.172539,0.133196,0.0913638,0.0469798,0
0,0.0306098,0.0606132,0.0899038,0.118396,0.14602,0.172727,0.198477,0.223247,0.247022,0.269798,0.291578,0.312374,0.3322,0.351076,0.369027,0.38608,0.402263,0.417606,0.432142,0.445902,0.458919,0.471224,0.48285,0.493828,0.504189,0.513962,0.523177,0.531859,0.540038,0.547736,0.55498,0.561791,0.568191,0.574201,0.579839,0.585124,0.590072,0.594698,0.599017,0.603042,0.606784,0.610255,0.613464,0.616418,0.619127,0.621595,0.623827,0.625828,0.627601,0.629147,0.630467,0.631559,0.632423,0.633055,0.633451,0.633606,0.633512,0.633162,0.632545,0.631651,0.630466,0.628977,0.627167,0.625018,0.62251,0.619622,0.61633,0.612607,0.608425,0.603753,0.598557,0.592801,0.586445,0.579446,0.57176,0.563337,0.554124,0.544066,0.533102,0.521169,0.508198,0.494119,0.478855,0.462326,0.444448,0.425134,0.404293,0.38183,0.357648,0.331648,0.30373,0.273793,0.241738,0.207469,0.170893,0.131925,0.090492,0.0465316,0
0,0.0302626,0.0599262,0.0888861,0.117057,0.144373,0.170782,0.196248,0.220746,0.244262,0.266792,0.28834,0.308915,0.328533,0.347214,0.36498,0.381859,0.397879,0.41307,0.427463,0.441089,0.453981,0.466169,0.477686,0.488563,0.498828,0.508513,0.517645,0.526251,0.534359,0.541991,0.549174,0.555928,0.562276,0.568237,0.573831,0.579075,0.583985,0.588577,0.592864,0.596861,0.600578,0.604025,0.607213,0.61015,0.612842,0.615297,0.617519,0.619511,0.621277,0.622818,0.624135,0.625228,0.626094,0.62673,0.627133,0.627296,0.627213,0.626876,0.626276,0.6254,0.624236,0.622771,0.620988,0.61887,0.616396,0.613545,0.610294,0.606616,0.602484,0.597865,0.592728,0.587035,0.580748,0.573825,0.56622,0.557885,0.548768,0.538813,0.527961,0.516148,0.503307,0.489368,0.474254,0.457888,0.440185,0.421059,0.40042,0.378175,0.354226,0.328477,0.300827,0.271177,0.239429,0.205487,0.169261,0.130666,0.0896282,0.0460874,0
0,0.0299208,0.0592499,0.087884,0.11574,0.142751,0.168867,0.194052,0.218282,0.241543,0.263831,0.285148,0.305505,0.324918,0.343404,0.360988,0.377696,0.393554,0.408594,0.422844,0.436338,0.449105,0.461177,0.472585,0.48336,0.493531,0.503128,0.512178,0.520708,0.528744,0.53631,0.543431,0.550129,0.556424,0.562337,0.567886,0.573088,0.577961,0.582518,0.586774,0.590742,0.594432,0.597857,0.601024,0.603942,0.606619,0.60906,0.61127,0.613253,0.615012,0.616549,0.617863,0.618955,0.619822,0.620462,0.62087,0.621042,0.62097,0.620646,0.620061,0.619203,0.61806,0.616619,0.614863,0.612774,0.610333,0.607519,0.604309,0.600675,0.596591,0.592026,0.586947,0.581317,0.575099,0.56825,0.560726,0.552479,0.543456,0.533604,0.522862,0.511169,0.498457,0.484656,0.469693,0.453488,0.435958,0.417019,0.396581,0.374551,0.350834,0.325333,0.297949,0.268584,0.23714,0.203524,0.167644,0.129418,0.0887722,0.0456473,0
0,0.0295842,0.0585838,0.0868971,0.114442,0.141152,0.16698,0.191888,0.215854,0.238863,0.260911,0.282001,0.302143,0.321352,0.339647,0.35705,0.373587,0.389286,0.404175,0.418285,0.431646,0.444289,0.456246,0.467546,0.47822,0.488297,0.497806,0.506774,0.515227,0.523193,0.530693,0.537753,0.544394,0.550636,0.5565,0.562004,0.567165,0.572,0.576522,0.580746,0.584684,0.588349,0.59175,0.594896,0.597795,0.600455,0.602882,0.605081,0.607054,0.608806,0.610337,0.611648,0.612739,0.613608,0.614251,0.614665,0.614844,0.614782,0.614471,0.613901,0.613061,0.611938,0.61052,0.60879,0.606731,0.604323,0.601545,0.598374,0.594785,0.590749,0.586237,0.581215,0.575648,0.569497,0.562722,0.555278,0.547118,0.538189,0.528438,0.517806,0.506231,0.493647,0.479985,0.46517,0.449125,0.431768,0.413014,0.392775,0.370959,0.347472,0.322217,0.295097,0.266014,0.234872,0.201578,0.166041,0.128181,0.087924,0.0452112,0
0,0.0292527,0.0579277,0.0859248,0.113163,0.139578,0.165121,0.189756,0.213461,0.236221,0.258032,0.278898,0.298827,0.317835,0.33594,0.353164,0.369532,0.385072,0.399813,0.413783,0.427013,0.439534,0.451375,0.462568,0.473141,0.483125,0.492546,0.501432,0.50981,0.517704,0.525139,0.532138,0.538721,0.544911,0.550726,0.556185,0.561305,0.566101,0.570588,0.57478,0.578689,0.582327,0.585703,0.588828,0.591709,0.594352,0.596765,0.598951,0.600914,0.602658,0.604184,0.605491,0.606581,0.60745,0.608096,0.608516,0.608702,0.60865,0.608351,0.607795,0.606972,0.60587,0.604475,0.60277,0.60074,0.598364,0.595622,0.592491,0.588945,0.584956,0.580496,0.575531,0.570026,0.563943,0.557241,0.549876,0.541801,0.532966,0.523315,0.512792,0.501335,0.488878,0.475352,0.460685,0.444798,0.427613,0.409043,0.389002,0.367398,0.344138,0.319127,0.292269,0.263466,0.232624,0.199649,0.164453,0.126955,0.0870833,0.0447789,0
0,0.028926,0.0572812,0.0849668,0.111903,0.138026,0.163288,0.187654,0.211101,0.233616,0.255194,0.275838,0.295557,0.314365,0.332282,0.349329,0.36553,0.380913,0.395506,0.409338,0.422438,0.434836,0.446564,0.45765,0.468123,0.478013,0.487347,0.496152,0.504454,0.512277,0.519646,0.526584,0.533111,0.539248,0.545014,0.550428,0.555506,0.560263,0.564715,0.568875,0.572755,0.576366,0.579718,0.582821,0.585682,0.588309,0.590707,0.59288,0.594834,0.596569,0.598089,0.599392,0.60048,0.60135,0.601999,0.602423,0.602617,0.602574,0.602286,0.601745,0.600939,0.599856,0.598483,0.596804,0.594801,0.592457,0.589751,0.586658,0.583155,0.579213,0.574804,0.569895,0.564451,0.558435,0.551806,0.54452,0.53653,0.527787,0.518236,0.507821,0.49648,0.484149,0.470759,0.456238,0.440509,0.423493,0.405106,0.38526,0.363867,0.340833,0.316065,0.289466,0.260941,0.230395,0.197737,0.162879,0.12574,0.08625,0.0443505,0
0,0.0286041,0.0566442,0.0840228,0.110661,0.136497,0.161482,0.185582,0.208775,0.231047,0.252394,0.272819,0.29233,0.310942,0.328673,0.345544,0.36158,0.376808,0.391254,0.404948,0.417919,0.430197,0.441811,0.45279,0.463164,0.472961,0.482208,0.490932,0.499159,0.506912,0.514215,0.521091,0.527562,0.533646,0.539364,0.544732,0.549768,0.554487,0.558903,0.563031,0.566881,0.570465,0.573793,0.576874,0.579715,0.582325,0.584708,0.586869,0.588811,0.590538,0.592052,0.593351,0.594437,0.595307,0.595958,0.596386,0.596587,0.596552,0.596276,0.595749,0.594959,0.593895,0.592544,0.59089,0.588915,0.586602,0.58393,0.580876,0.577415,0.57352,0.569162,0.564308,0.558925,0.552974,0.546417,0.539209,0.531303,0.522652,0.5132,0.502892,0.491667,0.47946,0.466205,0.451829,0.436256,0.419408,0.401202,0.381551,0.360367,0.337557,0.313029,0.286687,0.258437,0.228186,0.195842,0.161318,0.124536,0.0854241,0.0439259,0
0,0.0282869,0.0560163,0.0830922,0.109437,0.134989,0.159701,0.183539,0.206481,0.228514,0.249633,0.269841,0.289147,0.307564,0.325111,0.341808,0.357681,0.372754,0.387055,0.400613,0.413456,0.425613,0.437114,0.447989,0.458264,0.467969,0.477129,0.485772,0.493923,0.501606,0.508844,0.515659,0.522073,0.528105,0.533773,0.539097,0.544091,0.548771,0.553152,0.557247,0.561067,0.564624,0.567928,0.570986,0.573808,0.5764,0.578768,0.580916,0.582847,0.584566,0.586072,0.587367,0.588451,0.58932,0.589973,0.590405,0.590612,0.590586,0.590321,0.589807,0.589033,0.587988,0.586658,0.585028,0.583081,0.580799,0.578161,0.575144,0.571725,0.567876,0.563568,0.558769,0.553446,0.547561,0.541074,0.533943,0.526121,0.51756,0.508206,0.498004,0.486894,0.474811,0.461689,0.447457,0.43204,0.415358,0.397332,0.377874,0.356896,0.334309,0.310019,0.283932,0.255955,0.225996,0.193963,0.159771,0.123342,0.0846053,0.0435049,0
0,0.0279741,0.0553973,0.0821748,0.10823,0.133502,0.157945,0.181524,0.204219,0.226015,0.246909,0.266903,0.286005,0.30423,0.321595,0.338121,0.353831,0.368751,0.382909,0.396331,0.409047,0.421085,0.432475,0.443244,0.453421,0.463034,0.472109,0.480671,0.488747,0.49636,0.503533,0.510287,0.516644,0.522624,0.528244,0.533522,0.538474,0.543116,0.547461,0.551523,0.555313,0.558843,0.562121,0.565158,0.56796,0.570534,0.572886,0.575021,0.576942,0.578651,0.580151,0.581441,0.582521,0.58339,0.584045,0.584481,0.584693,0.584676,0.584421,0.58392,0.583161,0.582135,0.580825,0.579219,0.577299,0.575047,0.572443,0.569464,0.566085,0.562281,0.558023,0.553278,0.548014,0.542193,0.535777,0.528722,0.520984,0.512512,0.503256,0.493159,0.482162,0.470202,0.457212,0.443123,0.427859,0.411343,0.393494,0.374227,0.353455,0.331088,0.307035,0.281201,0.253495,0.223824,0.1921,0.158237,0.122158,0.0837937,0.0430877,0
0,0.0276658,0.0547869,0.0812702,0.10704,0.132036,0.156213,0.179537,0.201987,0.22355,0.244221,0.264003,0.282905,0.300939,0.318124,0.33448,0.350029,0.364798,0.378813,0.392102,0.404691,0.416611,0.42789,0.438555,0.448635,0.458156,0.467145,0.475628,0.48363,0.491173,0.49828,0.504974,0.511275,0.517202,0.522773,0.528005,0.532916,0.537519,0.541829,0.545858,0.549618,0.55312,0.556374,0.559388,0.56217,0.564726,0.567063,0.569184,0.571093,0.572794,0.574286,0.575571,0.576649,0.577516,0.578172,0.578611,0.578829,0.57882,0.578575,0.578087,0.577343,0.576334,0.575046,0.573463,0.571569,0.569347,0.566776,0.563833,0.560495,0.556736,0.552526,0.547835,0.54263,0.536873,0.530526,0.523547,0.51589,0.507508,0.498347,0.488355,0.47747,0.465632,0.452773,0.438825,0.423714,0.407362,0.389689,0.370612,0.350044,0.327895,0.304076,0.278493,0.251056,0.221672,0.190254,0.156717,0.120985,0.0829891,0.042674,0
0,0.0273617,0.0541851,0.080378,0.105866,0.13059,0.154504,0.177577,0.199785,0.221117,0.241569,0.261142,0.279845,0.297691,0.314698,0.330885,0.346276,0.360895,0.374768,0.387924,0.400389,0.412192,0.42336,0.433922,0.443904,0.453335,0.462239,0.470643,0.478569,0.486043,0.493086,0.49972,0.505964,0.511838,0.517361,0.522548,0.527417,0.531981,0.536255,0.540251,0.543982,0.547456,0.550685,0.553676,0.556438,0.558976,0.561297,0.563405,0.565302,0.566993,0.568478,0.569758,0.570832,0.571698,0.572355,0.572797,0.573021,0.573019,0.572784,0.572308,0.571579,0.570587,0.569318,0.567759,0.565891,0.563698,0.561159,0.558253,0.554955,0.55124,0.547078,0.542441,0.537293,0.531599,0.525321,0.518416,0.510841,0.502546,0.493481,0.483591,0.472819,0.461101,0.448372,0.434564,0.419604,0.403415,0.385917,0.367028,0.346662,0.32473,0.301143,0.275809,0.248637,0.219538,0.188423,0.15521,0.119822,0.0821915,0.0422639,0
0,0.0270618,0.0535914,0.0794981,0.104708,0.129163,0.152819,0.175642,0.197613,0.218717,0.238951,0.258318,0.276825,0.294485,0.311315,0.327336,0.342569,0.357039,0.370773,0.383797,0.396138,0.407824,0.418883,0.429342,0.439229,0.448569,0.457389,0.465713,0.473566,0.480971,0.487949,0.494522,0.500711,0.506533,0.512007,0.517149,0.521976,0.526502,0.53074,0.534703,0.538403,0.54185,0.545054,0.548022,0.550764,0.553284,0.555589,0.557682,0.559568,0.561249,0.562727,0.564001,0.565071,0.565937,0.566594,0.567039,0.567267,0.567272,0.567047,0.566582,0.565868,0.564893,0.563644,0.562106,0.560264,0.5581,0.555593,0.552722,0.549464,0.545792,0.541678,0.537093,0.532003,0.526371,0.520161,0.513331,0.505835,0.497628,0.488657,0.47887,0.468207,0.456609,0.444009,0.43034,0.415529,0.399501,0.382177,0.363475,0.343308,0.321591,0.298234,0.273147,0.246239,0.217422,0.186608,0.153715,0.118669,0.0814007,0.0418573,0
0,0.026766,0.0530059,0.07863,0.103566,0.127756,0.151156,0.173734,0.195469,0.216348,0.236368,0.25553,0.273843,0.291319,0.307975,0.32383,0.338908,0.353231,0.366826,0.379719,0.391937,0.403508,0.414459,0.424816,0.434607,0.443858,0.452594,0.460839,0.468619,0.475955,0.482869,0.489382,0.495515,0.501285,0.50671,0.511808,0.516592,0.521079,0.525282,0.529212,0.532882,0.536302,0.53948,0.542426,0.545147,0.547649,0.549937,0.552017,0.553891,0.555562,0.557031,0.5583,0.559366,0.56023,0.560887,0.561335,0.561568,0.56158,0.561363,0.56091,0.56021,0.559251,0.558022,0.556506,0.554689,0.552553,0.550078,0.547242,0.544022,0.540393,0.536327,0.531793,0.526759,0.52119,0.515047,0.508289,0.500874,0.492752,0.483876,0.474189,0.463636,0.452156,0.439684,0.426152,0.41149,0.395622,0.378469,0.359951,0.339984,0.31848,0.295351,0.270509,0.243862,0.215324,0.184809,0.152234,0.117525,0.0806167,0.0414543,0
0,0.0264741,0.0524281,0.0777736,0.102439,0.126367,0.149514,0.17185,0.193353,0.21401,0.233817,0.252778,0.270898,0.288192,0.304676,0.320368,0.335291,0.349469,0.362927,0.375691,0.387787,0.399243,0.410086,0.420342,0.430038,0.4392,0.447853,0.45602,0.463727,0.470994,0.477844,0.484298,0.490375,0.496093,0.50147,0.506523,0.511266,0.515714,0.519881,0.523779,0.527418,0.53081,0.533963,0.536886,0.539586,0.54207,0.544342,0.546407,0.548269,0.54993,0.551392,0.552654,0.553717,0.554578,0.555235,0.555685,0.555922,0.555941,0.555733,0.555291,0.554604,0.553662,0.552451,0.550958,0.549165,0.547057,0.544612,0.541811,0.53863,0.535043,0.531024,0.526541,0.521563,0.516054,0.509978,0.503293,0.495955,0.48792,0.479135,0.469549,0.459104,0.447741,0.435395,0.422,0.407485,0.391775,0.374793,0.356459,0.336688,0.315395,0.292493,0.267893,0.241506,0.213245,0.183025,0.150765,0.116392,0.0798394,0.0410546,0
0,0.0261861,0.0518581,0.0769285,0.101327,0.124996,0.147895,0.169991,0.191264,0.211702,0.2313,0.25006,0.267991,0.285105,0.301418,0.316949,0.331719,0.345753,0.359075,0.37171,0.383686,0.395029,0.405765,0.41592,0.425522,0.434596,0.443165,0.451255,0.458889,0.466089,0.472875,0.47927,0.485291,0.490957,0.496287,0.501294,0.505996,0.510406,0.514537,0.518402,0.522011,0.525375,0.528503,0.531403,0.534082,0.536547,0.538803,0.540854,0.542703,0.544354,0.545807,0.547063,0.548122,0.548981,0.549638,0.55009,0.550331,0.550356,0.550157,0.549725,0.549052,0.548125,0.546933,0.54546,0.543692,0.541611,0.539197,0.53643,0.533287,0.529742,0.525768,0.521335,0.516412,0.510964,0.504953,0.49834,0.491081,0.483129,0.474436,0.464949,0.454612,0.443365,0.431145,0.417885,0.403515,0.387962,0.371149,0.352996,0.33342,0.312337,0.289659,0.265299,0.239169,0.211183,0.181256,0.149309,0.115268,0.0790688,0.0406585,0
0,0.025902,0.0512955,0.0760945,0.100229,0.123644,0.146296,0.168156,0.189202,0.209423,0.228814,0.247377,0.265121,0.282056,0.2982,0.313571,0.328191,0.342082,0.355269,0.367777,0.379633,0.390863,0.401493,0.41155,0.421058,0.430044,0.438531,0.446544,0.454105,0.461237,0.467961,0.474296,0.480262,0.485877,0.491158,0.496121,0.500782,0.505153,0.509249,0.513081,0.51666,0.519996,0.523098,0.525975,0.528634,0.53108,0.533319,0.535356,0.537193,0.538833,0.540278,0.541528,0.542582,0.543438,0.544095,0.544548,0.544793,0.544824,0.544633,0.544212,0.543551,0.54264,0.541466,0.540014,0.538269,0.536215,0.533831,0.531098,0.527992,0.524488,0.520559,0.516177,0.511308,0.50592,0.499974,0.493431,0.486249,0.478381,0.469779,0.46039,0.450159,0.439027,0.426931,0.413805,0.39958,0.384182,0.367537,0.349563,0.330181,0.309305,0.286849,0.262728,0.236853,0.209139,0.179503,0.147865,0.114154,0.0783048,0.0402657,0
0,0.0256215,0.0507403,0.0752714,0.0991457,0.122309,0.144718,0.166344,0.187166,0.207173,0.226359,0.244728,0.262286,0.279045,0.295022,0.310235,0.324705,0.338454,0.351508,0.36389,0.375628,0.386746,0.397271,0.407229,0.416644,0.425543,0.433949,0.441885,0.449375,0.456439,0.4631,0.469377,0.475288,0.480852,0.486085,0.491004,0.495623,0.499956,0.504016,0.507815,0.511364,0.514672,0.517749,0.520603,0.523241,0.525669,0.527891,0.529913,0.531738,0.533367,0.534803,0.536046,0.537095,0.537949,0.538606,0.53906,0.539308,0.539345,0.539162,0.538751,0.538103,0.537207,0.53605,0.534618,0.532897,0.530869,0.528515,0.525815,0.522745,0.519282,0.515398,0.511065,0.50625,0.500921,0.495039,0.488567,0.48146,0.473675,0.465163,0.455871,0.445745,0.434727,0.422754,0.40976,0.395678,0.380435,0.363955,0.34616,0.326969,0.306299,0.284064,0.260178,0.234556,0.207112,0.177764,0.146434,0.11305,0.0775474,0.0398763,0
0,0.0253447,0.0501923,0.0744589,0.0980762,0.12099,0.14316,0.164556,0.185156,0.204951,0.223935,0.242111,0.259485,0.276071,0.291882,0.306939,0.32126,0.33487,0.347791,0.360049,0.371669,0.382677,0.393098,0.402957,0.412281,0.421093,0.429418,0.437278,0.444697,0.451694,0.458293,0.464511,0.470367,0.47588,0.481066,0.48594,0.490518,0.494813,0.498838,0.502604,0.506122,0.509403,0.512455,0.515286,0.517902,0.520311,0.522517,0.524524,0.526336,0.527955,0.529383,0.530619,0.531663,0.532514,0.533169,0.533625,0.533877,0.533918,0.533743,0.533342,0.532706,0.531824,0.530685,0.529274,0.527575,0.525573,0.523248,0.52058,0.517547,0.514124,0.510284,0.505999,0.501238,0.495967,0.490149,0.483745,0.476714,0.469011,0.460588,0.451392,0.441371,0.430465,0.418613,0.405751,0.391811,0.37672,0.360405,0.342787,0.323786,0.303319,0.281303,0.257651,0.23228,0.205103,0.176041,0.145015,0.111955,0.0767965,0.0394902,0
0,0.0250714,0.0496513,0.0736567,0.0970204,0.119689,0.141622,0.16279,0.183172,0.202757,0.221541,0.239526,0.256719,0.273133,0.288781,0.303682,0.317857,0.331328,0.344118,0.356253,0.367756,0.378654,0.388972,0.398735,0.407967,0.416694,0.424938,0.432723,0.44007,0.447002,0.453538,0.459698,0.4655,0.470962,0.4761,0.480931,0.485468,0.489724,0.493714,0.497447,0.500936,0.504189,0.507215,0.510023,0.512618,0.515008,0.517197,0.51919,0.520989,0.522597,0.524016,0.525245,0.526284,0.527132,0.527787,0.528243,0.528498,0.528544,0.528376,0.527984,0.527361,0.526493,0.525371,0.523979,0.522303,0.520326,0.51803,0.515394,0.512397,0.509013,0.505217,0.50098,0.496271,0.491057,0.485302,0.478967,0.472011,0.464389,0.456053,0.446953,0.437034,0.42624,0.414509,0.401778,0.387977,0.373038,0.356885,0.339443,0.32063,0.300365,0.278565,0.255146,0.230022,0.203112,0.174333,0.143608,0.110869,0.076052,0.0391075,0
0,0.0248016,0.0491171,0.0728648,0.095978,0.118404,0.140103,0.161046,0.181212,0.20059,0.219177,0.236973,0.253987,0.27023,0.285716,0.300464,0.314494,0.327828,0.340489,0.352501,0.363889,0.374678,0.384894,0.39456,0.403702,0.412343,0.420508,0.428217,0.435495,0.44236,0.448835,0.454937,0.460685,0.466097,0.471188,0.475974,0.48047,0.484689,0.488643,0.492344,0.495803,0.499028,0.502029,0.504813,0.507388,0.509759,0.511932,0.513909,0.515696,0.517293,0.518702,0.519924,0.520959,0.521803,0.522456,0.522914,0.523171,0.523222,0.523061,0.522679,0.522066,0.521213,0.520107,0.518734,0.517081,0.515129,0.512861,0.510257,0.507294,0.503949,0.500196,0.496007,0.49135,0.486193,0.4805,0.474232,0.46735,0.459808,0.451559,0.442553,0.432737,0.422053,0.410441,0.397839,0.384178,0.369388,0.353397,0.336127,0.317501,0.297437,0.275852,0.252662,0.227785,0.201137,0.172639,0.142214,0.109793,0.075314,0.038728,0
0,0.0245352,0.0485898,0.0720828,0.0949487,0.117135,0.138603,0.159323,0.179276,0.19845,0.216841,0.234452,0.251288,0.267362,0.282688,0.297285,0.311171,0.324369,0.336901,0.348792,0.360066,0.370748,0.380862,0.390433,0.399485,0.408042,0.416127,0.423762,0.430969,0.43777,0.444183,0.450227,0.455922,0.461283,0.466328,0.471071,0.475526,0.479707,0.483626,0.487294,0.490723,0.49392,0.496896,0.499658,0.502211,0.504564,0.506719,0.508682,0.510455,0.512041,0.513442,0.514656,0.515685,0.516526,0.517178,0.517636,0.517895,0.517951,0.517797,0.517423,0.516822,0.515983,0.514893,0.513539,0.511907,0.50998,0.50774,0.505167,0.502239,0.498933,0.495222,0.491079,0.486473,0.481373,0.475741,0.469541,0.462731,0.455268,0.447105,0.438193,0.428477,0.417903,0.40641,0.393935,0.380411,0.36577,0.349939,0.332841,0.3144,0.294534,0.273162,0.2502,0.225567,0.19918,0.17096,0.140831,0.108726,0.0745823,0.0383519,0
0,0.0242721,0.048069,0.0713106,0.0939322,0.115882,0.137122,0.157622,0.177364,0.196336,0.214534,0.23196,0.248621,0.264529,0.279697,0.294143,0.307887,0.32095,0.333356,0.345127,0.356287,0.366862,0.376876,0.386352,0.395315,0.403788,0.411794,0.419356,0.426494,0.433229,0.439581,0.445569,0.45121,0.456522,0.46152,0.466219,0.470634,0.474777,0.478661,0.482297,0.485696,0.488866,0.491816,0.494555,0.497087,0.499421,0.501559,0.503507,0.505267,0.506842,0.508233,0.50944,0.510464,0.511301,0.511951,0.512409,0.512671,0.512732,0.512583,0.512219,0.511629,0.510802,0.509729,0.508394,0.506783,0.50488,0.502667,0.500125,0.497231,0.493962,0.490294,0.486197,0.481642,0.476596,0.471025,0.464891,0.458154,0.450769,0.442692,0.433871,0.424256,0.41379,0.402414,0.390065,0.376678,0.362184,0.346511,0.329584,0.311326,0.291656,0.270495,0.24776,0.223368,0.197239,0.169295,0.139461,0.107668,0.073857,0.037979,0
0,0.0240124,0.0475547,0.070548,0.0929283,0.114645,0.135659,0.155942,0.175475,0.194248,0.212255,0.229499,0.245987,0.261729,0.27674,0.291038,0.304641,0.317572,0.329851,0.341503,0.352552,0.363021,0.372935,0.382317,0.391192,0.399582,0.40751,0.414998,0.422068,0.428738,0.43503,0.440961,0.446549,0.451811,0.456763,0.461419,0.465793,0.469899,0.473748,0.477352,0.480721,0.483864,0.486789,0.489504,0.492016,0.49433,0.496451,0.498384,0.500131,0.501695,0.503077,0.504277,0.505294,0.506128,0.506776,0.507234,0.507498,0.507563,0.507421,0.507065,0.506485,0.505672,0.504613,0.503297,0.501707,0.499828,0.497642,0.49513,0.492269,0.489038,0.485411,0.48136,0.476855,0.471864,0.466353,0.460284,0.453618,0.446311,0.438318,0.429589,0.420073,0.409714,0.398454,0.38623,0.372978,0.35863,0.343114,0.326356,0.308279,0.288804,0.267852,0.24534,0.221188,0.195316,0.167645,0.138102,0.10662,0.0731379,0.0376093,0
0,0.0237558,0.0470467,0.0697948,0.0919368,0.113423,0.134214,0.154282,0.173609,0.192184,0.210003,0.227067,0.243383,0.258962,0.273819,0.287969,0.301434,0.314232,0.326387,0.337921,0.348859,0.359223,0.369038,0.378327,0.387115,0.395422,0.403273,0.410689,0.41769,0.424296,0.430528,0.436403,0.441938,0.447151,0.452056,0.456669,0.461004,0.465072,0.468887,0.472459,0.475798,0.478913,0.481813,0.484505,0.486996,0.489291,0.491396,0.493313,0.495047,0.4966,0.497972,0.499164,0.500176,0.501006,0.501652,0.50211,0.502376,0.502444,0.502308,0.50196,0.501391,0.500591,0.499548,0.498248,0.496679,0.494824,0.492664,0.490182,0.487355,0.48416,0.480574,0.476567,0.472112,0.467175,0.461724,0.45572,0.449124,0.441893,0.433984,0.425345,0.415927,0.405674,0.394529,0.382429,0.369311,0.355107,0.339747,0.323156,0.305258,0.285977,0.265232,0.242942,0.219028,0.193409,0.166009,0.136755,0.10558,0.0724251,0.0372428,0
0,0.0235024,0.046545,0.0690509,0.0909574,0.112215,0.132786,0.152643,0.171766,0.190146,0.207778,0.224664,0.240811,0.256228,0.270931,0.284937,0.298263,0.310931,0.322963,0.33438,0.345208,0.355468,0.365185,0.374382,0.383083,0.391309,0.399083,0.406426,0.41336,0.419903,0.426075,0.431893,0.437376,0.44254,0.4474,0.45197,0.456265,0.460296,0.464076,0.467616,0.470925,0.474013,0.476888,0.479557,0.482027,0.484303,0.486391,0.488294,0.490014,0.491555,0.492918,0.494103,0.495108,0.495935,0.496578,0.497036,0.497303,0.497375,0.497245,0.496905,0.496346,0.495558,0.49453,0.493248,0.491699,0.489867,0.487734,0.48528,0.482486,0.479328,0.475782,0.47182,0.467413,0.46253,0.457137,0.451197,0.444671,0.437516,0.429689,0.42114,0.411819,0.401671,0.390639,0.378663,0.365677,0.351616,0.336409,0.319984,0.302265,0.283175,0.262635,0.240565,0.216886,0.191519,0.164388,0.13542,0.10455,0.0717185,0.0368795,0
0,0.0232521,0.0460495,0.068316,0.0899898,0.111022,0.131376,0.151023,0.169945,0.188132,0.20558,0.22229,0.238268,0.253526,0.268078,0.281939,0.295129,0.307668,0.319577,0.33088,0.341598,0.351756,0.361376,0.370481,0.379096,0.387241,0.394939,0.402211,0.409077,0.415557,0.421669,0.427433,0.432864,0.437979,0.442793,0.447321,0.451576,0.45557,0.459316,0.462824,0.466104,0.469164,0.472014,0.47466,0.477109,0.479367,0.481437,0.483325,0.485032,0.486562,0.487915,0.489091,0.490092,0.490913,0.491554,0.492012,0.492281,0.492357,0.492232,0.4919,0.49135,0.490574,0.489561,0.488296,0.486767,0.484957,0.48285,0.480425,0.477663,0.474541,0.471035,0.467116,0.462758,0.457928,0.452592,0.446716,0.440258,0.433179,0.425433,0.416973,0.407748,0.397704,0.386785,0.37493,0.362076,0.348156,0.333102,0.31684,0.299298,0.280397,0.260061,0.238209,0.214763,0.189646,0.162781,0.134097,0.103528,0.0710181,0.0365194,0
0,0.0230048,0.0455599,0.0675899,0.089034,0.109844,0.129982,0.149422,0.168146,0.186142,0.203407,0.219943,0.235756,0.250856,0.265257,0.278976,0.292031,0.304442,0.316231,0.327419,0.338029,0.348085,0.357609,0.366624,0.375153,0.383218,0.39084,0.398041,0.404841,0.411258,0.417312,0.42302,0.428399,0.433466,0.438235,0.442721,0.446936,0.450894,0.454606,0.458082,0.461332,0.464366,0.467191,0.469814,0.472242,0.474481,0.476534,0.478406,0.4801,0.481619,0.482962,0.484131,0.485124,0.485942,0.486581,0.487038,0.487308,0.487387,0.487267,0.486942,0.486403,0.485639,0.48464,0.483392,0.481882,0.480095,0.478012,0.475616,0.472886,0.4698,0.466332,0.462457,0.458146,0.453368,0.44809,0.442276,0.435887,0.428882,0.421216,0.412844,0.403714,0.393773,0.382965,0.37123,0.358506,0.344727,0.329823,0.313725,0.296357,0.277644,0.257509,0.235873,0.212659,0.187789,0.161187,0.132785,0.102516,0.0703238,0.0361625,0
0,0.0227606,0.0450762,0.0668727,0.0880896,0.108679,0.128605,0.147841,0.166367,0.184175,0.20126,0.217624,0.233273,0.248217,0.26247,0.276048,0.288969,0.301253,0.312922,0.323997,0.3345,0.344455,0.353884,0.362809,0.371254,0.379239,0.386787,0.393917,0.40065,0.407005,0.413001,0.418655,0.423983,0.429002,0.433726,0.438169,0.442346,0.446267,0.449945,0.453389,0.45661,0.459617,0.462417,0.465017,0.467424,0.469644,0.471681,0.473538,0.475219,0.476725,0.478058,0.479219,0.480207,0.48102,0.481656,0.482112,0.482384,0.482466,0.482352,0.482034,0.481504,0.480751,0.479766,0.478535,0.477044,0.475279,0.473221,0.470853,0.468155,0.465103,0.461674,0.457842,0.453578,0.448851,0.44363,0.437877,0.431556,0.424624,0.417039,0.408753,0.399717,0.389878,0.37918,0.367564,0.354969,0.341328,0.326575,0.310637,0.293443,0.274916,0.254981,0.233559,0.210573,0.185948,0.159608,0.131485,0.101513,0.0696357,0.0358086,0
0,0.0225192,0.0445983,0.066164,0.0871565,0.107529,0.127245,0.146278,0.16461,0.182232,0.199139,0.215332,0.230818,0.245608,0.259714,0.273153,0.285942,0.298101,0.309651,0.320614,0.331011,0.340866,0.3502,0.359037,0.367398,0.375304,0.382777,0.389838,0.396505,0.402799,0.408737,0.414336,0.419613,0.424584,0.429264,0.433666,0.437803,0.441688,0.445332,0.448745,0.451937,0.454917,0.457692,0.460269,0.462656,0.464857,0.466876,0.468718,0.470386,0.471881,0.473204,0.474357,0.475338,0.476147,0.476781,0.477236,0.477509,0.477593,0.477484,0.477173,0.476652,0.475911,0.47494,0.473725,0.472253,0.470509,0.468476,0.466136,0.463468,0.46045,0.45706,0.45327,0.449052,0.444377,0.439211,0.43352,0.427265,0.420406,0.412899,0.404699,0.395756,0.386018,0.375429,0.363932,0.351464,0.337961,0.323355,0.307577,0.290554,0.272212,0.252474,0.231265,0.208506,0.184124,0.158043,0.130196,0.100518,0.0689536,0.0354579,0
0,0.0222807,0.0441261,0.0654637,0.0862346,0.106392,0.1259,0.144734,0.162874,0.180311,0.197042,0.213067,0.228393,0.243029,0.25699,0.270291,0.282949,0.294984,0.306417,0.317268,0.327561,0.337317,0.346558,0.355306,0.363584,0.371412,0.378812,0.385803,0.392406,0.398638,0.404518,0.410064,0.41529,0.420214,0.424849,0.42921,0.433308,0.437157,0.440768,0.444149,0.447312,0.450265,0.453016,0.455571,0.457937,0.460119,0.462121,0.463948,0.465602,0.467085,0.468399,0.469544,0.470519,0.471323,0.471954,0.472408,0.472681,0.472769,0.472664,0.47236,0.471848,0.471118,0.47016,0.468961,0.467507,0.465785,0.463776,0.461463,0.458825,0.455842,0.452489,0.448741,0.444569,0.439944,0.434833,0.429202,0.423013,0.416226,0.408798,0.400683,0.391832,0.382193,0.371713,0.360332,0.34799,0.334623,0.320165,0.304545,0.287692,0.269532,0.249991,0.228991,0.206458,0.182316,0.156492,0.128919,0.0995321,0.0682775,0.0351103,0
