SPACE_POINTS_X
50,51.4284,52.8201,54.1763,55.498,56.7861,58.0416,59.2655,60.4587,61.622,62.7565,63.8628,64.942,65.9947,67.0217,68.0239,69.002,69.9567,70.8888,71.7989,72.6878,73.5561,74.4044,75.2335,76.0439,76.8362,77.611,78.369,79.1107,79.8366,80.5474,81.2434,81.9253,82.5936,83.2488,83.8913,84.5218,85.1405,85.748,86.3448,86.9313,87.5079,88.0752,88.6334,89.1831,89.7246,90.2583,90.7848,91.3042,91.8172,92.3239,92.8249,93.3204,93.811,94.2968,94.7784,95.256,95.73,96.2008,96.6688,97.1342,97.5975,98.059,98.519,98.9779,99.436,99.8937,100.351,100.809,101.268,101.727,102.188,102.65,103.115,103.581,104.051,104.523,104.999,105.479,105.963,106.451,106.944,107.443,107.947,108.457,108.973,109.496,110.027,110.564,111.11,111.664,112.227,112.8,113.382,113.974,114.576,115.189,115.814,116.451,117.1,117.763,118.438,119.128,119.831,120.55,121.285,122.035,122.802,123.586,124.388,125.208,126.047,126.906,127.786,128.686,129.608,130.552,131.519,132.51,133.525,134.566,135.633,136.726,137.848,138.997,140.177,141.386,142.627,143.9,145.206,146.546,147.921,149.332,150.78,152.267,153.793,155.36,156.968,158.62,160.315,162.056,163.844,165.68,167.565,169.502,171.49,173.533,175.631,177.786,180
SPACE_POINTS_Y
0,0.00225896,0.0045379,0.00685694,0.0092366,0.0116979,0.0142626,0.0169534,0.0197941,0.0228097,0.026027,0.0294743,0.0331822,0.0371834,0.0415133,0.0462101,0.0513154,0.0568744,0.0629361,0.0695541,0.076787,0.0846987,0.093359,0.102845,0.113239,0.124635,0.137133,0.150842,0.165885,0.182395,0.200517,0.220411,0.242254,0.266238,0.292575,0.321499,0.353265,0.388154,0.426473,0.468563,0.514794,0.565577,0.621359,0.682633,0.749942,0.823879,0.9051,0.994322,1.09233,1.2
VALUES
0,0,0,0,0,0,0,0,0,0,0,0,0,0,0,0,0,0,0,0,0,0,0,0,0,0,0,0,0,0,0,0,0,0,0,0,0,0,0,0,0,0,0,0,0,0,0,0,0,0
0.133659,0.135295,0.136973,0.138725,0.140554,0.142477,0.144509,0.146669,0.148976,0.151451,0.154116,0.156996,0.160117,0.163509,0.1672,0.171226,0.175621,0.180423,0.185673,0.191414,0.197694,0.20456,0.212064,0.220261,0.229205,0.238954,0.249566,0.261101,0.273614,0.287161,0.301793,0.317558,0.334495,0.352635,0.371999,0.392593,0.414412,0.437431,0.46161,0.486886,0.513174,0.540365,0.568323,0.596892,0.626015,0.655952,0.663202,0.910411,-1.07806,51.4284
0.255637,0.259441,0.263256,0.267164,0.271179,0.275344,0.279694,0.284272,0.289117,0.294274,0.29979,0.305715,0.312102,0.319009,0.326497,0.334632,0.343485,0.353132,0.363653,0.375134,0.387668,0.401352,0.416286,0.432579,0.450341,0.469685,0.490726,0.51358,0.538362,0.565179,0.594134,0.62532,0.658817,0.694685,0.732965,0.773673,0.816796,0.862288,0.910068,0.960014,1.01196,1.06568,1.12092,1.17737,1.23489,1.29446,1.30506,1.8218,-2.26336,52.8201
0.374948,0.38079,0.386645,0.39263,0.398768,0.405122,0.411748,0.418705,0.426056,0.433864,0.442201,0.451139,0.460759,0.471144,0.482385,0.494579,0.507831,0.522252,0.537961,0.555087,0.573763,0.594134,0.61635,0.640568,0.666952,0.69567,0.726891,0.760788,0.797528,0.837273,0.880174,0.926368,0.975975,1.02908,1.08575,1.14601,1.20984,1.27717,1.34788,1.4218,1.49866,1.57817,1.65992,1.74345,1.82855,1.91733,1.92775,2.72699,-3.20491,54.1763
0.49509,0.502879,0.510689,0.518668,0.526849,0.535315,0.54414,0.553401,0.563181,0.573565,0.584644,0.596516,0.609285,0.623061,0.637962,0.654117,0.671662,0.690742,0.711514,0.734143,0.758808,0.785696,0.815002,0.846935,0.881708,0.91954,0.960654,1.00528,1.05362,1.10591,1.16234,1.22308,1.2883,1.35811,1.43259,1.51178,1.59565,1.68412,1.77704,1.87415,1.97515,2.07961,2.18703,2.29678,2.40857,2.526,2.53323,3.61904,-3.94656,55.498
0.61821,0.627879,0.637575,0.647478,0.657633,0.668141,0.679093,0.690584,0.702716,0.715595,0.729334,0.744053,0.759878,0.776946,0.795403,0.815405,0.83712,0.860727,0.886416,0.914393,0.944873,0.978087,1.01428,1.05369,1.0966,1.14326,1.19396,1.24897,1.30855,1.37297,1.44247,1.51727,1.59757,1.68351,1.77519,1.87266,1.97588,2.08475,2.19908,2.31859,2.44288,2.57143,2.70362,2.83868,2.97623,3.12168,3.12318,4.49365,-4.52351,56.7861
0.745741,0.757233,0.768759,0.780531,0.7926,0.805089,0.818103,0.831757,0.846172,0.861472,0.877791,0.89527,0.91406,0.934322,0.956229,0.979963,1.00572,1.03372,1.06418,1.09734,1.13345,1.1728,1.21565,1.26231,1.31309,1.36829,1.42825,1.49328,1.56371,1.63983,1.72194,1.8103,1.90513,2.00661,2.11486,2.22992,2.35176,2.48028,2.61523,2.7563,2.903,3.05475,3.21079,3.37023,3.53256,3.70535,3.69906,5.34828,-4.96413,58.0416
0.878653,0.89192,0.905229,0.918818,0.93275,0.947165,0.962184,0.977942,0.994574,1.01223,1.03105,1.05121,1.07288,1.09624,1.12149,1.14885,1.17853,1.21078,1.24586,1.28404,1.32561,1.37088,1.42018,1.47384,1.53221,1.59566,1.66455,1.73926,1.82013,1.90753,2.00178,2.10318,2.21198,2.3284,2.45256,2.58453,2.72427,2.87165,3.02641,3.18818,3.35642,3.53046,3.70943,3.89229,4.07843,4.27779,4.2621,6.1816,-5.2915,59.2655
1.01759,1.03259,1.04763,1.063,1.07874,1.09504,1.11201,1.12981,1.1486,1.16854,1.1898,1.21257,1.23703,1.2634,1.2919,1.32276,1.35625,1.39262,1.43217,1.4752,1.52205,1.57305,1.62857,1.68899,1.7547,1.82609,1.90359,1.9876,2.07853,2.17677,2.28268,2.39661,2.51883,2.64958,2.78902,2.9372,3.0941,3.25957,3.43333,3.61495,3.80385,3.99925,4.20022,4.40556,4.61452,4.83968,4.8133,6.99307,-5.52441,60.4587
1.16294,1.17963,1.19638,1.21347,1.23099,1.24911,1.26799,1.28779,1.30868,1.33084,1.35447,1.37977,1.40695,1.43624,1.46789,1.50216,1.53932,1.57969,1.62357,1.6713,1.72324,1.77978,1.84131,1.90824,1.98101,2.06006,2.14584,2.2388,2.33939,2.44804,2.56515,2.69109,2.82618,2.97066,3.12472,3.28844,3.46177,3.64456,3.8365,4.03714,4.24582,4.46169,4.68373,4.9106,5.14141,5.39154,5.35352,7.78269,-5.67829,61.622
1.31493,1.33328,1.35168,1.37047,1.38972,1.40962,1.43035,1.45209,1.47503,1.49936,1.52529,1.55305,1.58287,1.61499,1.6497,1.68727,1.728,1.77223,1.8203,1.87257,1.92944,1.99132,2.05864,2.13185,2.21142,2.29784,2.39158,2.49314,2.603,2.72163,2.84947,2.98692,3.13432,3.29196,3.46002,3.63859,3.82763,4.02698,4.23632,4.45514,4.68273,4.91819,5.16038,5.40786,5.65957,5.93384,5.88347,8.55078,-5.76589,62.7565
1.47362,1.49359,1.51362,1.53405,1.55499,1.57664,1.59918,1.62281,1.64774,1.67418,1.70235,1.7325,1.76487,1.79975,1.83742,1.87818,1.92237,1.97034,2.02245,2.07911,2.14074,2.20777,2.28067,2.35993,2.44604,2.53953,2.64092,2.75073,2.86949,2.99769,3.1358,3.28427,3.44345,3.61366,3.7951,3.98786,4.19192,4.4071,4.63305,4.86923,5.1149,5.36906,5.63052,5.8977,6.16937,6.46696,6.40374,9.29789,-5.79775,63.8628
1.63899,1.66054,1.68215,1.7042,1.72678,1.75012,1.77442,1.7999,1.82676,1.85525,1.8856,1.91807,1.95293,1.99048,2.03102,2.07488,2.12241,2.17399,2.23002,2.29091,2.35712,2.42911,2.50739,2.59247,2.68487,2.78516,2.89389,3.01161,3.13889,3.27625,3.42419,3.58319,3.75364,3.93586,4.13007,4.33639,4.55478,4.78505,5.02686,5.27962,5.54254,5.81457,6.09442,6.38041,6.67115,6.9912,6.9148,10.0247,-5.78266,64.942
1.81092,1.83401,1.85716,1.88077,1.90496,1.92995,1.95597,1.98324,2.01198,2.04246,2.07492,2.10965,2.14692,2.18705,2.23037,2.27723,2.32799,2.38307,2.44287,2.50785,2.57847,2.65525,2.7387,2.82937,2.92782,3.03463,3.15039,3.2757,3.41113,3.55726,3.71461,3.88367,4.06488,4.25856,4.46496,4.6842,4.91626,5.16094,5.41786,5.68644,5.96582,6.25489,6.5523,6.85624,7.16515,7.50685,7.41706,10.732,-5.72795,65.9947
1.98921,2.0138,2.03846,2.0636,2.08934,2.11594,2.14363,2.17264,2.20321,2.23562,2.27013,2.30704,2.34665,2.38928,2.43529,2.48505,2.53894,2.59738,2.66082,2.72974,2.80462,2.886,2.97442,3.07046,3.17471,3.28778,3.41029,3.54285,3.68609,3.8406,4.00693,4.18561,4.37708,4.5817,4.79972,5.03129,5.27638,5.53478,5.80612,6.08977,6.38483,6.69016,7.00431,7.32538,7.65162,8.01413,7.91087,11.4205,-5.63979,67.0217
2.17363,2.19969,2.22581,2.25243,2.2797,2.30786,2.33716,2.36785,2.40021,2.43449,2.47098,2.51001,2.55187,2.59693,2.64554,2.69809,2.755,2.81669,2.88365,2.95636,3.03534,3.12114,3.21434,3.31554,3.42535,3.54441,3.67338,3.81289,3.9636,4.12611,4.30102,4.48887,4.69013,4.90517,5.13428,5.3776,5.63509,5.90657,6.19164,6.48964,6.79966,7.12047,7.45059,7.78799,8.13074,8.51326,8.39652,12.0909,-5.52339,68.0239
2.36392,2.3914,2.41894,2.44701,2.47574,2.50542,2.53629,2.56862,2.60269,2.63878,2.6772,2.71827,2.76232,2.80972,2.86084,2.91609,2.97591,3.04074,3.11107,3.18743,3.27035,3.3604,3.45819,3.56433,3.67948,3.80429,3.93944,4.0856,4.24343,4.41359,4.59669,4.79329,5.00388,5.22886,5.46853,5.72303,5.99234,6.27627,6.57442,6.88609,7.21035,7.54591,7.89123,8.24421,8.60268,9.00442,8.87426,12.7442,-5.38313,69.002
2.55978,2.58863,2.61756,2.64702,2.67718,2.70832,2.74071,2.77463,2.81036,2.84821,2.88849,2.93153,2.97769,3.02735,3.08089,3.13875,3.20136,3.26921,3.3428,3.42267,3.50937,3.60351,3.70569,3.81658,3.93684,4.06715,4.2082,4.36071,4.52536,4.70282,4.89373,5.09867,5.31816,5.55261,5.80232,6.06746,6.34803,6.64381,6.9544,7.27909,7.61691,7.96653,8.32634,8.69414,9.06759,9.48779,9.3443,13.3809,-5.22275,69.9567
2.7609,2.79108,2.82134,2.85216,2.8837,2.91626,2.95012,2.98557,3.02291,3.06245,3.10452,3.14947,3.19767,3.2495,3.30538,3.36574,3.43105,3.5018,3.57852,3.66176,3.75209,3.85015,3.95655,4.07199,4.19713,4.3327,4.47941,4.63799,4.80914,4.99356,5.19192,5.40481,5.63277,5.87623,6.13551,6.41079,6.70206,7.00913,7.33156,7.66864,8.01937,8.38237,8.75597,9.13789,9.5256,9.96351,9.80684,14.0018,-5.04542,70.8888
2.96694,2.99842,3.02998,3.0621,3.09496,3.1289,3.16418,3.20111,3.24,3.28117,3.32498,3.37177,3.42193,3.47585,3.53398,3.59675,3.66465,3.7382,3.81792,3.90439,3.99821,4.10002,4.21047,4.33025,4.46008,4.60067,4.75278,4.91715,5.09451,5.28557,5.49103,5.71149,5.94751,6.19956,6.46795,6.75287,7.05433,7.37212,7.70583,8.0547,8.41771,8.79345,9.18018,9.57556,9.97683,10.4317,10.262,14.6077,-4.85385,71.7989
3.17757,3.21031,3.24314,3.27658,3.3106,3.34591,3.38256,3.42091,3.4613,3.50405,3.54952,3.59808,3.65013,3.70607,3.76636,3.83145,3.90184,3.97806,4.06067,4.15024,4.24741,4.35281,4.46713,4.59107,4.72538,4.87078,5.02804,5.19794,5.38122,5.57861,5.79083,6.0185,6.26221,6.52242,6.79947,7.09357,7.40472,7.73272,8.07714,8.43723,8.81193,9.1998,9.59904,10.0072,10.4214,10.8926,10.7101,15.199,-4.65036,72.6878
3.3922,3.42604,3.45989,3.49582,3.53024,3.56696,3.60493,3.64466,3.68648,3.73075,3.77782,3.82809,3.88195,3.93983,4.00219,4.06951,4.14229,4.22109,4.30645,4.399,4.49937,4.60821,4.72624,4.85416,4.99274,5.14273,5.30491,5.48008,5.66901,5.87244,6.09109,6.32563,6.57665,6.84463,7.12993,7.43275,7.75311,8.09082,8.44545,8.8162,9.20203,9.60144,10.0126,10.433,10.8594,11.3463,11.1511,15.7766,-4.43694,73.5561
3.61873,3.65039,3.67195,3.72129,3.75358,3.7917,3.83096,3.87201,3.91522,3.96095,4.00956,4.06146,4.11706,4.17681,4.24116,4.31062,4.38569,4.46695,4.55497,4.65037,4.75379,4.86593,4.9875,5.11923,5.26189,5.41626,5.58314,5.76333,5.95764,6.16681,6.39161,6.63268,6.89066,7.16603,7.45916,7.77029,8.09941,8.44636,8.81068,9.19159,9.588,9.9984,10.4209,10.8529,11.291,11.7929,11.5853,16.3408,-4.21529,74.4044
3.61873,4.0197,3.85378,3.95155,3.98071,4.01986,4.06034,4.10266,4.1472,4.19432,4.24442,4.29789,4.35517,4.4167,4.48296,4.55446,4.63174,4.71535,4.80591,4.90403,5.01039,5.12568,5.25062,5.38599,5.53255,5.6911,5.86246,6.04744,6.24687,6.46152,6.69215,6.93945,7.20405,7.48644,7.78703,8.10605,8.44351,8.79924,9.17278,9.56336,9.96984,10.3907,10.824,11.267,11.7163,12.2325,12.0127,16.8923,-3.98419,74.4044
4.06546,4.0992,4.12933,4.17322,4.21119,4.25112,4.29276,4.3363,4.38211,4.43058,4.48209,4.53707,4.59595,4.65919,4.72729,4.80075,4.88013,4.966,5.05898,5.15971,5.26887,5.38717,5.51535,5.65418,5.80446,5.96699,6.14262,6.33218,6.53649,6.75635,6.99254,7.24575,7.51664,7.80572,8.1134,8.43992,8.78531,9.14939,9.53171,9.93148,10.3476,10.7783,11.2219,11.6755,12.1353,12.6653,12.4335,17.4316,-3.7484,76.0439
4.28825,4.32648,4.36453,4.40427,4.44405,4.48517,4.52792,4.57263,4.61966,4.66942,4.72229,4.77871,4.83913,4.90401,4.97385,5.04919,5.13058,5.21862,5.31392,5.41714,5.52897,5.65014,5.7814,5.92355,6.07737,6.24371,6.42341,6.61731,6.82627,7.0511,7.29257,7.55142,7.8283,8.12374,8.43816,8.77181,9.12474,9.49676,9.88743,10.2959,10.7211,11.1614,11.6147,12.0783,12.5483,13.0915,12.8478,17.9592,-3.51078,76.8362
4.51983,4.55912,4.5985,4.63861,4.67951,4.7217,4.76553,4.81136,4.85957,4.91056,4.96473,5.02253,5.08442,5.15087,5.22239,5.29952,5.38284,5.47293,5.57045,5.67605,5.79044,5.91435,6.04856,6.19386,6.35107,6.52103,6.7046,6.90265,7.11603,7.34557,7.59208,7.85629,8.13886,8.44034,8.76117,9.10161,9.46171,9.84129,10.2399,10.6567,11.0906,11.5399,12.0025,12.4757,12.9552,13.5111,13.2558,18.4756,-3.26966,77.611
4.75383,4.79407,4.83439,4.87538,4.91728,4.96047,5.00534,5.05224,5.10157,5.15373,5.20916,5.26828,5.33157,5.39952,5.47264,5.55149,5.63664,5.72871,5.82834,5.93621,6.05304,6.17957,6.31658,6.46489,6.62532,6.79873,6.98599,7.18799,7.40558,7.63962,7.89091,8.16021,8.4482,8.75543,9.08235,9.42925,9.79617,10.1829,10.5891,11.0138,11.456,11.9138,12.3853,12.8676,13.3562,13.9243,13.6576,18.9812,-3.02587,78.369
4.98998,5.03113,5.07235,5.11425,5.15708,5.20123,5.24708,5.295,5.34541,5.3987,5.45531,5.5157,5.58033,5.64971,5.72436,5.80485,5.89176,5.98571,6.08735,6.19739,6.31655,6.44557,6.58526,6.73643,6.89993,7.07663,7.26741,7.47316,7.69476,7.93307,8.18891,8.46305,8.7562,9.06889,9.40162,9.75465,10.128,10.5217,10.935,11.3673,11.8173,12.2833,12.7633,13.2542,13.7515,14.3312,14.0533,19.4765,-2.7801,79.1107
5.22807,5.27008,5.31217,5.35495,5.39866,5.44373,5.49052,5.53942,5.59085,5.64522,5.70298,5.76457,5.83048,5.90123,5.97734,6.05938,6.14797,6.24371,6.34728,6.45939,6.58076,6.71216,6.8544,7.0083,7.17473,7.35455,7.54867,7.758,7.98341,8.22579,8.48596,8.7647,9.06274,9.38065,9.71888,10.0777,10.4573,10.8574,11.2776,11.7171,12.1746,12.6484,13.1364,13.6356,14.1411,14.732,14.4431,19.9618,-2.53296,79.8366
5.46788,5.51072,5.55364,5.59725,5.64181,5.68775,5.73544,5.78528,5.83769,5.89309,5.95193,6.01467,6.0818,6.15385,6.23136,6.3149,6.40508,6.50253,6.60794,6.72201,6.84549,6.97916,7.12382,7.28032,7.44953,7.63234,7.82964,8.04236,8.2714,8.51764,8.78194,9.06507,9.36776,9.6906,10.0341,10.3985,10.7839,11.1902,11.6169,12.0632,12.5278,13.0091,13.5047,14.0118,14.5252,15.1269,14.8271,20.4376,-2.28495,80.5474
5.70921,5.75284,5.79654,5.84095,5.88632,5.93309,5.98164,6.03238,6.08572,6.1421,6.20197,6.26581,6.33411,6.4074,6.48623,6.57119,6.66289,6.76198,6.86913,6.98508,7.11057,7.24639,7.39337,7.55235,7.7242,7.90984,8.11017,8.32613,8.55862,8.80854,9.07675,9.36404,9.67116,9.99871,10.3472,10.7169,11.1079,11.5201,11.953,12.4058,12.8772,13.3655,13.8684,14.383,14.9039,15.5159,15.2055,20.9042,-2.03653,81.2434
5.95185,5.99623,6.04069,6.08586,6.13201,6.17957,6.22894,6.28052,6.33475,6.39206,6.45292,6.5178,6.58722,6.6617,6.74179,6.8281,6.92125,7.02189,7.13071,7.24844,7.37585,7.51372,7.6629,7.82423,7.99861,8.18694,8.39015,8.60918,8.84495,9.09837,9.3703,9.66155,9.97288,10.3049,10.6581,11.0328,11.4292,11.847,12.2857,12.7447,13.2226,13.7176,14.2276,14.7493,15.2773,15.8992,15.5783,21.362,-1.78806,81.9253
6.19564,6.24074,6.28591,6.3318,6.37869,6.427,6.47715,6.52954,6.58462,6.64282,6.70462,6.7705,6.84097,6.91658,6.99788,7.08547,7.18,7.28212,7.39253,7.51196,7.64118,7.78101,7.93228,8.09585,8.27262,8.46352,8.66947,8.89142,9.13031,9.38705,9.66253,9.95755,10.2729,10.6092,10.9669,11.3464,11.7478,12.1709,12.6153,13.0802,13.5642,14.0657,14.5822,15.1108,15.6456,16.277,15.9458,21.8113,-1.53987,82.5936
6.4404,6.48618,6.53204,6.57862,6.62621,6.67524,6.72613,6.7793,6.83518,6.89423,6.95692,7.02375,7.09523,7.17191,7.25435,7.34317,7.43902,7.54254,7.65445,7.7755,7.90645,8.04814,8.2014,8.3671,8.54615,8.73949,8.94804,9.17277,9.41463,9.67453,9.95337,10.252,10.5711,10.9114,11.2735,11.6575,12.0637,12.4919,12.9417,13.4122,13.9021,14.4096,14.9326,15.4676,16.0089,16.6495,16.308,22.2526,-1.29223,83.2488
6.686,6.73243,6.77894,6.82617,6.87443,6.92415,6.97574,7.02964,7.08629,7.14615,7.20969,7.27742,7.34986,7.42756,7.51109,7.60108,7.69817,7.80303,7.91637,8.03896,8.17156,8.31501,8.47016,8.63789,8.81911,9.01476,9.22579,9.45317,9.69784,9.96075,10.2428,10.5448,10.8676,11.2117,11.5778,11.9662,12.377,12.81,13.2649,13.7408,14.2363,14.7497,15.2786,15.8199,16.3674,17.0167,16.6652,22.6861,-1.04536,83.8913
6.93231,6.97936,7.02649,7.07434,7.12323,7.1736,7.22587,7.28046,7.33784,7.39847,7.46282,7.5314,7.60475,7.68342,7.76799,7.85909,7.95736,8.06349,8.1782,8.30224,8.43641,8.58154,8.73848,8.90814,9.09142,9.28927,9.50265,9.73254,9.9799,10.2457,10.5307,10.836,11.1622,11.51,11.88,12.2725,12.6876,13.1253,13.585,14.066,14.5669,15.0858,15.6205,16.1677,16.7211,17.3789,17.0175,23.1121,-0.799452,84.5218
7.17921,7.22685,7.27456,7.32301,7.3725,7.42349,7.47639,7.53165,7.58973,7.65108,7.71619,7.7856,7.85981,7.9394,8.02495,8.1171,8.2165,8.32384,8.43984,8.56527,8.70093,8.84765,9.0063,9.17779,9.36303,9.56297,9.77859,10.0109,10.2608,10.5292,10.8172,11.1256,11.455,11.8064,12.18,12.5765,12.9957,13.4378,13.9022,14.388,14.894,15.4182,15.9584,16.5113,17.0703,17.7362,17.365,23.531,-0.554658,85.1405
7.42661,7.4748,7.52307,7.57208,7.62214,7.67372,7.72723,7.78312,7.84185,7.90389,7.96974,8.03992,8.11495,8.19541,8.2819,8.37505,8.47552,8.584,8.70123,8.82798,8.96505,9.11329,9.27356,9.44678,9.63388,9.83581,10.0536,10.2881,10.5404,10.8115,11.1022,11.4135,11.7461,12.1007,12.4779,12.8781,13.3013,13.7476,14.2163,14.7068,15.2177,15.7469,16.2924,16.8507,17.415,18.0888,17.7079,23.943,-0.311096,85.748
7.67442,7.72314,7.77194,7.82148,7.87208,7.92422,7.9783,8.03479,8.09414,8.15684,8.22338,8.29429,8.3701,8.4514,8.53878,8.63287,8.73436,8.84393,8.96232,9.09032,9.22873,9.37841,9.54022,9.71509,9.90395,10.1078,10.3275,10.5642,10.8189,11.0924,11.3857,11.6998,12.0353,12.3931,12.7737,13.1774,13.6044,14.0546,14.5276,15.0225,15.538,16.0721,16.6227,17.186,17.7555,18.4368,18.0464,24.3486,-0.068854,86.3448
7.92257,7.9718,8.0211,8.07114,8.12225,8.17492,8.22955,8.2866,8.34654,8.40986,8.47707,8.54867,8.62522,8.7073,8.79552,8.89052,8.99296,9.10357,9.22307,9.35225,9.49194,9.64298,9.80625,9.98269,10.1732,10.3788,10.6005,10.8393,11.0961,11.3719,11.6678,11.9845,12.3228,12.6836,13.0674,13.4745,13.9051,14.3591,14.8361,15.3353,15.8552,16.3939,16.9492,17.5175,18.0919,18.7805,18.3806,24.7478,0.171979,86.9313
8.17101,8.22072,8.27051,8.32105,8.37258,8.42577,8.48091,8.5385,8.59901,8.66292,8.73074,8.803,8.88026,8.96309,9.0521,9.14795,9.25131,9.3629,9.48345,9.61376,9.75465,9.90698,10.0716,10.2496,10.4417,10.649,10.8725,11.1132,11.3721,11.6502,11.9484,12.2676,12.6086,12.9723,13.3591,13.7694,14.2034,14.6611,15.1419,15.6451,16.1693,16.7124,17.2723,17.8453,18.4243,19.1199,18.7108,25.1411,0.411366,87.5079
8.41957,8.46976,8.52009,8.57125,8.62302,8.67673,8.73237,8.79046,8.8515,8.91597,8.98438,9.05727,9.13519,9.21872,9.3085,9.40516,9.50938,9.6219,9.74344,9.87482,10.0169,10.1704,10.3364,10.5157,10.7094,10.9183,11.1435,11.3861,11.6469,11.9271,12.2276,12.5492,12.8928,13.2591,13.6488,14.0623,14.4995,14.9606,15.4451,15.9522,16.4804,17.0278,17.592,18.1695,18.753,19.4553,19.0369,25.5287,0.649275,88.0752
8.668,8.71858,8.76927,8.82197,8.87355,8.92779,8.98388,9.04246,9.104,9.169,9.23797,9.31145,9.38999,9.4742,9.56469,9.66211,9.76716,9.88055,10.003,10.1354,10.2785,10.4333,10.6005,10.7812,10.9762,11.1867,11.4136,11.6579,11.9206,12.2028,12.5054,12.8293,13.1753,13.5443,13.9367,14.3531,14.7934,15.2579,15.7458,16.2566,16.7886,17.34,17.9085,18.4903,19.078,19.7868,19.3592,25.9109,0.885704,88.6334
8.91812,8.96786,9.01581,9.07353,9.12419,9.17891,9.23545,9.29449,9.3565,9.422,9.49149,9.56553,9.64467,9.72952,9.82068,9.91883,10.0247,10.1389,10.2623,10.3956,10.5398,10.6956,10.864,11.0459,11.2423,11.4543,11.6827,11.9287,12.1932,12.4773,12.7819,13.108,13.4563,13.8277,14.2228,14.6419,15.0853,15.5528,16.0441,16.5584,17.0942,17.6494,18.2218,18.8077,19.3995,20.1147,19.678,26.288,1.12069,89.1831
9.1891,9.23274,9.25449,9.32572,9.37502,9.43011,9.48707,9.54654,9.609,9.67497,9.74497,9.81953,9.89924,9.98468,10.0765,10.1753,10.2819,10.3969,10.5211,10.6554,10.8005,10.9574,11.1269,11.31,11.5077,11.721,11.9509,12.1985,12.4647,12.7506,13.0572,13.3853,13.7358,14.1096,14.5072,14.929,15.3751,15.8457,16.3402,16.8578,17.3971,17.956,18.5323,19.1221,19.7178,20.4391,19.9934,26.6602,1.354,89.7246
9.1891,9.58895,9.48832,9.57656,9.62608,9.68141,9.73876,9.79863,9.86152,9.92794,9.9984,10.0735,10.1537,10.2397,10.3321,10.4316,10.5389,10.6546,10.7796,10.9147,11.0608,11.2186,11.3892,11.5735,11.7724,11.987,12.2184,12.4674,12.7353,13.0228,13.3312,13.6613,14.0139,14.3899,14.7899,15.2143,15.6631,16.1365,16.6341,17.1549,17.6976,18.2601,18.8399,19.4336,20.033,20.7601,20.3055,27.0278,1.58723,89.7246
9.68452,9.72808,9.76136,9.82469,9.87725,9.93282,9.99053,10.0508,10.1141,10.1809,10.2518,10.3274,10.4081,10.4946,10.5876,10.6877,10.7956,10.9121,11.0379,11.1738,11.3207,11.4795,11.6511,11.8364,12.0365,12.2524,12.485,12.7355,13.0048,13.2941,13.6042,13.9361,14.2907,14.6689,15.0712,15.4979,15.9493,16.4255,16.9259,17.4498,17.9957,18.5616,19.145,19.7422,20.3451,21.078,20.6145,27.3911,1.81834,90.7848
9.91713,9.96873,10.0183,10.0746,10.1285,10.1844,10.2424,10.303,10.3667,10.4339,10.5053,10.5812,10.6625,10.7495,10.843,10.9437,11.0522,11.1693,11.2958,11.4325,11.5802,11.7399,11.9125,12.0988,12.3,12.5171,12.7509,13.0028,13.2736,13.5644,13.8762,14.2099,14.5664,14.9466,15.351,15.78,16.2339,16.7127,17.2159,17.7427,18.2917,18.8608,19.4475,20.0482,20.6546,21.393,20.9206,27.7502,2.04767,91.3042
10.166,10.2186,10.271,10.3254,10.3798,10.4361,10.4945,10.5554,10.6195,10.6871,10.7588,10.8352,10.9168,11.0043,11.0984,11.1996,11.3087,11.4265,11.5536,11.691,11.8395,12,12.1735,12.3608,12.563,12.7812,13.0163,13.2694,13.5416,13.8338,14.1472,14.4826,14.8409,15.223,15.6295,16.0608,16.517,16.9982,17.5041,18.0337,18.5857,19.1579,19.7478,20.3518,20.9614,21.7051,21.2239,28.1056,2.27548,91.8172
10.4166,10.4695,10.5226,10.5766,10.6315,10.6881,10.7467,10.808,10.8724,10.9403,11.0124,11.0892,11.1713,11.2592,11.3537,11.4555,11.5651,11.6835,11.8113,11.9494,12.0986,12.2599,12.4342,12.6224,12.8256,13.0448,13.2811,13.5354,13.8089,14.1025,14.4174,14.7544,15.1144,15.4983,15.9068,16.3402,16.7986,17.2823,17.7906,18.323,18.8778,19.4529,20.0459,20.6531,21.2657,22.0147,21.5247,28.4573,2.50212,92.3239
10.6676,10.7208,10.7741,10.8283,10.8835,10.9403,10.9993,11.0608,11.1255,11.1938,11.2662,11.3434,11.4259,11.5143,11.6092,11.7114,11.8216,11.9405,12.0689,12.2076,12.3575,12.5196,12.6947,12.8838,13.0879,13.3081,13.5454,13.8009,14.0756,14.3705,14.6869,15.0253,15.387,15.7727,16.183,16.6184,17.079,17.5649,18.0758,18.6107,19.1682,19.7461,20.3421,20.9522,21.5679,22.3219,21.8232,28.8058,2.72763,92.8249
10.919,10.9725,11.026,11.0803,11.1358,11.1929,11.2522,11.314,11.379,11.4476,11.5203,11.5978,11.6807,11.7695,11.8648,11.9675,12.0782,12.1976,12.3265,12.4659,12.6164,12.7792,12.955,13.1449,13.3499,13.5711,13.8094,14.066,14.3418,14.6381,14.9557,15.2957,15.6589,16.0462,16.4583,16.8956,17.3582,17.8463,18.3595,18.8969,19.4569,20.0376,20.6364,21.2495,21.868,22.6268,22.1194,29.1511,2.95208,93.3204
11.1709,11.2246,11.2784,11.3329,11.3886,11.446,11.5055,11.5676,11.6328,11.7017,11.7748,11.8526,11.9358,12.0249,12.1207,12.2238,12.3349,12.4548,12.5843,12.7242,12.8754,13.0388,13.2153,13.406,13.6119,13.8339,14.0732,14.3307,14.6077,14.9052,15.2241,15.5654,15.9301,16.319,16.7328,17.1719,17.6365,18.1267,18.642,19.1818,19.7443,20.3276,20.9291,21.545,22.1663,22.9298,22.4137,29.4937,3.17555,93.811
11.4234,11.4773,11.5313,11.586,11.642,11.6996,11.7593,11.8216,11.8871,11.9563,12.0296,12.1078,12.1913,12.2808,12.3769,12.4804,12.592,12.7123,12.8423,12.9827,13.1345,13.2985,13.4757,13.6671,13.8737,14.0966,14.3368,14.5953,14.8734,15.1719,15.4921,15.8347,16.2008,16.5912,17.0067,17.4475,17.9139,18.4061,18.9236,19.4656,20.0305,20.6163,21.2204,21.8389,22.4627,23.2309,22.7062,29.8337,3.39814,94.2968
11.6766,11.7307,11.7849,11.8398,11.896,11.9538,12.0137,12.0763,12.142,12.2114,12.2851,12.3635,12.4473,12.5371,12.6336,12.7374,12.8494,12.9702,13.1006,13.2416,13.3939,13.5585,13.7363,13.9284,14.1357,14.3594,14.6004,14.8599,15.1389,15.4385,15.7598,16.1037,16.4711,16.863,17.28,17.7224,18.1906,18.6847,19.2042,19.7484,20.3156,20.9037,21.5103,22.1314,22.7578,23.5304,22.9969,30.1713,3.61996,94.7784
11.9306,11.9849,12.0392,12.0944,12.1507,12.2087,12.2688,12.3316,12.3976,12.4672,12.5411,12.6198,12.7039,12.794,12.8908,12.995,13.1073,13.2285,13.3594,13.5008,13.6536,13.8187,13.9972,14.1899,14.3979,14.6224,14.8642,15.1245,15.4045,15.7051,16.0275,16.3725,16.7412,17.1344,17.5529,17.9969,18.4668,18.9627,19.4841,20.0304,20.5998,21.1902,21.7992,22.4227,23.0515,23.8284,23.2864,30.5069,3.8411,95.256
12.1855,12.2399,12.2945,12.3498,12.4062,12.4645,12.5248,12.5878,12.6539,12.7238,12.7979,12.8768,12.9612,13.0516,13.1487,13.2532,13.3659,13.4874,13.6187,13.7606,13.9138,14.0795,14.2585,14.4518,14.6605,14.8856,15.1282,15.3893,15.6702,15.9717,16.2952,16.6413,17.0112,17.4057,17.8256,18.2711,18.7426,19.2402,19.7635,20.3118,20.8832,21.4759,22.0871,22.713,23.344,24.1252,23.5744,30.8406,4.06167,95.73
12.4413,12.4959,12.5507,12.6064,12.6628,12.7212,12.7817,12.8449,12.9112,12.9813,13.0556,13.1347,13.2193,13.31,13.4074,13.5122,13.6252,13.7471,13.8787,14.021,14.1747,14.3408,14.5203,14.7142,14.9235,15.1493,15.3926,15.6545,15.9362,16.2386,16.563,16.9102,17.2812,17.677,18.0982,18.5452,19.0182,19.5175,20.0425,20.5926,21.1661,21.7609,22.3744,23.0025,23.6357,24.4209,23.8615,31.1726,4.2818,96.2008
12.698,12.7528,12.8078,12.8642,12.9204,12.979,13.0397,13.103,13.1695,13.2398,13.3143,13.3936,13.4784,13.5693,13.667,13.7721,13.8854,14.0076,14.1396,14.2822,14.4363,14.6029,14.7829,14.9773,15.1872,15.4135,15.6575,15.9201,16.2026,16.5059,16.8312,17.1794,17.5515,17.9484,18.3708,18.8192,19.2937,19.7946,20.3213,20.8732,21.4487,22.0454,22.661,23.2913,23.9265,24.7158,24.1477,31.5035,4.50163,96.6688
12.9561,13.0107,13.0651,13.1236,13.1792,13.238,13.2988,13.3623,13.429,13.4994,13.5741,13.6536,13.7386,13.8298,13.9276,14.033,14.1466,14.2691,14.4014,14.5444,14.6989,14.8659,15.0463,15.2412,15.4516,15.6785,15.9231,16.1864,16.4696,16.7738,17.0999,17.449,17.8221,18.2202,18.6438,19.0935,19.5694,20.0717,20.6001,21.1537,21.731,22.3296,22.9473,23.5796,24.2169,25.0101,24.4332,31.8332,4.72129,97.1342
13.2195,13.2721,13.3209,13.3847,13.4394,13.4984,13.5593,13.6229,13.6898,13.7603,13.8352,13.9149,14.0001,14.0914,14.1895,14.2951,14.4089,14.5317,14.6643,14.8076,14.9625,15.1298,15.3107,15.506,15.7169,15.9444,16.1896,16.4535,16.7374,17.0423,17.3693,17.7193,18.0933,18.4924,18.9172,19.3681,19.8453,20.3491,20.879,21.4343,22.0133,22.6138,23.2335,23.8677,24.5069,25.304,24.7185,32.1621,4.94081,97.5975
13.5066,13.5529,13.573,13.6474,13.7012,13.7602,13.8213,13.8851,13.952,14.0227,14.0977,14.1776,14.263,14.3545,14.4527,14.5585,14.6726,14.7956,14.9285,15.0721,15.2273,15.395,15.5762,15.772,15.9833,16.2113,16.457,16.7215,17.0061,17.3117,17.6394,17.9902,18.3652,18.7653,19.1912,19.6432,20.1217,20.6269,21.1583,21.7152,22.2959,22.8982,23.5197,24.1559,24.7969,25.5977,25.0032,32.4899,5.15975,98.059
13.5066,13.9002,13.8273,13.9105,13.9648,14.0238,14.0849,14.1488,14.2159,14.2867,14.3618,14.4418,14.5274,14.619,14.7175,14.8235,14.9377,15.061,15.1942,15.338,15.4935,15.6615,15.8431,16.0392,16.251,16.4794,16.7256,16.9907,17.2759,17.5821,17.9106,18.2622,18.638,19.0391,19.466,19.9191,20.3989,20.9053,21.4381,21.9965,22.5788,23.1828,23.8059,24.4438,25.0864,25.8907,25.2872,32.817,5.38041,98.059
14.0296,14.0745,14.1074,14.1741,14.2301,14.2891,14.3504,14.4143,14.4815,14.5524,14.6277,14.7078,14.7935,14.8853,14.9839,15.0901,15.2045,15.328,15.4614,15.6055,15.7612,15.9295,16.1114,16.3079,16.52,16.7489,16.9956,17.2612,17.5469,17.8537,18.1829,18.5352,18.9119,19.3138,19.7416,20.1958,20.6766,21.1842,21.7183,22.2781,22.8618,23.4673,24.0921,24.7316,25.3759,26.1839,25.5716,33.1449,5.60123,98.9779
14.2756,14.3296,14.3803,14.4405,14.4973,14.5564,14.6178,14.6818,14.7491,14.8201,14.8955,14.9757,15.0615,15.1534,15.2522,15.3585,15.4731,15.5968,15.7303,15.8746,16.0306,16.1992,16.3814,16.5782,16.7907,17.0199,17.267,17.5331,17.8193,18.1268,18.4565,18.8096,19.187,19.5898,20.0186,20.4738,20.9558,21.4648,22.0004,22.5618,23.1473,23.7548,24.3817,25.0235,25.67,26.4822,25.8618,33.4783,5.82557,99.436
14.542,14.5971,14.6518,14.7095,14.7667,14.8259,14.8873,14.9514,15.0188,15.0899,15.1653,15.2457,15.3316,15.4236,15.5225,15.6289,15.7437,15.8675,16.0013,16.1458,16.3019,16.4708,16.6532,16.8503,17.0631,17.2927,17.5402,17.8067,18.0934,18.4014,18.7317,19.0854,19.4635,19.8671,20.2967,20.7528,21.2357,21.7456,22.2821,22.8444,23.4308,24.0392,24.6668,25.3092,25.9559,26.77,26.1388,33.7952,6.03481,99.8937
14.8133,14.8688,14.9242,14.9811,15.0385,15.0978,15.1592,15.2234,15.2908,15.362,15.4375,15.5179,15.6039,15.696,15.795,15.9016,16.0165,16.1404,16.2743,16.419,16.5754,16.7444,16.9271,17.1244,17.3375,17.5674,17.8153,18.0822,18.3693,18.6777,19.0087,19.363,19.7418,20.146,20.5765,21.0335,21.5175,22.0286,22.5665,23.1304,23.7185,24.3287,24.9584,25.6031,26.2522,27.0707,26.4316,34.1321,6.26863,100.351
15.0876,15.1431,15.1987,15.2553,15.3128,15.3721,15.4336,15.4978,15.5653,15.6365,15.7121,15.7926,15.8786,15.9709,16.0699,16.1766,16.2916,16.4157,16.5497,16.6945,16.851,17.0203,17.2031,17.4007,17.6141,17.8443,18.0924,18.3597,18.6472,18.9561,19.2875,19.6424,20.0218,20.4267,20.8579,21.3158,21.8006,22.3127,22.8516,23.4165,24.0058,24.6172,25.2482,25.8942,26.5445,27.3662,26.7179,34.4611,6.4878,100.809
15.3646,15.4202,15.4758,15.5323,15.5899,15.6492,15.7107,15.775,15.8425,15.9138,15.9894,16.0699,16.156,16.2483,16.3475,16.4542,16.5693,16.6934,16.8276,16.9725,17.1292,17.2986,17.4816,17.6794,17.8929,18.1234,18.3719,18.6394,18.9273,19.2366,19.5685,19.9239,20.3038,20.7094,21.1413,21.6,22.0857,22.5987,23.1386,23.7047,24.2951,24.9078,25.54,26.1872,26.8386,27.6632,27.0053,34.79,6.70886,101.268
15.6446,15.7001,15.7558,15.8122,15.8698,15.9292,15.9908,16.055,16.1226,16.1939,16.2695,16.3501,16.4363,16.5286,16.6278,16.7346,16.8497,16.974,17.1082,17.2532,17.41,17.5795,17.7627,17.9607,18.1744,18.4051,18.6538,18.9217,19.2099,19.5195,19.8518,20.2077,20.5882,20.9943,21.4269,21.8863,22.3728,22.8868,23.4277,23.9948,24.5864,25.2004,25.8339,26.4825,27.1351,27.963,27.2956,35.1224,6.93475,101.727
15.9278,15.9833,16.0389,16.0953,16.153,16.2124,16.2739,16.3382,16.4058,16.4771,16.5527,16.6334,16.7195,16.8119,16.9111,17.0179,17.1331,17.2574,17.3917,17.5368,17.6937,17.8633,18.0466,18.2447,18.4586,18.6895,18.9384,19.2065,19.495,19.805,20.1377,20.494,20.875,21.2817,21.7148,22.1749,22.6622,23.177,23.7188,24.287,24.8797,25.4947,26.1296,26.7794,27.4332,28.2642,27.5873,35.4566,7.16144,102.188
16.2143,16.2698,16.3254,16.3819,16.4395,16.4989,16.5604,16.6247,16.6923,16.7636,16.8393,16.9199,17.006,17.0984,17.1977,17.3045,17.4197,17.5441,17.6784,17.8236,17.9805,18.1502,18.3336,18.5318,18.7459,18.9769,19.226,19.4943,19.7831,20.0933,20.4264,20.783,21.1645,21.5716,22.0054,22.4661,22.9541,23.4696,24.0124,24.5815,25.1751,25.7913,26.4273,27.0783,27.7331,28.5672,27.8806,35.7923,7.3889,102.65
16.5044,16.56,16.6156,16.6721,16.7295,16.7889,16.8505,16.9148,16.9823,17.0536,17.1293,17.2099,17.2961,17.3884,17.4877,17.5945,17.7098,17.8341,17.9685,18.1137,18.2707,18.4404,18.6239,18.8222,19.0363,19.2675,19.5167,19.7852,20.0742,20.3847,20.718,21.075,21.4568,21.8645,22.2987,22.76,23.2487,23.765,24.3085,24.8785,25.4732,26.0903,26.7274,27.3795,28.0353,28.8725,28.1759,36.1303,7.6179,103.115
16.7983,16.8538,16.9095,16.9662,17.0234,17.0828,17.1444,17.2086,17.2761,17.3474,17.4231,17.5037,17.5898,17.6822,17.7814,17.8882,18.0034,18.1278,18.2622,18.4073,18.5644,18.7341,18.9176,19.116,19.3302,19.5614,19.8108,20.0794,20.3686,20.6793,21.0129,21.3702,21.7524,22.1604,22.5951,23.057,23.5463,24.0632,24.6075,25.1784,25.774,26.392,27.0301,27.6833,28.3399,29.1801,28.4736,36.4706,7.84877,103.581
17.096,17.1515,17.2072,17.2646,17.3213,17.3808,17.4423,17.5065,17.574,17.6452,17.7208,17.8014,17.8875,17.9798,18.079,18.1858,18.301,18.4253,18.5597,18.7048,18.8618,19.0316,19.2151,19.4135,19.6278,19.8591,20.1085,20.3772,20.6665,20.9774,21.3112,21.6688,22.0513,22.4597,22.8948,23.3572,23.847,24.3646,24.9095,25.4813,26.0776,26.6966,27.3357,27.9898,28.6473,29.4904,28.7737,36.8136,8.0817,104.051
17.3982,17.4533,17.5079,17.5677,17.6236,17.683,17.7445,17.8086,17.8761,17.9473,18.0228,18.1033,18.1894,18.2817,18.3808,18.4876,18.6027,18.727,18.8613,19.0064,19.1634,19.3331,19.5166,19.715,19.9292,20.1606,20.4101,20.6789,20.9683,21.2793,21.6133,21.9711,22.3538,22.7626,23.1981,23.6608,24.1512,24.6693,25.2149,25.7874,26.3845,27.0044,27.6443,28.2994,28.9577,29.8036,29.0765,37.1597,8.31679,104.523
17.7103,17.7624,17.8097,17.8759,17.9304,17.9898,18.0512,18.1153,18.1827,18.2538,18.3293,18.4098,18.4958,18.588,18.6871,18.7937,18.9088,19.033,19.1672,19.3123,19.4692,19.6389,19.8224,20.0207,20.2349,20.4663,20.7158,20.9846,21.274,21.5852,21.9193,22.2773,22.6602,23.0693,23.5051,23.9682,24.459,24.9777,25.524,26.097,26.6949,27.3156,27.9563,28.6122,29.2712,30.1199,29.3824,37.5092,8.55415,104.999
18.0535,18.098,18.1105,18.1887,18.2421,18.3014,18.3627,18.4268,18.4941,18.5651,18.6406,18.7209,18.8068,18.899,18.998,19.1046,19.2195,19.3437,19.4778,19.6228,19.7796,19.9492,20.1326,20.3309,20.545,20.7763,21.0258,21.2947,21.5841,21.8953,22.2295,22.5876,22.9708,23.38,23.8161,24.2796,24.7708,25.29,25.8367,26.4104,27.009,27.6304,28.2719,28.9286,29.5882,30.4396,29.6914,37.8619,8.79354,105.479
18.0535,18.5139,18.4173,18.5053,18.559,18.6181,18.6793,18.7433,18.8105,18.8815,18.9568,19.0371,19.1229,19.2149,19.3138,19.4203,19.5352,19.6592,19.7932,19.9381,20.0948,20.2643,20.4476,20.6458,20.8599,21.0911,21.3405,21.6093,21.8988,22.21,22.5443,22.9025,23.2857,23.6951,24.1315,24.5953,25.0868,25.6064,26.1536,26.7278,27.327,27.9491,28.5913,29.2487,29.9089,30.763,30.0039,38.2189,9.03731,105.479
18.6864,18.729,18.7572,18.8257,18.8813,18.9402,19.0013,19.0652,19.1323,19.2031,19.2784,19.3585,19.4442,19.5361,19.6349,19.7413,19.856,19.9799,20.1138,20.2585,20.4151,20.5845,20.7677,20.9657,21.1797,21.4108,21.6601,21.9288,22.2183,22.5295,22.8637,23.222,23.6053,24.0149,24.4514,24.9154,25.4073,25.9272,26.4749,27.0496,27.6493,28.272,28.9149,29.573,30.2336,31.0904,30.3201,38.5799,9.28231,106.451
18.9894,19.0428,19.0921,19.1528,19.2091,19.2679,19.3289,19.3927,19.4596,19.5304,19.6055,19.6855,19.7711,19.8629,19.9615,20.0678,20.1824,20.3061,20.4398,20.5844,20.7408,20.91,21.093,21.2909,21.5047,21.7357,21.9849,22.2535,22.5428,22.854,23.1882,23.5465,23.9299,24.3395,24.7761,25.2404,25.7325,26.2527,26.8008,27.3759,27.9761,28.5993,29.2428,29.9014,30.5624,31.4219,30.6403,38.9449,9.53077,106.944
19.3202,19.3748,19.4287,19.4862,19.5429,19.6016,19.6625,19.7261,19.7929,19.8636,19.9385,20.0184,20.1039,20.1955,20.294,20.4,20.5145,20.638,20.7716,20.916,21.0722,21.2412,21.424,21.6217,21.8353,22.0661,22.3151,22.5836,22.8728,23.1839,23.518,23.8763,24.2596,24.6693,25.106,25.5704,26.0627,26.5832,27.1315,27.707,28.3077,28.9314,29.5753,30.2345,30.8958,31.7579,30.9646,39.3151,9.782,107.443
19.6606,19.7153,19.77,19.8262,19.8829,19.9415,20.0022,20.0657,20.1324,20.2029,20.2778,20.3575,20.4428,20.5342,20.6325,20.7384,20.8526,20.976,21.1093,21.2535,21.4095,21.5783,21.7609,21.9584,22.1718,22.4024,22.6512,22.9195,23.2085,23.5194,23.8535,24.2116,24.5949,25.0046,25.4414,25.9058,26.3982,26.9189,27.4675,28.0434,28.6444,29.2684,29.9128,30.5725,31.234,32.0987,31.2935,39.6904,10.0365,107.947
20.0079,20.0625,20.1172,20.1729,20.2295,20.288,20.3486,20.4119,20.4785,20.5488,20.6235,20.703,20.7881,20.8794,20.9775,21.0832,21.1972,21.3203,21.4534,21.5974,21.7531,21.9217,22.104,22.3012,22.5144,22.7447,22.9933,23.2614,23.5502,23.8609,24.1948,24.5528,24.936,25.3456,25.7824,26.2469,26.7394,27.2602,27.809,28.3851,28.9863,29.6108,30.2555,30.9156,31.5773,32.4445,31.6271,40.0711,10.2946,108.457
20.3622,20.4166,20.4712,20.5266,20.5831,20.6414,20.7018,20.765,20.8314,20.9015,20.976,21.0554,21.1402,21.2313,21.3292,21.4347,21.5484,21.6713,21.8042,21.9479,22.1034,22.2716,22.4537,22.6506,22.8635,23.0935,23.3418,23.6096,23.8982,24.2087,24.5423,24.9001,25.2832,25.6927,26.1294,26.5939,27.0864,27.6073,28.1562,28.7325,29.334,29.9587,30.6037,31.2641,31.9259,32.7956,31.9657,40.4573,10.5564,108.973
20.7237,20.778,20.8324,20.8876,20.9438,21.002,21.0623,21.1253,21.1915,21.2614,21.3357,21.4148,21.4995,21.5903,21.688,21.7932,21.9067,22.0294,22.1619,22.3053,22.4605,22.6285,22.8102,23.0068,23.2194,23.4491,23.697,23.9646,24.2528,24.563,24.8964,25.254,25.6369,26.0462,26.4828,26.9472,27.4397,27.9606,28.5096,29.086,29.6876,30.3125,30.9578,31.6184,32.2801,33.1524,32.3096,40.8497,10.8221,109.496
21.0927,21.1468,21.2011,21.2563,21.3121,21.3702,21.4303,21.4931,21.5591,21.6288,21.7029,21.7818,21.8662,21.9568,22.0542,22.1592,22.2724,22.3947,22.527,22.6701,22.825,22.9926,23.1739,23.3702,23.5824,23.8117,24.0593,24.3265,24.6144,24.9243,25.2574,25.6147,25.9973,26.4064,26.8428,27.3071,27.7995,28.3204,28.8693,29.4458,30.0475,30.6726,31.3179,31.9787,32.6404,33.515,32.6591,41.2485,11.0918,110.027
21.4693,21.5233,21.5775,21.6333,21.6884,21.7463,21.8062,21.8688,21.9346,22.0041,22.0779,22.1566,22.2408,22.3311,22.4282,22.5329,22.6458,22.7678,22.8998,23.0425,23.197,23.3642,23.5452,23.7411,23.9529,24.1818,24.429,24.6958,24.9833,25.2928,25.6256,25.9825,26.3648,26.7736,27.2098,27.6738,28.1661,28.6869,29.2358,29.8122,30.4141,31.0391,31.6846,32.3453,33.0069,33.8839,33.0144,41.6539,11.3658,110.564
21.8541,21.9076,21.9608,22.0192,22.0729,22.1307,22.1904,22.2528,22.3183,22.3876,22.4612,22.5396,22.6235,22.7135,22.8104,22.9147,23.0273,23.149,23.2805,23.4229,23.577,23.7438,23.9244,24.1198,24.3312,24.5597,24.8064,25.0727,25.3599,25.6689,26.0013,26.3578,26.7398,27.1483,27.5842,28.0479,28.54,29.0606,29.6094,30.1857,30.7874,31.4124,32.0578,32.7187,33.3799,34.2593,33.3759,42.0664,11.6443,111.11
22.2529,22.303,22.348,22.4146,22.4662,22.5238,22.5833,22.6454,22.7107,22.7798,22.8531,22.9312,23.0148,23.1045,23.201,23.305,23.4173,23.5386,23.6697,23.8117,23.9654,24.1318,24.3119,24.5068,24.7177,24.9457,25.1919,25.4578,25.7444,26.053,26.3849,26.741,27.1225,27.5307,27.9662,28.4296,28.9214,29.4417,29.9903,30.5665,31.1681,31.793,32.4383,33.099,33.7599,34.6416,33.7439,42.4866,11.9275,111.664
22.6961,22.7354,22.7345,22.8192,22.8687,22.926,22.9852,23.0471,23.1121,23.1809,23.2539,23.3317,23.415,23.5044,23.6006,23.7042,23.8161,23.937,24.0677,24.2092,24.3625,24.5284,24.708,24.9024,25.1128,25.3402,25.5859,25.8513,26.1373,26.4454,26.7768,27.1324,27.5135,27.9211,28.3562,28.8193,29.3107,29.8307,30.379,30.9549,31.5563,32.181,32.8263,33.4867,34.1471,35.0312,34.1186,42.9144,12.2152,112.227
22.6961,23.2966,23.1286,23.2312,23.2808,23.3376,23.3966,23.4582,23.523,23.5914,23.6641,23.7416,23.8246,23.9136,24.0094,24.1126,24.2241,24.3446,24.4749,24.6159,24.7687,24.934,25.1131,25.307,25.5168,25.7437,25.9888,26.2535,26.539,26.8465,27.1773,27.5324,27.9129,28.3201,28.7546,29.2172,29.7083,30.2279,30.7758,31.3514,31.9525,32.577,33.2219,33.8821,34.5419,35.4283,34.5005,43.3505,12.5096,112.227
23.5226,23.5601,23.5798,23.6502,23.7027,23.7592,23.8178,23.8791,23.9436,24.0117,24.0841,24.1613,24.2439,24.3326,24.4279,24.5308,24.6418,24.7618,24.8916,25.0322,25.1844,25.3492,25.5277,25.721,25.9302,26.1564,26.4009,26.665,26.9499,27.2567,27.5869,27.9413,28.3213,28.7279,29.1618,29.6239,30.1144,30.6336,31.1811,31.7563,32.357,32.9811,33.6257,34.2856,34.9446,35.8332,34.8898,43.7952,12.8081,113.382
23.9249,23.9757,24.0223,24.0812,24.1349,24.191,24.2494,24.3104,24.3745,24.4423,24.5143,24.5912,24.6734,24.7616,24.8566,24.959,25.0695,25.1891,25.3184,25.4584,25.61,25.7743,25.9521,26.1448,26.3533,26.5789,26.8227,27.0861,27.3702,27.6764,28.0059,28.3597,28.7389,29.1449,29.5782,30.0397,30.5297,31.0484,31.5953,32.17,32.7702,33.3939,34.038,34.6973,35.3554,36.2464,35.2867,44.2488,13.1121,113.974
24.3658,24.4176,24.4691,24.5238,24.5777,24.6336,24.6916,24.7523,24.8161,24.8836,24.9552,25.0317,25.1135,25.2013,25.2958,25.3977,25.5078,25.6268,25.7555,25.895,26.046,26.2096,26.3868,26.5788,26.7866,27.0115,27.2546,27.5172,27.8006,28.106,28.4347,28.7878,29.1663,29.5715,30.0042,30.465,30.9543,31.4724,32.0187,32.5928,33.1925,33.8156,34.4592,35.1179,35.7751,36.6683,35.6918,44.7121,13.4213,114.576
24.8212,24.8729,24.9248,24.978,25.0318,25.0873,25.145,25.2054,25.2688,25.3359,25.4072,25.4832,25.5646,25.652,25.746,25.8474,25.957,26.0754,26.2036,26.3424,26.4928,26.6558,26.8323,27.0235,27.2306,27.4547,27.6969,27.9588,28.2414,28.546,28.8739,29.2261,29.6038,30.0083,30.4402,30.9002,31.3888,31.9061,32.4518,33.0252,33.6242,34.2467,34.8895,35.5476,36.2037,37.0991,36.1052,45.1851,13.7364,115.189
25.2884,25.3399,25.3915,25.444,25.4975,25.5527,25.6101,25.6701,25.7331,25.7999,25.8707,25.9463,26.0272,26.1142,26.2077,26.3086,26.4175,26.5354,26.663,26.8011,26.9508,27.1131,27.2889,27.4793,27.6856,27.9089,28.1503,28.4112,28.693,28.9967,29.3237,29.6751,30.052,30.4555,30.8866,31.3458,31.8335,32.3501,32.895,33.4676,34.0658,34.6875,35.3296,35.987,36.6418,37.5393,36.5274,45.6684,14.0576,115.814
25.7678,25.8189,25.8702,25.9222,25.9754,26.0303,26.0873,26.1469,26.2095,26.2758,26.3463,26.4214,26.5019,26.5883,26.6813,26.7816,26.89,27.0072,27.1341,27.2716,27.4206,27.5821,27.7571,27.9467,28.1521,28.3745,28.615,28.8751,29.1558,29.4586,29.7847,30.1351,30.511,30.9137,31.3438,31.8021,32.2889,32.8046,33.3486,33.9203,34.5177,35.1385,35.7797,36.4361,37.0895,37.9893,36.9588,46.1625,14.3851,116.451
26.2599,26.3106,26.3615,26.4131,26.466,26.5205,26.5771,26.6363,26.6985,26.7644,26.8343,26.909,26.989,27.0748,27.1673,27.267,27.3748,27.4913,27.6176,27.7543,27.9026,28.0632,28.2374,28.4262,28.6307,28.8521,29.0917,29.3507,29.6305,29.9322,30.2573,30.6067,30.9816,31.3832,31.8123,32.2696,32.7555,33.2702,33.8132,34.3839,34.9803,35.6001,36.2403,36.8956,37.5475,38.4494,37.3996,46.6679,14.719,117.1
26.7652,26.8155,26.8659,26.9172,26.9697,27.0238,27.08,27.1387,27.2006,27.2659,27.3354,27.4096,27.489,27.5744,27.6662,27.7653,27.8724,27.9883,28.1138,28.2498,28.3972,28.5571,28.7303,28.9182,29.1217,29.3421,29.5807,29.8387,30.1174,30.418,30.742,31.0903,31.4641,31.8646,32.2926,32.7488,33.2336,33.7472,34.2891,34.8587,35.454,36.0727,36.7118,37.366,38.0161,38.9201,37.8504,47.185,15.0596,117.763
27.2842,27.3341,27.3841,27.435,27.4871,27.5408,27.5965,27.6548,27.7162,27.7811,27.8501,27.9237,28.0026,28.0873,28.1786,28.277,28.3834,28.4986,28.6233,28.7585,28.9051,29.064,29.2363,29.4232,29.6257,29.8451,30.0825,30.3394,30.617,30.9165,31.2393,31.5864,31.9591,32.3584,32.7852,33.2402,33.7237,34.2361,34.7769,35.3453,35.9395,36.5569,37.1947,37.8475,38.4958,39.4019,38.3114,47.7142,15.407,118.438
27.8175,27.867,27.9166,27.967,28.0187,28.0719,28.1272,28.1851,28.246,28.3104,28.3788,28.4519,28.5302,28.6143,28.7049,28.8027,28.9083,29.0227,29.1466,29.281,29.4267,29.5847,29.756,29.9418,30.1432,30.3615,30.5978,30.8535,31.1299,31.4281,31.7497,32.0956,32.4669,32.865,33.2904,33.7442,34.2264,34.7376,35.277,35.8441,36.4368,37.0529,37.6893,38.3407,38.987,39.8952,38.783,48.2563,15.7616,119.128
28.3657,28.4147,28.4639,28.5139,28.565,28.6178,28.6727,28.73,28.7904,28.8543,28.9222,28.9947,29.0724,29.1558,29.2457,29.3428,29.4477,29.5613,29.6843,29.8178,29.9625,30.1195,30.2898,30.4745,30.6748,30.8919,31.127,31.3814,31.6565,31.9534,32.2737,32.6182,32.9883,33.3849,33.809,34.2613,34.7422,35.2519,35.7899,36.3555,36.9468,37.5614,38.1962,38.8461,39.4901,40.4004,39.2657,48.8115,16.1233,119.831
28.9293,28.9779,29.0266,29.0762,29.1266,29.179,29.2334,29.2902,29.3501,29.4134,29.4807,29.5526,29.6297,29.7125,29.8017,29.8979,30.002,30.1148,30.2369,30.3694,30.5132,30.6691,30.8383,31.0219,31.221,31.4368,31.6706,31.9237,32.1974,32.493,32.8118,33.155,33.5235,33.9187,34.3413,34.7921,35.2714,35.7797,36.3162,36.8801,37.4699,38.0828,38.7159,39.364,40.0056,40.9179,39.7599,49.3807,16.4926,120.55
29.5086,29.5567,29.6052,29.6547,29.7041,29.7561,29.81,29.8663,29.9256,29.9883,30.0551,30.1263,30.2027,30.2848,30.3732,30.4687,30.572,30.6838,30.8051,30.9365,31.0792,31.2341,31.4021,31.5845,31.7824,31.9968,32.2293,32.481,32.7533,33.0473,33.3647,33.7063,34.0733,34.4669,34.8879,35.3371,35.8148,36.3214,36.8562,37.4184,38.0065,38.6175,39.2488,39.895,40.534,41.4484,40.266,49.9643,16.8695,121.285
30.1035,30.1512,30.1991,30.2508,30.298,30.3497,30.403,30.4588,30.5175,30.5797,30.6458,30.7164,30.792,30.8734,30.961,31.0557,31.1581,31.269,31.3892,31.5197,31.6613,31.815,31.9818,32.163,32.3595,32.5726,32.8036,33.0538,33.3245,33.6171,33.9328,34.2728,34.6382,35.0301,35.4494,35.8969,36.3728,36.8777,37.4106,37.971,38.5571,39.1663,39.7955,40.4395,41.0758,41.9921,40.7844,50.5628,17.2542,122.035
30.7185,30.7628,30.8032,30.866,30.9091,30.9604,31.0132,31.0684,31.1265,31.188,31.2535,31.3234,31.3983,31.4789,31.5657,31.6595,31.761,31.8709,31.9901,32.1195,32.2599,32.4124,32.578,32.7578,32.9529,33.1646,33.394,33.6427,33.9118,34.2027,34.5168,34.855,35.2187,35.6089,36.0263,36.4719,36.946,37.4489,37.9799,38.5383,39.1224,39.7294,40.3564,40.9982,41.6314,42.5497,41.3156,51.1769,17.6469,122.802
31.4031,31.43,31.402,31.5011,31.5381,31.5889,31.6411,31.6957,31.7532,31.814,31.8788,31.9479,32.0221,32.1019,32.1879,32.2808,32.3813,32.4902,32.6083,32.7365,32.8758,33.027,33.1913,33.3696,33.5633,33.7734,34.0013,34.2483,34.5158,34.805,35.1172,35.4537,35.8155,36.2038,36.6192,37.0629,37.535,38.0359,38.5647,39.121,39.7028,40.3075,40.9322,41.5715,42.2015,43.1217,41.8599,51.8073,18.0476,123.586
31.4031,32.3859,31.9967,32.1509,32.186,32.2358,32.2874,32.3413,32.3981,32.4583,32.5224,32.5908,32.6642,32.7431,32.8282,32.9201,33.0196,33.1275,33.2445,33.3715,33.5095,33.6594,33.8223,33.9992,34.1913,34.3998,34.626,34.8713,35.137,35.4244,35.7347,36.0693,36.4292,36.8155,37.2288,37.6704,38.1403,38.639,39.1656,39.7195,40.2989,40.9012,41.5233,42.16,42.7864,43.7087,42.4179,52.4546,18.4586,123.586
32.7083,32.7343,32.737,32.8093,32.853,32.9017,32.9527,33.006,33.0621,33.1216,33.1849,33.2525,33.3251,33.4031,33.4873,33.5782,33.6767,33.7835,33.8993,34.0251,34.1618,34.3103,34.4717,34.647,34.8376,35.0444,35.2689,35.5123,35.7761,36.0616,36.37,36.7025,37.0604,37.4445,37.8557,38.295,38.7626,39.259,39.7832,40.3346,40.9114,41.5111,42.1303,42.7641,43.3869,44.3111,42.9902,53.1195,18.8773,125.208
33.3582,33.4016,33.4417,33.4936,33.5393,33.5874,33.6377,33.6903,33.7458,33.8045,33.867,33.9339,34.0055,34.0827,34.1659,34.2558,34.3532,34.4588,34.5734,34.6979,34.8332,34.9803,35.1401,35.3139,35.5027,35.7078,35.9305,36.172,36.4339,36.7173,37.0236,37.354,37.7097,38.0915,38.5004,38.9373,39.4025,39.8964,40.418,40.9668,41.5409,42.1376,42.754,43.3846,44.0033,44.9296,43.5771,53.8026,19.3035,126.047
34.0659,34.1099,34.1538,34.2002,34.246,34.2936,34.3432,34.3951,34.4498,34.5078,34.5695,34.6355,34.7063,34.7825,34.8647,34.9535,35.0498,35.1542,35.2675,35.3907,35.5245,35.6701,35.8284,36.0005,36.1875,36.3908,36.6115,36.8511,37.1108,37.3921,37.6963,38.0245,38.3778,38.7573,39.1637,39.5981,40.0607,40.5519,41.0708,41.6167,42.1879,42.7815,43.3947,44.022,44.6365,45.5647,44.1791,54.5048,19.7381,126.906
34.7969,34.8403,34.884,34.9286,34.974,35.021,35.0698,35.121,35.175,35.2321,35.293,35.3581,35.428,35.5032,35.5844,35.6721,35.7672,35.8704,35.9824,36.1041,36.2365,36.3805,36.5371,36.7074,36.8927,37.094,37.3127,37.5502,37.8078,38.0869,38.3888,38.7146,39.0655,39.4424,39.8462,40.278,40.7379,41.2262,41.7422,42.2851,42.8531,43.4434,44.0531,44.6769,45.2867,46.2171,44.7968,55.2268,20.1817,127.786
35.5498,35.5925,35.6355,35.6792,35.724,35.7702,35.8184,35.8688,35.922,35.9783,36.0384,36.1026,36.1715,36.2456,36.3257,36.4123,36.5062,36.6081,36.7187,36.839,36.9698,37.1122,37.267,37.4356,37.6189,37.8182,38.0348,38.2701,38.5255,38.8022,39.1017,39.425,39.7734,40.1477,40.5487,40.9777,41.4347,41.92,42.4328,42.9725,43.5371,44.124,44.73,45.3499,45.9549,46.8873,45.4307,55.9694,20.6342,128.686
36.3253,36.3673,36.4096,36.4526,36.4966,36.5422,36.5896,36.6393,36.6916,36.7471,36.8062,36.8695,36.9374,37.0105,37.0895,37.1749,37.2675,37.3681,37.4773,37.5961,37.7253,37.8659,38.019,38.1856,38.3669,38.5641,38.7785,39.0116,39.2646,39.5389,39.8359,40.1566,40.5022,40.8738,41.2719,41.6979,42.1518,42.6339,43.1434,43.6796,44.2407,44.8238,45.4259,46.0418,46.6415,47.5759,46.0812,56.7335,21.0957,129.608
37.1244,37.1657,37.2072,37.2495,37.2928,37.3376,37.3842,37.4331,37.4846,37.5393,37.5975,37.6598,37.7266,37.7987,37.8765,37.9607,38.052,38.1511,38.2588,38.376,38.5036,38.6424,38.7936,38.9583,39.1375,39.3326,39.5447,39.7754,40.0259,40.2976,40.592,40.91,41.2528,41.6214,42.0165,42.4393,42.89,43.3687,43.8747,44.4072,44.9645,45.5436,46.1414,46.7531,47.3472,48.2839,46.749,57.5198,21.5661,130.552
37.9479,37.9884,38.0292,38.0707,38.1133,38.1573,38.2031,38.2512,38.3018,38.3556,38.4128,38.4741,38.5399,38.6108,38.6875,38.7704,38.8603,38.958,39.0642,39.1798,39.3056,39.4426,39.5919,39.7545,39.9315,40.1243,40.334,40.5622,40.8102,41.0793,41.3709,41.6861,42.0259,42.3914,42.7833,43.2028,43.65,44.1252,44.6275,45.1561,45.7092,46.2841,46.8775,47.4845,48.0726,49.0116,47.4346,58.3294,22.0456,131.519
38.7965,38.8363,38.8763,38.9171,38.9589,39.0021,39.0471,39.0943,39.1441,39.1969,39.2531,39.3134,39.3781,39.4479,39.5232,39.6048,39.6934,39.7896,39.8942,40.0081,40.1321,40.2672,40.4145,40.5749,40.7498,40.9401,41.1474,41.373,41.6183,41.8847,42.1734,42.4856,42.8223,43.1845,43.5731,43.9891,44.4327,44.904,45.4024,45.9268,46.4757,47.0461,47.6347,48.2367,48.8185,49.7599,48.1385,59.1631,22.534,132.51
39.6712,39.7103,39.7495,39.7895,39.8304,39.8728,39.917,39.9633,40.0122,40.064,40.1193,40.1785,40.242,40.3106,40.3847,40.4649,40.552,40.6467,40.7497,40.8618,40.984,41.1171,41.2623,41.4206,41.593,41.781,41.9856,42.2085,42.451,42.7145,43.0003,43.3093,43.6428,44.0017,44.3867,44.7989,45.2387,45.706,46.2002,46.7203,47.2646,47.8302,48.4138,49.0105,49.5857,50.5294,48.8613,60.022,23.0315,133.525
40.5728,40.6111,40.6495,40.6886,40.7288,40.7703,40.8136,40.859,40.907,40.9578,41.0121,41.0701,41.1326,41.1999,41.2727,41.3515,41.4371,41.5302,41.6315,41.7418,41.8621,41.9932,42.1362,42.2922,42.4622,42.6476,42.8496,43.0697,43.3093,43.5698,43.8524,44.1582,44.4883,44.8436,45.2249,45.6333,46.0689,46.5321,47.0219,47.5374,48.0767,48.6373,49.2155,49.8067,50.3745,51.321,49.6037,60.907,23.5378,134.566
41.5023,41.5396,41.5772,41.6155,41.6548,41.6955,41.7379,41.7824,41.8294,41.8792,41.9324,41.9893,42.0506,42.1166,42.1881,42.2655,42.3496,42.441,42.5406,42.6491,42.7673,42.8963,43.0371,43.1907,43.3582,43.5409,43.7401,43.9573,44.1939,44.4513,44.7307,45.0331,45.3596,45.7112,46.0885,46.4929,46.9243,47.383,47.8681,48.3787,48.913,49.4681,50.0406,50.626,51.1861,52.1353,50.3661,61.8193,24.0527,135.633
42.4603,42.4969,42.5337,42.5712,42.6093,42.6493,42.6908,42.7343,42.7803,42.8291,42.8811,42.9369,42.997,43.0617,43.1318,43.2077,43.2902,43.38,43.4778,43.5843,43.7006,43.8274,43.9658,44.1169,44.2819,44.4618,44.6582,44.8724,45.1058,45.36,45.636,45.9349,46.2577,46.6054,46.9786,47.3787,47.8056,48.2596,48.7399,49.2453,49.7741,50.3235,50.89,51.4691,52.0211,52.9732,51.1491,62.76,24.5762,136.726
43.4472,43.483,43.5194,43.5576,43.5931,43.6325,43.6731,43.7156,43.7606,43.8083,43.8593,43.9139,43.9727,44.0361,44.1047,44.1792,44.2601,44.3481,44.444,44.5486,44.6628,44.7874,44.9234,45.072,45.2342,45.4113,45.6047,45.8157,46.046,46.2968,46.5693,46.8645,47.1834,47.527,47.896,48.2916,48.7138,49.1628,49.6379,50.1378,50.6609,51.2043,51.7644,52.3369,52.8801,53.8355,51.9535,63.7302,25.1079,137.848
44.4637,44.4969,44.5282,44.5784,44.607,44.6461,44.6858,44.7273,44.7713,44.818,44.8678,44.9212,44.9787,45.0407,45.1079,45.1808,45.26,45.3463,45.4403,45.5429,45.6549,45.7772,45.9107,46.0567,46.2162,46.3903,46.5806,46.7884,47.0152,47.2626,47.5315,47.8228,48.1378,48.4771,48.8416,49.2325,49.6497,50.0935,50.5632,51.0574,51.5744,52.1114,52.6647,53.2303,53.7643,54.723,52.7799,64.7312,25.6476,138.997
45.5743,45.5833,45.5226,45.6391,45.6526,45.6911,45.7299,45.7704,45.8133,45.8589,45.9075,45.9597,46.0159,46.0766,46.1423,46.2136,46.2911,46.3756,46.4676,46.5682,46.6779,46.7978,46.9289,47.0721,47.2287,47.3998,47.5868,47.7913,48.0147,48.2584,48.5236,48.811,49.1217,49.4566,49.8164,50.2023,50.6144,51.0528,51.5166,52.0048,52.5154,53.0457,53.5919,54.15,54.6741,55.6367,53.6286,65.7644,26.1947,140.177
45.5743,47.3024,46.4482,46.7295,46.7318,46.7686,46.8063,46.8459,46.8877,46.9321,46.9796,47.0305,47.0854,47.1446,47.2088,47.2785,47.3543,47.4369,47.527,47.6253,47.7328,47.8503,47.9788,48.1192,48.2728,48.4408,48.6245,48.8254,49.0452,49.2852,49.5466,49.8299,50.1362,50.4665,50.8214,51.2021,51.6088,52.0414,52.4992,52.9809,53.4849,54.008,54.5467,55.097,55.6107,56.5774,54.5006,66.831,26.7521,140.177
47.7551,47.7642,47.7473,47.8166,47.8449,47.8795,47.9161,47.9547,47.9954,48.0387,48.0849,48.1346,48.1881,48.2458,48.3085,48.3765,48.4506,48.5313,48.6193,48.7155,48.8207,48.9357,49.0614,49.199,49.3496,49.5143,49.6945,49.8919,50.1079,50.3441,50.6015,50.8805,51.1824,51.5078,51.8576,52.2329,52.6338,53.0604,53.5119,53.987,54.4838,54.9994,55.5301,56.0722,56.5747,57.5459,55.3963,67.9326,27.3152,142.627
48.8628,48.8932,48.9214,48.959,48.9909,49.0248,49.0604,49.0978,49.1374,49.1796,49.2246,49.273,49.3251,49.3814,49.4424,49.5088,49.581,49.6598,49.7458,49.8398,49.9425,50.055,50.178,50.3126,50.46,50.6214,50.7981,50.9917,51.2039,51.4361,51.6893,51.964,52.2612,52.5815,52.926,53.2957,53.6907,54.1109,54.5558,55.0238,55.5131,56.0208,56.543,57.0766,57.5672,58.5434,56.3164,69.0704,27.8812,143.9
50.0483,50.0785,50.1088,50.1407,50.1724,50.2055,50.2401,50.2765,50.315,50.3559,50.3997,50.4467,50.4974,50.5522,50.6117,50.6763,50.7468,50.8236,50.9075,50.9992,51.0995,51.2093,51.3295,51.4612,51.6053,51.7632,51.9362,52.1259,52.3341,52.5623,52.8113,53.0814,53.3737,53.6889,54.0278,54.3916,54.7803,55.1939,55.6318,56.0924,56.5737,57.0731,57.5865,58.1109,58.589,59.5707,57.2616,70.2463,28.4521,145.206
51.2708,51.3,51.3295,51.3597,51.3907,51.4228,51.4563,51.4916,51.529,51.5687,51.6113,51.657,51.7062,51.7596,51.8174,51.8803,51.9489,52.0237,52.1054,52.1948,52.2926,52.3998,52.5171,52.6457,52.7865,52.9408,53.11,53.2957,53.4998,53.7239,53.9684,54.2338,54.5211,54.8308,55.1639,55.5216,55.9038,56.3105,56.741,57.1938,57.6669,58.1575,58.6616,59.1763,59.641,60.6288,58.2325,71.462,29.0271,146.546
52.5306,52.5589,52.5874,52.6166,52.6466,52.6777,52.7102,52.7444,52.7806,52.8192,52.8605,52.9048,52.9526,53.0044,53.0606,53.1218,53.1884,53.2612,53.3407,53.4278,53.5231,53.6275,53.7419,53.8673,54.0047,54.1553,54.3206,54.5022,54.7021,54.9218,55.1619,55.4225,55.7045,56.0086,56.3357,56.687,57.0623,57.4618,57.8846,58.3292,58.7936,59.2749,59.7691,60.2737,60.7243,61.7189,59.2297,72.7191,29.6052,147.921
53.8292,53.8566,53.8841,53.9123,53.9413,53.9714,54.0028,54.036,54.071,54.1084,54.1484,54.1914,54.2377,54.288,54.3425,54.4019,54.4666,54.5374,54.6147,54.6993,54.7921,54.8937,55.0051,55.1273,55.2612,55.408,55.5692,55.7465,55.942,56.1574,56.3929,56.6485,56.925,57.2233,57.5442,57.8888,58.2569,58.6488,59.0636,59.4996,59.9549,60.4264,60.9103,61.4043,61.8397,62.842,60.2537,74.0196,30.1852,149.332
55.1677,55.1941,55.2207,55.2479,55.2759,55.305,55.3354,55.3674,55.4013,55.4375,55.4762,55.5178,55.5627,55.6114,55.6643,55.7218,55.7846,55.8533,55.9284,56.0106,56.1007,56.1996,56.3079,56.4268,56.5571,56.7,56.857,57.0299,57.2209,57.4318,57.6625,57.913,58.184,58.4762,58.7906,59.1282,59.4889,59.8729,60.2792,60.7062,61.1519,61.6132,62.0861,62.5691,62.9884,63.9993,61.3054,75.3654,30.7655,150.78
56.5473,56.5727,56.5984,56.6246,56.6516,56.6797,56.709,56.74,56.7727,56.8077,56.8451,56.8853,56.9288,56.9759,57.0271,57.0829,57.1437,57.2103,57.2831,57.3629,57.4503,57.5463,57.6516,57.767,57.8937,58.0326,58.1853,58.3536,58.5398,58.7463,58.9722,59.2174,59.4826,59.7685,60.0761,60.4065,60.7595,61.1351,61.5326,61.9501,62.3857,62.8364,63.2978,63.7691,64.1713,65.1919,62.3852,76.7588,31.3447,152.267
57.9692,57.9937,58.0184,58.0436,58.0697,58.0967,58.125,58.1548,58.1865,58.2202,58.2563,58.2952,58.3372,58.3827,58.4322,58.4862,58.5451,58.6095,58.6801,58.7574,58.8422,58.9352,59.0373,59.1494,59.2722,59.4071,59.5552,59.7188,59.9002,60.1021,60.3231,60.5628,60.822,61.1015,61.4021,61.7249,62.0698,62.4367,62.825,63.2327,63.6577,64.097,64.5465,65.0056,65.3895,66.421,63.4938,78.2019,31.9209,153.793
59.4346,59.4581,59.4819,59.5062,59.5312,59.5573,59.5845,59.6133,59.6437,59.6762,59.7111,59.7486,59.7891,59.8331,59.8809,59.933,59.99,60.0523,60.1206,60.1954,60.2775,60.3676,60.4665,60.575,60.6941,60.8247,60.9682,61.1267,61.3032,61.5004,61.7164,61.9507,62.2037,62.4764,62.7697,63.0847,63.4211,63.7791,64.1576,64.555,64.9689,65.3964,65.8331,66.2795,66.6441,67.6878,64.6316,79.697,32.492,155.36
60.9448,60.9674,60.9901,61.0135,61.0376,61.0626,61.0888,61.1165,61.1458,61.1771,61.2107,61.2469,61.2859,61.3283,61.3745,61.4248,61.4798,61.54,61.6059,61.6782,61.7576,61.8447,61.9404,62.0454,62.1605,62.2868,62.4256,62.5789,62.75,62.9427,63.1537,63.3822,63.6289,63.8946,64.1804,64.4872,64.8149,65.1634,65.5318,65.9183,66.3207,66.7357,67.1591,67.5921,67.9361,68.9936,65.7993,81.2467,33.0556,156.968
62.5009,62.5226,62.5444,62.5669,62.59,62.6141,62.6393,62.6659,62.6941,62.7242,62.7565,62.7913,62.8289,62.8698,62.9143,62.9628,63.0158,63.0739,63.1375,63.2072,63.2839,63.3681,63.4604,63.5618,63.673,63.7949,63.9287,64.0765,64.2422,64.4302,64.6362,64.8588,65.099,65.3575,65.6355,65.9338,66.2523,66.5909,66.9488,67.324,67.7142,68.1162,68.5256,68.9447,69.2667,70.3397,66.9975,82.8538,33.6091,158.62
64.1045,64.1253,64.1462,64.1677,64.1899,64.213,64.2372,64.2627,64.2898,64.3187,64.3498,64.3833,64.4195,64.4588,64.5016,64.5484,64.5994,64.6553,64.7167,64.7839,64.8578,64.9389,65.028,65.1258,65.2329,65.3503,65.4789,65.621,65.7809,65.9645,66.1653,66.382,66.6154,66.8665,67.1363,67.4257,67.7348,68.0632,68.41,68.7734,69.1508,69.5392,69.9339,70.3383,70.637,71.7276,68.2264,84.5211,34.1495,160.315
65.7567,65.7766,65.7966,65.8172,65.8385,65.8606,65.8839,65.9083,65.9344,65.9621,65.992,66.0242,66.059,66.0968,66.138,66.1829,66.2321,66.2859,66.3449,66.4096,66.4807,66.5588,66.6446,66.7387,66.8418,66.9545,67.0779,67.2139,67.3675,67.5468,67.7425,67.9531,68.1795,68.4229,68.6842,68.9646,69.2636,69.5814,69.9168,70.2677,70.6318,71.0059,71.3852,71.7745,72.0482,73.1586,69.4868,86.2516,34.6732,162.056
67.459,67.478,67.4972,67.517,67.5373,67.5585,67.5807,67.6042,67.6292,67.6558,67.6844,67.7153,67.7488,67.7852,67.8248,67.868,67.9153,67.967,68.0237,68.0859,68.1542,68.2293,68.3117,68.4021,68.5011,68.6092,68.7271,68.8566,69.0034,69.1787,69.3693,69.5737,69.7929,70.0283,70.2809,70.5517,70.8405,71.1471,71.4705,71.8085,72.1587,72.5178,72.8809,73.2544,73.5015,74.6342,70.7787,88.0487,35.1766,163.844
69.2129,69.231,69.2494,69.2683,69.2877,69.308,69.3293,69.3518,69.3757,69.4012,69.4287,69.4583,69.4905,69.5254,69.5635,69.6051,69.6504,69.7001,69.7545,69.8142,69.8797,69.9518,70.0309,70.1176,70.2124,70.3157,70.428,70.5507,70.69,70.8616,71.0473,71.2452,71.457,71.6841,71.9277,72.1887,72.4668,72.7618,73.0727,73.3971,73.7327,74.0762,74.4222,74.7793,74.9979,76.156,72.1028,89.9158,35.6552,165.68
71.0198,71.0372,71.0547,71.0727,71.0913,71.1107,71.1311,71.1525,71.1754,71.1999,71.2262,71.2546,71.2854,71.319,71.3557,71.3957,71.4392,71.4868,71.5389,71.5961,71.6589,71.7279,71.8036,71.8866,71.9773,72.0759,72.1824,72.2978,72.4284,72.5972,72.7779,72.9693,73.1735,73.392,73.6262,73.8769,74.1439,74.4269,74.7246,75.035,75.3553,75.6824,76.0107,76.3507,76.5389,77.7256,73.4592,91.8569,36.1042,167.565
72.8814,72.8979,72.9147,72.9319,72.9497,72.9682,72.9877,73.0082,73.03,73.0534,73.0785,73.1057,73.1352,73.1675,73.2028,73.2414,73.2832,73.3289,73.3787,73.4334,73.4935,73.5594,73.6317,73.711,73.7975,73.8913,73.9921,74.0996,74.22,74.387,74.5628,74.7475,74.9438,75.1535,75.378,75.6181,75.8735,76.1439,76.428,76.7237,77.0281,77.338,77.6476,77.9699,78.1255,79.3446,74.848,93.8758,36.5179,169.502
74.7992,74.8151,74.8311,74.8476,74.8645,74.8823,74.9008,74.9204,74.9412,74.9634,74.9873,75.0131,75.0413,75.0722,75.1064,75.1439,75.1842,75.2279,75.2755,75.3277,75.3849,75.4479,75.5168,75.5923,75.6746,75.7637,75.8588,75.9581,76.0659,76.2326,76.4038,76.5816,76.7697,76.9703,77.1847,77.4137,77.6571,77.9144,78.1844,78.4646,78.7524,79.0444,79.3344,79.6384,79.759,81.0148,76.2695,95.9769,36.8903,171.49
76.7752,76.7904,76.8056,76.8214,76.8376,76.8545,76.8723,76.8911,76.911,76.932,76.9546,76.9789,77.0055,77.0348,77.0677,77.1048,77.1438,77.1856,77.2311,77.2808,77.3352,77.3951,77.4606,77.5324,77.6106,77.695,77.7844,77.8753,77.9671,78.1359,78.3025,78.4732,78.6529,78.8439,79.0479,79.2654,79.4964,79.7401,79.9952,80.2594,80.5298,80.803,81.0726,81.3576,81.4406,82.7385,77.7224,98.1657,37.2167,173.533
78.8111,78.8257,78.8402,78.8552,78.8707,78.8868,78.9037,78.9219,78.9414,78.9613,78.9825,79.0052,79.0298,79.0566,79.0876,79.126,79.164,79.2041,79.2473,79.2945,79.3462,79.4029,79.4651,79.5331,79.6071,79.6869,79.771,79.854,79.9245,80.0988,80.2609,80.4242,80.5953,80.7765,80.9695,81.1753,81.3933,81.6228,81.8626,82.1101,82.3625,82.6162,82.8643,83.1301,83.1713,84.522,79.1962,100.479,37.4712,175.631
80.9094,80.9231,80.937,80.9509,80.9652,80.9798,80.9949,81.0108,81.0321,81.0509,81.0704,81.091,81.1128,81.1356,81.159,81.2022,81.2394,81.277,81.317,81.3606,81.4083,81.4606,81.5178,81.5804,81.6485,81.7218,81.7989,81.8743,81.911,82.0906,82.2457,82.3975,82.5551,82.7211,82.8975,83.0848,83.2826,83.49,83.7056,83.9267,84.1504,84.373,84.5868,84.8217,84.797,86.2273,80.4224,103.006,36.6774,177.786
83.1046,83.118,83.1316,83.1452,83.1591,83.1732,83.1877,83.1877,83.2247,83.2432,83.2621,83.282,83.3028,83.3243,83.3243,83.3899,83.4269,83.4636,83.5027,83.5451,83.5914,83.6422,83.6978,83.7586,83.8247,83.8959,83.9707,84.0434,84.0434,84.2503,84.403,84.551,84.7042,84.8651,85.0358,85.2171,85.4081,85.6081,85.8156,86.028,86.2421,86.4544,86.6567,86.8813,86.8346,88.2914,82.3269,105.344,37.9085,180
