SPACE_POINTS_X
50,52.248,54.4054,56.4764,58.4649,60.3746,62.2092,63.9722,65.6669,67.2965,68.864,70.3726,71.825,73.2239,74.5721,75.8721,77.1264,78.3373,79.5071,80.6381,81.7323,82.792,83.819,84.8153,85.7829,86.7235,87.6389,88.5309,89.4011,90.2513,91.0829,91.8977,92.6971,93.4826,94.2559,95.0182,95.771,96.5159,97.2541,97.9872,98.7164,99.4432,100.169,100.895,101.623,102.354,103.089,103.83,104.578,105.335,106.103,106.881,107.673,108.48,109.302,110.142,111.001,111.882,112.784,113.711,114.664,115.645,116.655,117.697,118.773,119.884,121.033,122.221,123.452,124.727,126.049,127.421,128.844,130.323,131.858,133.454,135.114,136.84,138.636,140.505,142.451,144.477,146.588,148.787,151.079,153.467,155.957,158.553,161.259,164.082,167.027,170.098,173.303,176.646,180.135,183.776,187.575,191.541,195.68,200
SPACE_POINTS_Y
0,0.00225896,0.0045379,0.00685695,0.00923661,0.0116979,0.0142626,0.0169534,0.0197941,0.0228097,0.026027,0.0294743,0.0331822,0.0371834,0.0415133,0.0462101,0.0513154,0.0568744,0.0629361,0.0695541,0.076787,0.0846987,0.093359,0.102845,0.113239,0.124635,0.137133,0.150842,0.165885,0.182395,0.200517,0.220411,0.242254,0.266238,0.292575,0.321499,0.353265,0.388154,0.426473,0.468563,0.514795,0.565577,0.621359,0.682633,0.749942,0.82388,0.9051,0.994322,1.09233,1.2
VALUES
0,0,0,0,0,0,0,0,0,0,0,0,0,0,0,0,0,0,0,0,0,0,0,0,0,0,0,0,0,0,0,0,0,0,0,0,0,0,0,0,0,0,0,0,0,0,0,0,0,0
0,9.86885e-50,1.10474e-49,1.38894e-49,1.98828e-49,3.37574e-49,7.45521e-49,3.98918e-48,1.66298e-46,1.27226e-44,9.27362e-43,6.09563e-41,3.61236e-39,1.94119e-37,9.51741e-36,4.2805e-34,1.77386e-32,6.79662e-31,2.41392e-29,7.96097e-28,2.44043e-26,6.95654e-25,1.84361e-23,4.53933e-22,1.03718e-20,2.19554e-19,4.29692e-18,7.7554e-17,1.28702e-15,1.95702e-14,2.71588e-13,3.42427e-12,3.90271e-11,3.99814e-10,3.65907e-09,2.97197e-08,2.12782e-07,1.33401e-06,7.28027e-06,3.44309e-05,0.000140801,0.000498465,0.00153981,0.00428568,0.0121556,0.0454703,0.229176,1.14275,5.38625,52.248
0,1.129e-47,1.26195e-47,1.57981e-47,2.24339e-47,3.75173e-47,7.92501e-47,2.84206e-46,5.07839e-45,2.8846e-43,1.83107e-41,1.08561e-39,5.88997e-38,2.92329e-36,1.33158e-34,5.58749e-33,2.16703e-31,7.78875e-30,2.59938e-28,8.06535e-27,2.32809e-25,6.25206e-24,1.56129e-22,3.62208e-21,7.79514e-20,1.55333e-18,2.85933e-17,4.84873e-16,7.55013e-15,1.07557e-13,1.39593e-12,1.64284e-11,1.74415e-10,1.66103e-09,1.41049e-08,1.06139e-07,7.03477e-07,4.08417e-06,2.06796e-05,9.10875e-05,0.000348968,0.00116597,0.00342098,0.009008,0.0233861,0.0782127,0.381843,1.93625,8.35839,54.4054
0,1.16229e-45,1.29713e-45,1.61682e-45,2.27759e-45,3.75388e-45,7.67637e-45,2.30286e-44,2.01543e-43,7.15398e-42,3.75516e-40,1.96912e-38,9.67522e-37,4.40306e-35,1.85352e-33,7.22701e-32,2.61475e-30,8.79269e-29,2.75142e-27,8.01732e-26,2.17575e-24,5.49722e-23,1.29201e-21,2.82107e-20,5.71247e-19,1.07039e-17,1.85106e-16,2.94522e-15,4.29621e-14,5.72224e-13,6.92761e-12,7.58481e-11,7.46886e-10,6.57572e-09,5.1445e-08,3.5547e-07,2.15714e-06,1.14441e-05,5.29287e-05,0.000213317,0.000750964,0.00232127,0.00635111,0.0156384,0.0370905,0.10855,0.494164,2.53421,10.7841,56.4764
0,1.07961e-43,1.20291e-43,1.49278e-43,2.08604e-43,3.38974e-43,6.74154e-43,1.8384e-42,1.02199e-41,2.0326e-40,8.13961e-39,3.66417e-37,1.60605e-35,6.63757e-34,2.56438e-32,9.24079e-31,3.10519e-29,9.73308e-28,2.84646e-26,7.76678e-25,1.97642e-23,4.68662e-22,1.03428e-20,2.12076e-19,4.03177e-18,7.08847e-17,1.14912e-15,1.71173e-14,2.33379e-13,2.89953e-12,3.26663e-11,3.31922e-10,3.02418e-09,2.45561e-08,1.76604e-07,1.11835e-06,6.2044e-06,3.00488e-05,0.000126879,0.000467765,0.00151244,0.00431966,0.011001,0.0253429,0.0554612,0.142467,0.587206,2.99964,12.7928,58.4649
0,9.06911e-42,1.00879e-41,1.24629e-41,1.72764e-41,2.76855e-41,5.36775e-41,1.37281e-40,5.88208e-40,6.83559e-39,1.91112e-37,7.0838e-36,2.71513e-34,1.00705e-32,3.54163e-31,1.17225e-29,3.64057e-28,1.05931e-26,2.88514e-25,7.34874e-24,1.74858e-22,3.88136e-21,8.02339e-20,1.54132e-18,2.74473e-17,4.51761e-16,6.84954e-15,9.53011e-14,1.21158e-12,1.40069e-11,1.4648e-10,1.37778e-09,1.15853e-08,8.65478e-08,5.7094e-07,3.30782e-06,1.67605e-05,7.41051e-05,0.000286012,0.000966803,0.00288012,0.00762667,0.018138,0.0392575,0.0801891,0.18368,0.674258,3.37646,14.4816,60.3746
0,6.9039e-40,7.66607e-40,9.42776e-40,1.29639e-39,2.04919e-39,3.87901e-39,9.4321e-39,3.45075e-38,2.66897e-37,4.96391e-36,1.44215e-34,4.71309e-33,1.54628e-31,4.90298e-30,1.4802e-28,4.22531e-27,1.13618e-25,2.87091e-24,6.80329e-23,1.50909e-21,3.127e-20,6.03898e-19,1.08417e-17,1.80406e-16,2.77313e-15,3.92299e-14,5.0858e-13,6.01392e-12,6.45308e-11,6.24804e-10,5.42601e-09,4.20018e-08,2.88011e-07,1.73938e-06,9.20777e-06,4.25935e-05,0.000172048,0.000608138,0.00189068,0.00521002,0.0128482,0.028662,0.0585684,0.112746,0.234659,0.763734,3.69524,15.9232,62.2092
0,4.77111e-38,5.28821e-38,6.47333e-38,8.82929e-38,1.37686e-37,2.54737e-37,5.93147e-37,1.94778e-36,1.13606e-35,1.43189e-34,3.12702e-33,8.46639e-32,2.41562e-30,6.83015e-29,1.86599e-27,4.86636e-26,1.20337e-24,2.80933e-23,6.17152e-22,1.27208e-20,2.45334e-19,4.41424e-18,7.3866e-17,1.14559e-15,1.64042e-14,2.15971e-13,2.60214e-12,2.85459e-11,2.83549e-10,2.53511e-09,2.02743e-08,1.44124e-07,9.05211e-07,4.9969e-06,2.41502e-05,0.000102013,0.000376986,0.00122357,0.00351135,0.00898908,0.0207401,0.0436012,0.084512,0.154477,0.29714,0.860962,3.97731,17.1728,63.9722
0,2.99781e-36,3.31644e-36,4.04051e-36,5.46615e-36,8.41032e-36,1.52206e-35,3.40871e-35,1.03079e-34,4.93979e-34,4.49149e-33,7.25039e-32,1.58317e-30,3.85675e-29,9.60626e-28,2.35443e-26,5.57282e-25,1.2606e-23,2.70704e-22,5.49176e-21,1.04829e-19,1.87586e-18,3.1354e-17,4.87672e-16,7.03022e-15,9.3529e-14,1.14294e-12,1.27641e-11,1.29554e-10,1.18806e-09,9.78243e-09,7.18634e-08,4.68073e-07,2.68785e-06,1.35465e-05,5.97612e-05,0.00023073,0.000781726,0.00233718,0.00621585,0.0148491,0.0322026,0.0640852,0.118342,0.206615,0.37239,0.969287,4.23752,18.2721,65.6669
0,1.71483e-34,1.89337e-34,2.29564e-34,3.08012e-34,4.67631e-34,8.28359e-34,1.78962e-33,5.05639e-33,2.09801e-32,1.47551e-31,1.78387e-30,3.08696e-29,6.31063e-28,1.36729e-26,2.97894e-25,6.35488e-24,1.30764e-22,2.57094e-21,4.79719e-20,8.44975e-19,1.39837e-17,2.16462e-16,3.1203e-15,4.16935e-14,5.1391e-13,5.81301e-12,6.00066e-11,5.61962e-10,4.74474e-09,3.58856e-08,2.41572e-07,1.43875e-06,7.54277e-06,3.46866e-05,0.000139742,0.000493929,0.00153845,0.00425246,0.0105258,0.0235706,0.0482619,0.0913073,0.161288,0.270263,0.461336,1.09075,4.48615,19.2531,67.2965
0,8.94051e-33,9.85128e-33,1.18856e-32,1.5815e-32,2.36937e-32,4.11025e-32,8.58507e-32,2.2869e-31,8.48003e-31,4.8849e-30,4.57031e-29,6.24857e-28,1.05818e-26,1.97117e-25,3.78295e-24,7.22157e-23,1.34396e-21,2.40757e-20,4.11471e-19,6.66301e-18,1.01631e-16,1.45237e-15,1.93445e-14,2.38881e-13,2.72013e-12,2.83987e-11,2.70206e-10,2.32827e-09,1.80502e-08,1.2508e-07,7.69874e-07,4.18556e-06,2.00143e-05,8.39829e-05,0.00030933,0.00100324,0.00288215,0.00739469,0.0171095,0.0360746,0.0700401,0.126481,0.214505,0.346368,0.564624,1.2265,4.7303,20.1403,68.864
0,4.25255e-31,4.67585e-31,5.61316e-31,7.40629e-31,1.09497e-30,1.86098e-30,3.76425e-30,9.51165e-30,3.21527e-29,1.58135e-28,1.18974e-27,1.29885e-26,1.81159e-25,2.87492e-24,4.81979e-23,8.17688e-22,1.36845e-20,2.22277e-19,3.46478e-18,5.13843e-17,7.1987e-16,9.46614e-15,1.16134e-13,1.32137e-12,1.3859e-11,1.33158e-10,1.16443e-09,9.20605e-09,6.53611e-08,4.13999e-07,2.32541e-06,1.1526e-05,5.02509e-05,0.000192535,0.00064953,0.00193854,0.0051556,0.0123297,0.0267843,0.0534032,0.0987176,0.170792,0.279043,0.435703,0.682661,1.3771,4.97475,20.9525,70.3726
0,1.84686e-29,2.02624e-29,2.41996e-29,3.16597e-29,4.61906e-29,7.69375e-29,1.50909e-28,3.63305e-28,1.13435e-27,4.90293e-27,3.07206e-26,2.73007e-25,3.14257e-24,4.22656e-23,6.14909e-22,9.21391e-21,1.37916e-19,2.0216e-18,2.86199e-17,3.87249e-16,4.96535e-15,5.98818e-14,6.74544e-13,7.04976e-12,6.79003e-11,5.98617e-10,4.79734e-09,3.47053e-08,2.2509e-07,1.30045e-06,6.65577e-06,3.00541e-05,0.000119496,0.000418631,0.00129672,0.00357337,0.00883303,0.0197752,0.0405073,0.0766903,0.135491,0.225363,0.355808,0.538851,0.815639,1.54269,5.22271,21.7042,71.825
0,7.3284e-28,8.02188e-28,9.53052e-28,1.23616e-27,1.77975e-27,2.90609e-27,5.53336e-27,1.27338e-26,3.70602e-26,1.43635e-25,7.71224e-25,5.70472e-24,5.46548e-23,6.22544e-22,7.82696e-21,1.03072e-19,1.37325e-18,1.80852e-17,2.31596e-16,2.84837e-15,3.33098e-14,3.67197e-13,3.78576e-12,3.623e-11,3.19479e-10,2.57684e-09,1.88723e-08,1.24602e-07,7.36577e-07,3.87477e-06,1.80509e-05,7.42459e-05,0.000269475,0.000864947,0.00246742,0.00630165,0.0145387,0.0306013,0.059355,0.107125,0.181532,0.291208,0.445548,0.65621,0.963557,1.72308,5.47622,22.4068,73.2239
0,2.65831e-26,2.90299e-26,3.43053e-26,4.41093e-26,6.26671e-26,1.00335e-25,1.85615e-25,4.09361e-25,1.11793e-24,3.9412e-24,1.85391e-23,1.16614e-22,9.41433e-22,9.11327e-21,9.88728e-20,1.14045e-18,1.34719e-17,1.5878e-16,1.83235e-15,2.04113e-14,2.16962e-13,2.17908e-12,2.0497e-11,1.79068e-10,1.44136e-09,1.06058e-08,7.07949e-08,4.25571e-07,2.28849e-06,1.0947e-05,4.63967e-05,0.000173924,0.000577167,0.00170184,0.0044866,0.0106624,0.0230575,0.0458208,0.0844942,0.14591,0.237947,0.369215,0.548834,0.787989,1.12624,1.91788,5.73649,23.0693,74.5721
0,8.81861e-25,9.60677e-25,1.12906e-24,1.43895e-24,2.01726e-24,3.16744e-24,5.69727e-24,1.20662e-23,3.10747e-23,1.00699e-22,4.22021e-22,2.30002e-21,1.58636e-20,1.31362e-19,1.23136e-18,1.2421e-17,1.29732e-16,1.36398e-15,1.41378e-14,1.42169e-13,1.36916e-12,1.24893e-11,1.06852e-10,8.49617e-10,6.22448e-09,4.16691e-08,2.52884e-07,1.38118e-06,6.74598e-06,2.93205e-05,0.000113076,0.000386786,0.00117624,0.00319624,0.00781709,0.0173588,0.0353346,0.0665677,0.117145,0.194225,0.305744,0.460119,0.666067,0.934229,1.30339,2.12655,6.00417,23.6984,75.8721
0,2.67619e-23,2.90799e-23,3.39863e-23,4.29283e-23,5.93798e-23,9.14488e-23,1.60027e-22,3.26006e-22,7.94827e-22,2.38618e-21,9.02478e-21,4.32855e-20,2.58528e-19,1.84657e-18,1.50062e-17,1.32401e-16,1.22078e-15,1.14222e-14,1.06042e-13,9.59819e-13,8.34989e-12,6.8971e-11,5.35135e-10,3.86172e-09,2.56805e-08,1.56014e-07,8.58955e-07,4.25522e-06,1.88576e-05,7.446e-05,0.000261516,0.000817804,0.00228561,0.00574427,0.0130861,0.0272682,0.0524641,0.0940671,0.158544,0.253185,0.385809,0.564496,0.797477,1.09482,1.49455,2.34841,6.2795,24.2998,77.1264
0,7.43062e-22,8.05308e-22,9.35821e-22,1.17135e-21,1.59857e-21,2.41495e-21,4.11338e-21,8.07139e-21,1.86871e-20,5.22885e-20,1.80243e-19,7.70522e-19,4.0344e-18,2.50793e-17,1.77556e-16,1.37257e-15,1.1168e-14,9.28469e-14,7.70376e-13,6.26064e-12,4.90677e-11,3.66016e-10,2.56845e-09,1.67771e-08,1.01019e-07,5.55715e-07,2.7706e-06,1.24343e-05,4.9977e-05,0.000179365,0.000574589,0.00164688,0.00424423,0.0099043,0.0211051,0.0414408,0.0756667,0.129599,0.209901,0.323813,0.478885,0.682761,0.943139,1.26951,1.69921,2.58276,6.56243,24.8778,78.3373
0,1.88773e-20,2.04032e-20,2.35721e-20,2.92343e-20,3.93598e-20,5.83308e-20,9.67483e-20,1.83064e-19,4.0348e-19,1.05726e-18,3.3474e-18,1.28856e-17,5.97834e-17,3.26301e-16,2.02409e-15,1.37476e-14,9.87777e-14,7.29163e-13,5.39885e-12,3.93135e-11,2.76954e-10,1.86115e-09,1.17833e-08,6.95043e-08,3.78116e-07,1.88003e-06,8.47667e-06,3.44422e-05,0.00012558,0.000410155,0.00120109,0.00316504,0.00754975,0.0164264,0.0328797,0.0610868,0.106258,0.174459,0.272367,0.407015,0.585567,0.815173,1.10299,1.45794,1.91678,2.82882,6.85274,25.4359,79.5071
0,4.38757e-19,4.72896e-19,5.43099e-19,6.67295e-19,8.8625e-19,1.28852e-18,2.08183e-18,3.80215e-18,7.9939e-18,1.96909e-17,5.76133e-17,2.01365e-16,8.35434e-16,4.03647e-15,2.207e-14,1.32171e-13,8.39873e-13,5.50524e-12,3.6341e-11,2.36755e-10,1.49637e-09,9.04027e-09,5.15306e-08,2.7393e-07,1.34403e-06,6.03182e-06,2.45762e-05,9.04073e-05,0.000299312,0.000891338,0.00239282,0.00581784,0.0128969,0.0262733,0.049607,0.0875509,0.145609,0.229918,0.347003,0.50356,0.706299,0.961848,1.27683,1.65969,2.1466,3.08583,7.15007,25.9769,80.6381
0,9.32781e-18,1.00246e-17,1.1443e-17,1.39273e-17,1.8245e-17,2.60245e-17,4.09709e-17,7.22824e-17,1.45215e-16,3.37293e-16,9.16507e-16,2.92807e-15,1.09472e-14,4.71666e-14,2.28651e-13,1.21213e-12,6.82636e-12,3.97597e-11,2.33914e-10,1.36199e-09,7.71182e-09,4.18164e-08,2.14233e-07,1.0247e-06,4.52856e-06,1.83295e-05,6.74787e-05,0.000224899,0.000677198,0.00184351,0.00455216,0.0102524,0.0212105,0.0406302,0.0726593,0.122279,0.195111,0.29719,0.434755,0.61408,0.84138,1.12277,1.46439,1.87425,2.38803,3.35302,7.45402,26.5031,81.7323
0,1.81321e-16,1.94285e-16,2.20406e-16,2.65693e-16,3.43286e-16,4.80405e-16,7.37137e-16,1.25713e-15,2.41672e-15,5.30669e-15,1.34453e-14,3.9481e-14,1.33879e-13,5.17714e-13,2.23749e-12,1.05424e-11,5.27502e-11,2.73324e-10,1.43335e-09,7.45493e-09,3.77773e-08,1.83624e-07,8.44452e-07,3.63034e-06,1.44405e-05,5.27039e-05,0.00017541,0.000530436,0.00145609,0.00363507,0.00828787,0.0173631,0.0336683,0.060899,0.103556,0.166777,0.256128,0.377399,0.536441,0.739061,0.990976,1.29782,1.66531,2.10107,2.64039,3.62965,7.76413,27.0164,82.792
0,3.22113e-15,3.44083e-15,3.87888e-15,4.6306e-15,5.90026e-15,8.10098e-15,1.21178e-14,1.99888e-14,3.68159e-14,7.65882e-14,1.81538e-13,4.92194e-13,1.52201e-12,5.31235e-12,2.05726e-11,8.64943e-11,3.85563e-10,1.77997e-09,8.32524e-09,3.86735e-08,1.75293e-07,7.63198e-07,3.14814e-06,1.21575e-05,4.35208e-05,0.000143301,0.000431736,0.00118712,0.00297976,0.00684696,0.014474,0.028329,0.0517087,0.0886784,0.143926,0.222571,0.329969,0.471558,0.652743,0.878851,1.15513,1.48679,1.87917,2.33959,2.90304,3.91502,8.07996,27.5183,83.819
0,5.22588e-14,5.56469e-14,6.23291e-14,7.36789e-14,9.25752e-14,1.24703e-13,1.81882e-13,2.90345e-13,5.12888e-13,1.01268e-12,2.2519e-12,5.6587e-12,1.60306e-11,5.07487e-11,1.76905e-10,6.66202e-10,2.65304e-09,1.09319e-08,4.56454e-08,1.89437e-07,7.67947e-07,2.99403e-06,1.1075e-05,3.84218e-05,0.000123848,0.000368356,0.00100664,0.00252398,0.00581368,0.0123464,0.0243044,0.0446376,0.0770212,0.12573,0.195462,0.291158,0.41785,0.580551,0.784204,1.03368,1.33379,1.68939,2.10552,2.58926,3.17534,4.20849,8.4011,28.0102,84.8153
0,7.73609e-13,8.21092e-13,9.13694e-13,1.06935e-12,1.32481e-12,1.75086e-12,2.49038e-12,3.84908e-12,6.52719e-12,1.22512e-11,2.56187e-11,5.98581e-11,1.55957e-10,4.49701e-10,1.41687e-09,4.79629e-09,1.71111e-08,6.30547e-08,2.35325e-07,8.7314e-07,3.16674e-06,1.10583e-05,3.66949e-05,0.000114443,0.000332587,0.0008953,0.00222539,0.00510575,0.0108358,0.0213614,0.0393354,0.0680885,0.111519,0.173932,0.259873,0.373978,0.520876,0.705131,0.931237,1.20364,1.52681,1.90529,2.34389,2.84952,3.4567,4.50945,8.72713,28.4933,85.7829
0,1.04381e-11,1.10419e-11,1.22057e-11,1.41418e-11,1.72735e-11,2.23974e-11,3.10731e-11,4.65187e-11,7.5791e-11,1.35416e-10,2.66833e-10,5.81305e-10,1.39764e-09,3.68438e-09,1.05307e-08,3.21499e-08,1.03033e-07,3.40256e-07,1.13672e-06,3.77463e-06,1.22579e-05,3.8369e-05,0.000114327,0.000320988,0.000842716,0.00205874,0.00467038,0.00984443,0.0193352,0.0355458,0.0615063,0.100775,0.157294,0.23523,0.338839,0.472373,0.640021,0.845913,1.09413,1.38877,1.734,2.13414,2.59382,3.11984,3.74658,4.81739,9.05773,28.9685,86.7235
0,1.28197e-10,1.35148e-10,1.48389e-10,1.70184e-10,2.04931e-10,2.60704e-10,3.52839e-10,5.11853e-10,8.01832e-10,1.36543e-09,2.5399e-09,5.17159e-09,1.1508e-08,2.78253e-08,7.23866e-08,1.99928e-07,5.77106e-07,1.71172e-06,5.1279e-06,1.52609e-05,4.44313e-05,0.000124833,0.000334549,0.000847377,0.00201526,0.00448317,0.00931946,0.018128,0.0331055,0.0570227,0.0931344,0.145045,0.216563,0.311578,0.43397,0.587565,0.776126,1.00338,1.27307,1.589,1.95511,2.37555,2.85486,3.39975,4.0445,5.13184,9.39259,29.4367,87.6389
0,1.4308e-09,1.50311e-09,1.63912e-09,1.86065e-09,2.20873e-09,2.75685e-09,3.64046e-09,5.11939e-09,7.71633e-09,1.25377e-08,2.20518e-08,4.20561e-08,8.68412e-08,1.93156e-07,4.58745e-07,1.1496e-06,2.99689e-06,8.00201e-06,2.15395e-05,5.75553e-05,0.0001505,0.000380279,0.000918762,0.00210539,0.00455142,0.00925747,0.0177139,0.0319505,0.0545164,0.0883951,0.136879,0.203437,0.291601,0.404889,0.546767,0.720642,0.929893,1.17791,1.46815,1.80421,2.18986,2.62916,3.12658,3.6888,4.35003,5.45241,9.73147,29.8987,88.5309
0,1.44834e-08,1.51609e-08,1.64188e-08,1.84458e-08,2.15846e-08,2.64341e-08,3.40642e-08,4.64537e-08,6.74156e-08,1.04628e-07,1.7426e-07,3.11895e-07,5.99045e-07,1.229e-06,2.67233e-06,6.09327e-06,1.43837e-05,3.46595e-05,8.40211e-05,0.000202031,0.000475581,0.00108353,0.00236716,0.00492512,0.0097182,0.0181562,0.0321369,0.0540206,0.0865469,0.132718,0.195676,0.278607,0.384673,0.516984,0.678597,0.872549,1.10189,1.36975,1.67939,2.03424,2.43799,2.89462,3.4086,3.98662,4.66282,5.77878,10.0742,30.3554,89.4011
0,1.32652e-07,1.38349e-07,1.48785e-07,1.65422e-07,1.90811e-07,2.29298e-07,2.8841e-07,3.81562e-07,5.33511e-07,7.91672e-07,1.25036e-06,2.1041e-06,3.76734e-06,7.14716e-06,1.42668e-05,2.96808e-05,6.36185e-05,0.000138713,0.000303639,0.000658784,0.00140014,0.00288577,0.00572217,0.0108559,0.0196449,0.033884,0.0557709,0.0878223,0.132764,0.193424,0.272647,0.373244,0.497974,0.649551,0.830677,1.04408,1.29257,1.57909,1.90675,2.27891,2.69921,3.17161,3.70059,4.29287,4.98256,6.11071,10.4206,30.8147,89.4011
7.73276e-07,1.09647e-06,1.13894e-06,1.21625e-06,1.33819e-06,1.52158e-06,1.79437e-06,2.20342e-06,2.82924e-06,3.814e-06,5.41671e-06,8.12385e-06,1.2876e-05,2.15375e-05,3.78761e-05,6.95946e-05,0.000132475,0.000258572,0.000511653,0.00101441,0.00199234,0.0038367,0.00718208,0.0129838,0.0225717,0.0376588,0.0602973,0.0927927,0.137602,0.197241,0.274218,0.370994,0.489982,0.633564,0.804116,1.00406,1.2359,1.50228,1.80602,2.15017,2.53804,2.97327,3.45985,4.00226,4.6073,5.30905,6.44803,10.7705,31.2706,91.0829
6.02643e-06,8.14704e-06,8.42909e-06,8.93781e-06,9.73155e-06,1.0908e-05,1.26252e-05,1.51398e-05,1.88761e-05,2.45511e-05,3.3406e-05,4.76416e-05,7.12454e-05,0.000111569,0.000182329,0.000309222,0.000540155,0.000963081,0.00173521,0.00312699,0.00558099,0.00977952,0.0167055,0.0276765,0.0443345,0.0685906,0.102539,0.148364,0.208268,0.284416,0.378927,0.493876,0.631318,0.793324,0.982022,1.19964,1.44854,1.73127,2.0506,2.40955,2.81146,3.25996,3.75909,4.3134,4.92971,5.64213,6.79064,11.1241,31.7159,91.8977
4.23447e-05,5.41936e-05,5.58457e-05,5.87979e-05,6.33546e-05,7.00108e-05,7.95454e-05,9.31831e-05,0.00011287,0.000141751,0.000184992,0.000251234,0.000355134,0.000521807,0.000794469,0.00124725,0.00200574,0.00327812,0.00539823,0.00887875,0.0144659,0.0231814,0.0363335,0.0554883,0.082404,0.118948,0.167018,0.22849,0.305189,0.398892,0.511347,0.644301,0.799538,0.978918,1.18441,1.41814,1.6824,1.97971,2.31283,2.68481,3.099,3.55909,4.06917,4.63384,5.25999,5.98172,7.13851,11.4813,32.1586,92.6971
0.00026353,0.000321074,0.000329531,0.000344507,0.000367373,0.000400292,0.000446576,0.000511253,0.000602003,0.00073066,0.000915668,0.00118606,0.00158787,0.00219427,0.00312117,0.00455021,0.00676044,0.0101683,0.0153715,0.023187,0.0346708,0.0511055,0.0739544,0.10479,0.145223,0.19684,0.26118,0.339724,0.433922,0.545213,0.675065,0.825005,0.996657,1.19177,1.41224,1.66015,1.93781,2.24774,2.59273,2.97587,3.40056,3.87054,4.38997,4.9635,5.59808,6.32782,7.4917,11.8425,32.5993,93.4826
0.00144378,0.00168358,0.00172098,0.00178661,0.00188574,0.00202641,0.00222055,0.00248568,0.00284742,0.00334339,0.00402902,0.00498624,0.00633613,0.00825664,0.0110064,0.0149541,0.0206111,0.0286615,0.0399795,0.0556244,0.0768081,0.104837,0.141048,0.186748,0.243192,0.311572,0.393044,0.488752,0.599866,0.727614,0.873307,1.03837,1.22437,1.43303,1.66625,1.92613,2.215,2.53544,2.89028,3.28266,3.71605,4.19424,4.72144,5.30236,5.944,6.68049,7.8503,12.2077,33.0387,94.2559
0.00690971,0.00775309,0.00789369,0.00813827,0.00850371,0.00901486,0.00970753,0.0106323,0.0118598,0.0134887,0.0156557,0.0185499,0.0224303,0.027647,0.0346638,0.0440779,0.0566314,0.0732061,0.0947974,0.122468,0.157291,0.200302,0.252473,0.314713,0.387891,0.47287,0.570547,0.681878,0.807907,0.949787,1.1088,1.28635,1.48404,1.70362,1.94702,2.2164,2.51415,2.84288,3.20549,3.60518,4.04546,4.53018,5.06359,5.65046,6.29786,7.03988,8.21451,12.5772,33.4774,95.0182
0.0286127,0.0310583,0.0314978,0.0322555,0.0333756,0.0349201,0.0369755,0.0396592,0.0431272,0.0475849,0.0532995,0.0606133,0.0699572,0.0818616,0.0969588,0.115975,0.139706,0.16898,0.204611,0.247364,0.297932,0.356948,0.425013,0.502734,0.590767,0.689838,0.800771,0.924499,1.06207,1.21468,1.38364,1.57042,1.77666,2.00418,2.25496,2.53121,2.83537,3.17012,3.5384,3.94345,4.38881,4.87841,5.41652,6.00795,6.6598,7.40617,8.58457,12.9514,33.9163,95.771
0.101315,0.106961,0.108065,0.109951,0.11271,0.11646,0.121363,0.127627,0.135513,0.145344,0.157508,0.172458,0.190714,0.212841,0.239435,0.271088,0.308357,0.351741,0.40167,0.458528,0.522685,0.59454,0.674563,0.763315,0.861463,0.969784,1.08917,1.22062,1.36526,1.52435,1.69927,1.89155,2.10288,2.33512,2.59031,2.87071,3.17878,3.51724,3.88907,4.29753,4.74622,5.23907,5.78038,6.37501,7.03007,7.77966,8.96078,13.3306,34.3559,96.5159
0.302363,0.312147,0.314248,0.317809,0.322961,0.329869,0.338743,0.349843,0.363475,0.379982,0.399743,0.423149,0.45059,0.482433,0.519001,0.560566,0.607351,0.659563,0.717426,0.781224,0.851334,0.928242,1.01254,1.10492,1.20618,1.31719,1.43893,1.57249,1.71903,1.87985,2.05638,2.25019,2.46298,2.69663,2.95322,3.235,3.54446,3.88434,4.25762,4.66759,5.11785,5.61235,6.15542,6.75192,7.40898,8.16068,9.34354,13.7152,34.797,97.2541
0.747618,0.758904,0.761594,0.766113,0.772581,0.781132,0.791936,0.805184,0.821085,0.839852,0.861692,0.886795,0.915329,0.947447,0.983299,1.02306,1.06697,1.11535,1.16863,1.22735,1.29213,1.36366,1.44268,1.53001,1.62648,1.73304,1.85066,1.98043,2.12353,2.28125,2.455,2.64633,2.85695,3.08872,3.34369,3.62412,3.93249,4.27152,4.6442,5.0538,5.50393,5.99853,6.54194,7.13902,7.79691,8.54965,9.73327,14.1058,35.2404,97.9872
1.50412,1.50986,1.51139,1.51392,1.5175,1.52216,1.52797,1.53497,1.54327,1.55294,1.56412,1.57697,1.59173,1.60871,1.62834,1.65114,1.67776,1.70892,1.74537,1.78788,1.83725,1.89425,1.95966,2.03429,2.11899,2.21466,2.32227,2.44285,2.57756,2.72763,2.89445,3.07951,3.28448,3.5112,3.76166,4.03811,4.34298,4.67897,5.04904,5.45645,5.90478,6.39797,6.94034,7.53673,8.19429,8.94703,10.1305,14.5028,35.6868,98.7164
2.43405,2.43035,2.42919,2.42723,2.42448,2.42092,2.41658,2.41153,2.40589,2.39983,2.39367,2.38781,2.38278,2.37923,2.37792,2.37968,2.38536,2.39583,2.41196,2.4346,2.46461,2.50286,2.55024,2.60764,2.67598,2.75622,2.84937,2.95648,3.0787,3.21725,3.37348,3.54887,3.74503,3.96374,4.20699,4.47695,4.77603,5.10687,5.47241,5.87586,6.32079,6.81109,7.35107,7.94555,8.60167,9.35337,10.5357,14.9068,36.1371,99.4432
3.22549,3.22039,3.21864,3.21575,3.21173,3.20661,3.20043,3.19329,3.1853,3.17663,3.16749,3.15815,3.14895,3.14027,3.13256,3.12638,3.12237,3.12133,3.12418,3.13198,3.14587,3.16706,3.1968,3.23632,3.28685,3.34962,3.42583,3.51673,3.62356,3.74765,3.89037,4.05322,4.23781,4.44592,4.67949,4.94066,5.23179,5.55549,5.91465,6.31245,6.75241,7.23839,7.77467,8.36603,9.01961,9.76929,10.9496,15.3186,36.5921,100.169
3.81503,3.81715,3.81827,3.82012,3.82269,3.82592,3.82971,3.83394,3.83842,3.8429,3.84709,3.85068,3.85335,3.85488,3.85519,3.85439,3.85284,3.85121,3.8504,3.85159,3.85616,3.86562,3.88163,3.90585,3.93998,3.98568,4.04455,4.11818,4.2081,4.31586,4.44299,4.59112,4.76192,4.9572,5.17893,5.42922,5.71043,6.02513,6.37617,6.7667,7.20018,7.68046,8.21175,8.79883,9.44877,10.1954,11.3729,15.7388,37.0526,100.895
4.53501,4.53779,4.53872,4.54025,4.54234,4.54495,4.54801,4.55146,4.5552,4.55912,4.56309,4.56696,4.57058,4.57375,4.57632,4.57813,4.57909,4.57928,4.579,4.57884,4.57976,4.58307,4.59037,4.60351,4.62449,4.65538,4.69825,4.75512,4.82794,4.91862,5.02901,5.16095,5.3163,5.49698,5.70504,5.94265,6.21216,6.51614,6.85743,7.23915,7.66471,8.13794,8.663,9.24464,9.8899,10.6326,11.8062,16.1681,37.5197,101.623
5.36172,5.36441,5.36271,5.35993,5.35616,5.35152,5.3462,5.34041,5.33444,5.3286,5.32322,5.31859,5.31492,5.31234,5.31078,5.31007,5.30991,5.30996,5.30997,5.30987,5.30991,5.31076,5.31354,5.3198,5.3315,5.35084,5.3802,5.42202,5.47871,5.5526,5.64597,5.761,5.89983,6.06463,6.25758,6.48097,6.73722,7.02894,7.35897,7.73042,8.14669,8.61156,9.12918,9.70424,10.3438,11.0815,12.2505,16.6074,37.9941,102.354
5.99019,6.01019,6.01149,6.01359,6.01642,6.01986,6.02374,6.02785,6.03194,6.03576,6.03906,6.04167,6.0435,6.0446,6.04511,6.04526,6.04526,6.04525,6.04526,6.04524,6.0452,6.04533,6.04619,6.04878,6.05466,6.06584,6.08472,6.11395,6.1563,6.21455,6.29142,6.38952,6.51139,6.65949,6.83628,7.04424,7.28591,7.56399,7.88138,8.2412,8.64686,9.10213,9.61111,10.1785,10.8113,11.5431,12.7065,17.0576,38.4769,103.089
6.73459,6.8023,6.80169,6.80061,6.79916,6.79743,6.7955,6.79352,6.79161,6.7899,6.78851,6.7875,6.78686,6.78653,6.78642,6.7864,6.7864,6.7864,6.7864,6.7864,6.78639,6.78638,6.78658,6.7875,6.79014,6.79608,6.80744,6.82682,6.85715,6.90151,6.96305,7.04482,7.14982,7.28092,7.4409,7.63251,7.85852,8.12179,8.4253,8.77224,9.16606,9.61051,10.1097,10.6683,11.2933,12.0182,13.1753,17.5196,38.9692,103.83
7.32575,7.52884,7.52937,7.5298,7.53037,7.53104,7.53178,7.53252,7.53321,7.5338,7.53425,7.53455,7.53473,7.5348,7.53482,7.53482,7.53482,7.53482,7.53481,7.53481,7.53481,7.5348,7.53482,7.53509,7.53614,7.53902,7.5454,7.55756,7.57833,7.61093,7.65877,7.72534,7.81407,7.92829,8.07119,8.24589,8.45543,8.7029,8.99145,9.32437,9.70517,10.1377,10.626,11.1747,11.7909,12.508,13.6577,17.9944,39.4719,104.578
7.77564,8.29278,8.29352,8.29339,8.2932,8.29299,8.29276,8.29253,8.29233,8.29216,8.29204,8.29196,8.29193,8.29191,8.29191,8.29191,8.29191,8.29191,8.29191,8.29191,8.2919,8.2919,8.2919,8.29195,8.29231,8.29358,8.2969,8.30409,8.31767,8.34074,8.37682,8.42968,8.50316,8.60104,8.72698,8.8845,9.07703,9.30792,9.58057,9.89844,10.2652,10.6846,11.1609,11.6987,12.3051,13.0134,14.155,18.483,39.9862,105.335
7.96196,9.05663,9.0587,9.05875,9.0588,9.05886,9.05892,9.05898,9.05903,9.05907,9.05909,9.05911,9.05912,9.05912,9.05912,9.05912,9.05912,9.05912,9.05911,9.05911,9.05911,9.05911,9.05911,9.05911,9.05921,9.05971,9.0613,9.0653,9.07374,9.08943,9.11578,9.15668,9.21625,9.29869,9.40811,9.54851,9.72373,9.9375,10.1935,10.4954,10.847,11.2524,11.7156,12.2415,12.837,13.5356,14.6681,18.9866,40.5133,106.103
7.92781,9.83432,9.83797,9.83798,9.83797,9.83795,9.83794,9.83793,9.83791,9.83791,9.8379,9.8379,9.8379,9.8379,9.83789,9.83789,9.83789,9.83789,9.83789,9.83789,9.83789,9.83789,9.83788,9.83788,9.8379,9.83807,9.83876,9.84084,9.84582,9.85605,9.87465,9.90543,9.95265,10.0208,10.1145,10.2381,10.396,10.5923,10.831,11.1162,11.4519,11.8422,12.2914,12.8043,13.388,14.0758,15.1983,19.5063,41.0544,106.881
7.85903,10.6253,10.6297,10.6297,10.6297,10.6297,10.6297,10.6297,10.6297,10.6297,10.6297,10.6297,10.6297,10.6297,10.6297,10.6297,10.6297,10.6297,10.6297,10.6297,10.6297,10.6297,10.6297,10.6297,10.6297,10.6297,10.63,10.631,10.6338,10.6402,10.6528,10.6753,10.7119,10.7672,10.8461,10.9536,11.0943,11.273,11.4941,11.762,12.0809,12.4552,12.8894,13.3883,13.9592,14.6354,15.7469,20.0435,41.6107,107.673
7.85903,11.4334,11.4361,11.4361,11.4361,11.4361,11.4361,11.4361,11.4361,11.4361,11.4361,11.4361,11.4361,11.4361,11.4361,11.4361,11.4361,11.4361,11.4361,11.4361,11.4361,11.4361,11.4361,11.4361,11.4361,11.4361,11.4362,11.4366,11.4381,11.4418,11.4501,11.4661,11.4937,11.5376,11.603,11.6951,11.8192,11.9805,12.1837,12.4337,12.7351,13.0926,13.5109,13.995,14.552,15.2155,16.3152,20.5994,42.1893,107.673
14.496,12.2621,12.2586,12.2585,12.2585,12.2585,12.2585,12.2585,12.2585,12.2585,12.2585,12.2585,12.2585,12.2585,12.2585,12.2585,12.2585,12.2585,12.2585,12.2585,12.2585,12.2585,12.2585,12.2585,12.2585,12.2585,12.2585,12.2587,12.2594,12.2615,12.2667,12.2777,12.2979,12.3321,12.3853,12.4632,12.5713,12.7153,12.9007,13.1325,13.4159,13.7559,14.1574,14.6256,15.1678,15.8178,16.9046,21.1753,42.7865,109.302
10.2123,13.0931,13.0986,13.0986,13.0986,13.0986,13.0986,13.0986,13.0986,13.0986,13.0986,13.0986,13.0986,13.0986,13.0986,13.0986,13.0986,13.0986,13.0986,13.0986,13.0986,13.0986,13.0986,13.0986,13.0986,13.0986,13.0986,13.0987,13.099,13.1001,13.1032,13.1104,13.1249,13.1508,13.1933,13.2581,13.3511,13.4785,13.646,13.8596,14.1245,14.4463,14.8302,15.2817,15.8082,16.4436,17.5166,21.7727,43.3972,110.142
12.9947,13.956,13.9579,13.9579,13.9579,13.9579,13.9579,13.9579,13.9579,13.9579,13.9579,13.9579,13.9579,13.9579,13.9579,13.9579,13.9579,13.9579,13.9579,13.9579,13.9579,13.9579,13.9579,13.9579,13.9579,13.9579,13.9579,13.9579,13.958,13.9586,13.9604,13.965,13.975,13.9942,14.0274,14.0804,14.1594,14.2707,14.4209,14.6161,14.8623,15.1654,15.531,15.9649,16.4747,17.0945,18.1528,22.3932,44.0288,111.001
11.2908,14.8325,14.8381,14.8381,14.8381,14.8381,14.8381,14.8381,14.8381,14.8381,14.8381,14.8381,14.8381,14.8381,14.8381,14.8381,14.8381,14.8381,14.8381,14.8381,14.8381,14.8381,14.8381,14.8381,14.8381,14.8381,14.8381,14.8381,14.8381,14.8384,14.8393,14.8421,14.8488,14.8626,14.8881,14.9307,14.9967,15.0929,15.2262,15.4032,15.6306,15.9145,16.2612,16.6767,17.169,17.7722,18.8148,23.0385,44.683,111.882
11.2908,15.7375,15.7408,15.7408,15.7408,15.7408,15.7408,15.7408,15.7408,15.7408,15.7408,15.7408,15.7408,15.7408,15.7408,15.7408,15.7408,15.7408,15.7408,15.7408,15.7408,15.7408,15.7408,15.7408,15.7408,15.7408,15.7408,15.7408,15.7408,15.7409,15.7413,15.743,15.7473,15.7569,15.776,15.8096,15.864,15.946,16.0631,16.2223,16.4307,16.6952,17.0224,17.4188,17.8927,18.4785,19.5043,23.7102,45.3685,111.882
19.7096,16.6726,16.6677,16.6677,16.6677,16.6677,16.6677,16.6677,16.6677,16.6677,16.6677,16.6677,16.6677,16.6677,16.6677,16.6677,16.6677,16.6677,16.6677,16.6677,16.6677,16.6677,16.6677,16.6677,16.6677,16.6677,16.6677,16.6677,16.6677,16.6677,16.6679,16.6688,16.6715,16.678,16.6919,16.7178,16.7619,16.831,16.9326,17.0745,17.2642,17.5091,17.8164,18.193,18.6476,19.215,20.2231,24.41,46.0806,113.711
15.7768,17.6171,17.6206,17.6206,17.6206,17.6206,17.6206,17.6206,17.6206,17.6206,17.6206,17.6206,17.6206,17.6206,17.6206,17.6206,17.6206,17.6206,17.6206,17.6206,17.6206,17.6206,17.6206,17.6206,17.6206,17.6206,17.6206,17.6206,17.6206,17.6206,17.6207,17.6211,17.6227,17.627,17.6368,17.6564,17.6915,17.7488,17.836,17.9612,18.1324,18.3578,18.6448,19.001,19.4356,19.9837,20.9731,25.1398,46.8134,114.664
19.5055,18.603,18.6014,18.6014,18.6014,18.6014,18.6014,18.6014,18.6014,18.6014,18.6014,18.6014,18.6014,18.6014,18.6014,18.6014,18.6014,18.6014,18.6014,18.6014,18.6014,18.6014,18.6014,18.6014,18.6013,18.6013,18.6013,18.6013,18.6013,18.6013,18.6013,18.6016,18.6024,18.6051,18.6119,18.6263,18.6537,18.7004,18.7743,18.8836,19.0369,19.2428,19.5093,19.8448,20.2587,20.7865,21.7563,25.9017,47.5759,115.645
19.2594,19.6112,19.6118,19.6118,19.6118,19.6118,19.6118,19.6118,19.6118,19.6118,19.6118,19.6118,19.6118,19.6118,19.6118,19.6118,19.6118,19.6118,19.6117,19.6117,19.6117,19.6117,19.6117,19.6117,19.6117,19.6117,19.6117,19.6117,19.6117,19.6117,19.6117,19.6118,19.6122,19.6139,19.6184,19.6287,19.6496,19.6871,19.7489,19.8432,19.9792,20.1658,20.4119,20.7261,21.1186,21.6255,22.5747,26.6976,48.3701,116.655
20.765,20.6539,20.6537,20.6537,20.6537,20.6537,20.6537,20.6537,20.6537,20.6537,20.6537,20.6537,20.6537,20.6537,20.6537,20.6537,20.6537,20.6537,20.6537,20.6537,20.6537,20.6537,20.6537,20.6537,20.6537,20.6537,20.6537,20.6537,20.6537,20.6537,20.6536,20.6537,20.6539,20.6548,20.6577,20.6649,20.6805,20.7101,20.7609,20.8414,20.9608,21.1285,21.3542,21.6469,22.0176,22.5028,23.4304,27.5298,49.1981,117.697
21.7006,21.7292,21.7292,21.7292,21.7292,21.7292,21.7292,21.7292,21.7292,21.7292,21.7292,21.7292,21.7292,21.7292,21.7292,21.7292,21.7292,21.7292,21.7292,21.7292,21.7292,21.7292,21.7292,21.7292,21.7292,21.7292,21.7292,21.7292,21.7292,21.7292,21.7292,21.7292,21.7292,21.7297,21.7315,21.7364,21.7477,21.7706,21.8117,21.8795,21.9832,22.1327,22.3381,22.6093,22.9577,23.4204,24.3256,28.4003,50.0622,118.773
22.8468,22.8403,22.8403,22.8403,22.8403,22.8403,22.8403,22.8403,22.8403,22.8403,22.8403,22.8403,22.8403,22.8403,22.8403,22.8403,22.8403,22.8403,22.8403,22.8403,22.8403,22.8403,22.8403,22.8403,22.8403,22.8403,22.8403,22.8403,22.8403,22.8403,22.8403,22.8402,22.8403,22.8405,22.8416,22.8447,22.8528,22.87,22.9027,22.959,23.048,23.1801,23.3657,23.6153,23.941,24.3806,25.2627,29.3117,50.9645,119.884
23.9882,23.9891,23.9891,23.9891,23.9891,23.9891,23.9891,23.9891,23.9891,23.9891,23.9891,23.9891,23.9891,23.9891,23.9891,23.9891,23.9891,23.9891,23.9891,23.9891,23.9891,23.9891,23.9891,23.9891,23.9891,23.9891,23.9891,23.9891,23.9891,23.9891,23.9891,23.989,23.989,23.9891,23.9897,23.9917,23.9972,24.01,24.0355,24.0815,24.157,24.2724,24.4387,24.6669,24.9698,25.3858,26.2439,30.2661,51.9076,121.033
25.1782,25.1778,25.1778,25.1778,25.1778,25.1778,25.1778,25.1778,25.1778,25.1778,25.1778,25.1778,25.1778,25.1778,25.1778,25.1778,25.1778,25.1778,25.1778,25.1778,25.1778,25.1778,25.1778,25.1778,25.1778,25.1778,25.1778,25.1778,25.1778,25.1777,25.1777,25.1777,25.1777,25.1777,25.178,25.1792,25.1829,25.192,25.2116,25.2485,25.3117,25.4115,25.5591,25.7662,26.0462,26.4383,27.2717,31.2662,52.8938,122.221
26.4088,26.4086,26.4086,26.4086,26.4086,26.4086,26.4086,26.4086,26.4086,26.4086,26.4086,26.4086,26.4086,26.4086,26.4086,26.4086,26.4086,26.4086,26.4086,26.4086,26.4086,26.4086,26.4086,26.4086,26.4086,26.4086,26.4086,26.4086,26.4086,26.4085,26.4085,26.4085,26.4085,26.4085,26.4086,26.4093,26.4117,26.418,26.4327,26.4618,26.5139,26.5992,26.729,26.9154,27.1727,27.5405,28.3486,32.3145,53.9257,123.452
27.6841,27.6839,27.6839,27.6839,27.6839,27.6839,27.6839,27.6839,27.6839,27.6839,27.6839,27.6839,27.6839,27.6839,27.6839,27.6839,27.6839,27.6839,27.6839,27.6839,27.6839,27.6839,27.6838,27.6838,27.6838,27.6838,27.6838,27.6838,27.6838,27.6838,27.6838,27.6838,27.6838,27.6837,27.6838,27.6841,27.6856,27.6899,27.7006,27.7231,27.7654,27.8373,27.9503,28.1168,28.3515,28.6949,29.4772,33.4137,55.0061,124.727
29.0062,29.006,29.006,29.006,29.006,29.006,29.006,29.006,29.006,29.006,29.006,29.006,29.006,29.006,29.006,29.006,29.006,29.006,29.006,29.006,29.006,29.006,29.006,29.006,29.006,29.006,29.006,29.006,29.006,29.0059,29.0059,29.0059,29.0059,29.0059,29.0059,29.0061,29.0069,29.0097,29.0173,29.0344,29.0681,29.1279,29.2251,29.3724,29.585,29.904,30.6602,34.5665,56.1377,126.049
30.3778,30.3775,30.3775,30.3775,30.3775,30.3775,30.3775,30.3775,30.3775,30.3775,30.3775,30.3775,30.3775,30.3775,30.3775,30.3775,30.3775,30.3775,30.3775,30.3775,30.3775,30.3775,30.3775,30.3775,30.3775,30.3775,30.3775,30.3775,30.3775,30.3775,30.3775,30.3774,30.3774,30.3774,30.3774,30.3775,30.3779,30.3797,30.3849,30.3976,30.424,30.473,30.5556,30.6847,30.8756,31.1705,31.9003,35.7758,57.3235,127.421
31.8013,31.801,31.801,31.801,31.801,31.801,31.801,31.801,31.801,31.801,31.801,31.801,31.801,31.801,31.801,31.801,31.801,31.801,31.801,31.801,31.801,31.801,31.801,31.801,31.801,31.801,31.801,31.801,31.801,31.801,31.801,31.801,31.8009,31.8009,31.8009,31.8009,31.8011,31.8022,31.8057,31.8148,31.8351,31.8746,31.9439,32.0558,32.2259,32.4968,33.2002,37.0444,58.5663,128.844
33.2795,33.2792,33.2792,33.2792,33.2792,33.2792,33.2792,33.2792,33.2792,33.2792,33.2792,33.2792,33.2792,33.2792,33.2792,33.2792,33.2792,33.2792,33.2792,33.2792,33.2792,33.2792,33.2792,33.2792,33.2792,33.2792,33.2792,33.2792,33.2792,33.2792,33.2792,33.2792,33.2791,33.2791,33.2791,33.2791,33.2792,33.2798,33.282,33.2884,33.3036,33.335,33.3923,33.4881,33.6383,33.8858,34.5628,38.3753,59.8694,130.323
34.8151,34.8149,34.8149,34.8149,34.8149,34.8149,34.8149,34.8149,34.8149,34.8149,34.8149,34.8149,34.8149,34.8149,34.8149,34.8149,34.8149,34.8149,34.8149,34.8149,34.8149,34.8149,34.8149,34.8149,34.8149,34.8149,34.8149,34.8149,34.8149,34.8149,34.8149,34.8148,34.8148,34.8148,34.8148,34.8147,34.8148,34.8151,34.8165,34.8208,34.832,34.8563,34.903,34.9841,35.1154,35.3402,35.991,39.7716,61.2358,131.858
36.4112,36.411,36.411,36.411,36.411,36.411,36.411,36.411,36.411,36.411,36.411,36.411,36.411,36.411,36.411,36.411,36.411,36.411,36.411,36.411,36.411,36.411,36.411,36.411,36.411,36.411,36.411,36.411,36.411,36.4109,36.4109,36.4109,36.4109,36.4109,36.4109,36.4108,36.4108,36.411,36.4118,36.4146,36.4226,36.4411,36.4785,36.5462,36.6598,36.8626,37.4877,41.2364,62.6688,133.454
38.0707,38.0705,38.0705,38.0705,38.0705,38.0705,38.0705,38.0705,38.0705,38.0705,38.0705,38.0705,38.0705,38.0705,38.0705,38.0705,38.0705,38.0705,38.0705,38.0705,38.0705,38.0705,38.0705,38.0705,38.0705,38.0705,38.0705,38.0705,38.0705,38.0705,38.0704,38.0704,38.0704,38.0704,38.0704,38.0703,38.0703,38.0704,38.0708,38.0726,38.0781,38.0919,38.1213,38.177,38.2741,38.4561,39.0559,42.7729,64.1719,135.114
39.7968,39.7966,39.7966,39.7966,39.7966,39.7966,39.7966,39.7966,39.7966,39.7966,39.7966,39.7966,39.7966,39.7966,39.7966,39.7966,39.7966,39.7966,39.7966,39.7966,39.7966,39.7966,39.7966,39.7966,39.7966,39.7966,39.7966,39.7965,39.7965,39.7965,39.7965,39.7965,39.7965,39.7965,39.7964,39.7964,39.7964,39.7964,39.7966,39.7977,39.8013,39.8113,39.834,39.8791,39.9612,40.1234,40.6988,44.3843,65.7485,136.84
41.5927,41.5925,41.5925,41.5925,41.5925,41.5925,41.5925,41.5925,41.5925,41.5925,41.5925,41.5925,41.5925,41.5925,41.5925,41.5925,41.5925,41.5925,41.5925,41.5925,41.5925,41.5925,41.5925,41.5925,41.5925,41.5925,41.5925,41.5925,41.5925,41.5925,41.5924,41.5924,41.5924,41.5924,41.5924,41.5923,41.5923,41.5923,41.5923,41.5929,41.5953,41.6023,41.6194,41.6553,41.7238,41.8675,42.4194,46.0739,67.4021,138.636
43.4619,43.4617,43.4617,43.4617,43.4617,43.4617,43.4617,43.4617,43.4617,43.4617,43.4617,43.4617,43.4617,43.4617,43.4617,43.4617,43.4617,43.4617,43.4617,43.4617,43.4617,43.4617,43.4617,43.4617,43.4617,43.4616,43.4616,43.4616,43.4616,43.4616,43.4616,43.4616,43.4616,43.4616,43.4615,43.4615,43.4615,43.4614,43.4614,43.4617,43.4632,43.4679,43.4805,43.5085,43.5648,43.6915,44.2209,47.8451,69.1363,140.505
45.4078,45.4076,45.4076,45.4076,45.4076,45.4076,45.4076,45.4076,45.4076,45.4076,45.4076,45.4076,45.4076,45.4076,45.4076,45.4076,45.4076,45.4076,45.4076,45.4076,45.4076,45.4076,45.4076,45.4076,45.4076,45.4076,45.4076,45.4076,45.4076,45.4076,45.4076,45.4076,45.4075,45.4075,45.4075,45.4075,45.4074,45.4074,45.4073,45.4074,45.4083,45.4114,45.4203,45.4417,45.4873,45.5984,46.1066,49.7013,70.9548,142.451
47.4343,47.4341,47.4341,47.4341,47.4341,47.4341,47.4341,47.4341,47.4341,47.4341,47.4341,47.4341,47.4341,47.4341,47.4341,47.4341,47.4341,47.4341,47.4341,47.4341,47.4341,47.4341,47.4341,47.434,47.434,47.434,47.434,47.434,47.434,47.434,47.434,47.434,47.434,47.434,47.4339,47.4339,47.4339,47.4338,47.4338,47.4337,47.4341,47.436,47.4422,47.4581,47.4945,47.5914,48.0798,51.646,72.8613,144.477
49.545,49.5448,49.5448,49.5448,49.5448,49.5448,49.5448,49.5448,49.5448,49.5448,49.5448,49.5448,49.5448,49.5448,49.5448,49.5448,49.5448,49.5448,49.5448,49.5448,49.5448,49.5448,49.5448,49.5448,49.5448,49.5448,49.5448,49.5448,49.5448,49.5448,49.5448,49.5447,49.5447,49.5447,49.5447,49.5447,49.5446,49.5446,49.5445,49.5444,49.5445,49.5456,49.5496,49.5611,49.5896,49.674,50.1439,53.6827,74.8598,146.588
51.7441,51.7439,51.7439,51.7439,51.7439,51.7439,51.7439,51.7439,51.7439,51.7439,51.7439,51.7439,51.7439,51.7439,51.7439,51.7439,51.7439,51.7439,51.7439,51.7439,51.7439,51.7439,51.7439,51.7439,51.7439,51.7439,51.7439,51.7439,51.7439,51.7439,51.7438,51.7438,51.7438,51.7438,51.7438,51.7437,51.7437,51.7436,51.7436,51.7434,51.7434,51.7438,51.7463,51.7543,51.7762,51.8495,52.3025,55.8151,76.954,148.787
54.0357,54.0355,54.0355,54.0355,54.0355,54.0355,54.0355,54.0355,54.0355,54.0355,54.0355,54.0355,54.0355,54.0355,54.0355,54.0355,54.0355,54.0355,54.0355,54.0355,54.0355,54.0355,54.0355,54.0355,54.0355,54.0355,54.0355,54.0354,54.0354,54.0354,54.0354,54.0354,54.0354,54.0354,54.0353,54.0353,54.0353,54.0352,54.0351,54.0349,54.0347,54.0348,54.0361,54.0414,54.0578,54.1217,54.5592,58.0469,79.148,151.079
56.4241,56.4239,56.4239,56.4239,56.4239,56.4239,56.4239,56.4239,56.4239,56.4239,56.4239,56.4239,56.4239,56.4239,56.4239,56.4239,56.4239,56.4239,56.4239,56.4239,56.4239,56.4239,56.4239,56.4239,56.4239,56.4239,56.4239,56.4239,56.4239,56.4238,56.4238,56.4238,56.4238,56.4238,56.4238,56.4237,56.4237,56.4236,56.4234,56.4232,56.4229,56.4227,56.4232,56.4264,56.4385,56.4941,56.9177,60.382,81.4458,153.467
58.9139,58.9137,58.9137,58.9137,58.9137,58.9137,58.9137,58.9137,58.9137,58.9137,58.9137,58.9137,58.9137,58.9137,58.9137,58.9137,58.9137,58.9137,58.9137,58.9137,58.9137,58.9137,58.9137,58.9137,58.9137,58.9136,58.9136,58.9136,58.9136,58.9136,58.9136,58.9136,58.9136,58.9136,58.9135,58.9135,58.9134,58.9133,58.9131,58.9129,58.9125,58.912,58.9119,58.9135,58.9222,58.971,59.3821,62.8241,83.8516,155.957
61.5098,61.5095,61.5095,61.5095,61.5095,61.5095,61.5095,61.5095,61.5095,61.5095,61.5095,61.5095,61.5095,61.5095,61.5095,61.5095,61.5095,61.5095,61.5095,61.5095,61.5095,61.5095,61.5095,61.5095,61.5095,61.5095,61.5095,61.5095,61.5095,61.5095,61.5095,61.5095,61.5094,61.5094,61.5094,61.5093,61.5092,61.5091,61.5089,61.5085,61.508,61.5073,61.5068,61.5073,61.5132,61.5563,61.9564,65.3776,86.3694,158.553
64.2166,64.2164,64.2164,64.2164,64.2164,64.2164,64.2164,64.2164,64.2164,64.2164,64.2164,64.2164,64.2164,64.2164,64.2164,64.2164,64.2164,64.2164,64.2164,64.2164,64.2164,64.2164,64.2164,64.2164,64.2164,64.2164,64.2164,64.2164,64.2164,64.2164,64.2163,64.2163,64.2163,64.2163,64.2162,64.2161,64.216,64.2158,64.2155,64.2151,64.2144,64.2136,64.2127,64.2123,64.2162,64.2547,64.6451,68.0465,89.0037,161.259
67.0396,67.0394,67.0394,67.0394,67.0394,67.0394,67.0394,67.0394,67.0394,67.0394,67.0394,67.0394,67.0394,67.0394,67.0394,67.0394,67.0394,67.0394,67.0394,67.0394,67.0394,67.0394,67.0394,67.0394,67.0394,67.0394,67.0394,67.0394,67.0394,67.0394,67.0393,67.0393,67.0393,67.0393,67.0392,67.0391,67.0389,67.0386,67.0382,67.0376,67.0368,67.0358,67.0346,67.0336,67.0359,67.0706,67.4525,70.8353,91.7588,164.082
69.9841,69.9839,69.9839,69.9839,69.9839,69.9839,69.9839,69.9839,69.9839,69.9839,69.9839,69.9839,69.9839,69.9839,69.9839,69.9839,69.9839,69.9839,69.9839,69.9839,69.9839,69.9839,69.9839,69.9839,69.9839,69.9839,69.9839,69.9839,69.9839,69.9839,69.9838,69.9838,69.9838,69.9837,69.9836,69.9834,69.9831,69.9827,69.9822,69.9815,69.9805,69.9793,69.9778,69.9763,69.9774,70.0092,70.3836,73.7487,94.6392,167.027
73.0557,73.0555,73.0555,73.0555,73.0555,73.0555,73.0555,73.0555,73.0555,73.0555,73.0555,73.0555,73.0555,73.0555,73.0555,73.0555,73.0555,73.0555,73.0555,73.0555,73.0555,73.0555,73.0555,73.0555,73.0555,73.0555,73.0554,73.0554,73.0554,73.0554,73.0554,73.0553,73.0552,73.0551,73.0549,73.0547,73.0543,73.0538,73.053,73.0521,73.0509,73.0495,73.0477,73.0458,73.046,73.0755,73.4435,76.7915,97.6498,170.098
76.2602,76.2599,76.2599,76.2599,76.2599,76.2599,76.2599,76.2599,76.2599,76.2599,76.2599,76.2599,76.2599,76.2599,76.2599,76.2599,76.2599,76.2599,76.2599,76.2599,76.2599,76.2599,76.2599,76.2599,76.2599,76.2599,76.2599,76.2599,76.2599,76.2598,76.2598,76.2597,76.2595,76.2593,76.259,76.2586,76.2581,76.2574,76.2565,76.2553,76.2539,76.2522,76.2502,76.2479,76.2475,76.2752,76.6374,79.969,100.795,173.303
79.6036,79.6034,79.6034,79.6034,79.6034,79.6034,79.6034,79.6034,79.6034,79.6034,79.6034,79.6034,79.6034,79.6034,79.6034,79.6034,79.6034,79.6034,79.6034,79.6034,79.6034,79.6034,79.6034,79.6033,79.6033,79.6033,79.6033,79.6033,79.6032,79.6031,79.603,79.6028,79.6026,79.6023,79.6018,79.6012,79.6005,79.5995,79.5984,79.597,79.5953,79.5934,79.5911,79.5886,79.5876,79.6139,79.9711,83.2865,104.081,176.646
83.0923,83.0921,83.0921,83.0921,83.0921,83.0921,83.0921,83.0921,83.0921,83.0921,83.0921,83.0921,83.0921,83.0921,83.0921,83.0921,83.0921,83.0921,83.0921,83.0921,83.0921,83.0921,83.092,83.092,83.092,83.092,83.0919,83.0918,83.0917,83.0915,83.0913,83.091,83.0906,83.0901,83.0894,83.0886,83.0876,83.0864,83.085,83.0834,83.0815,83.0792,83.0767,83.0739,83.0726,83.0977,83.4504,86.7498,107.512,180.135
86.733,86.7327,86.7327,86.7327,86.7327,86.7327,86.7327,86.7327,86.7327,86.7327,86.7327,86.7327,86.7327,86.7327,86.7327,86.7327,86.7327,86.7327,86.7326,86.7326,86.7326,86.7326,86.7325,86.7324,86.7324,86.7323,86.7321,86.7319,86.7317,86.7314,86.731,86.7305,86.7299,86.7291,86.7282,86.7272,86.7259,86.7245,86.7228,86.7209,86.7188,86.7163,86.7135,86.7105,86.7089,86.7332,87.0818,90.3652,111.094,183.776
90.5326,90.5319,90.5319,90.5319,90.5319,90.5319,90.5319,90.5319,90.5319,90.5319,90.5319,90.5318,90.5318,90.5318,90.5318,90.5318,90.5317,90.5317,90.5316,90.5316,90.5315,90.5314,90.5313,90.5311,90.5309,90.5307,90.5304,90.5301,90.5297,90.5292,90.5286,90.5278,90.527,90.526,90.5248,90.5235,90.5221,90.5204,90.5185,90.5164,90.514,90.5113,90.5084,90.5052,90.5033,90.5269,90.8719,94.139,114.833,187.575
94.4986,94.4961,94.4961,94.4961,94.4961,94.4961,94.496,94.496,94.496,94.496,94.496,94.4959,94.4959,94.4959,94.4958,94.4957,94.4957,94.4956,94.4955,94.4953,94.4952,94.495,94.4947,94.4944,94.4941,94.4937,94.4933,94.4927,94.4921,94.4915,94.4909,94.4897,94.4886,94.4875,94.4861,94.4846,94.483,94.4811,94.479,94.4768,94.4742,94.4714,94.4683,94.465,94.4629,94.4861,94.8277,98.0783,118.735,191.541
98.6389,98.6312,98.6312,98.6312,98.6312,98.6311,98.6311,98.6311,98.6311,98.6311,98.631,98.631,98.6309,98.6308,98.6308,98.6307,98.6305,98.6304,98.6302,98.63,98.6298,98.6295,98.6292,98.6289,98.6284,98.6279,98.6274,98.6267,98.626,98.6254,98.6249,98.6232,98.6221,98.6208,98.6194,98.6178,98.616,98.614,98.6119,98.6095,98.6069,98.604,98.6008,98.5974,98.5952,98.618,98.9565,102.19,122.807,195.68
102.962,102.952,102.952,102.952,102.952,102.952,102.952,102.952,102.952,102.952,102.952,102.952,102.952,102.952,102.952,102.952,102.951,102.951,102.951,102.951,102.951,102.95,102.95,102.95,102.949,102.949,102.948,102.947,102.947,102.946,102.946,102.944,102.942,102.941,102.94,102.938,102.936,102.934,102.932,102.93,102.927,102.924,102.921,102.917,102.915,102.938,103.275,106.504,127.107,200.002
