SPACE_POINTS_X
50,50.536,51.0731,51.6115,52.151,52.6917,53.2336,53.7767,54.3211,54.8667,55.4136,55.9617,56.5112,57.0619,57.6139,58.1673,58.7219,59.278,59.8354,60.3941,60.9543,61.5158,62.0788,62.6432,63.209,63.7763,64.345,64.9152,65.4869,66.0601,66.6348,67.211,67.7888,68.3681,68.9491,69.5315,70.1156,70.7013,71.2886,71.8776,72.4682,73.0604,73.6543,74.25,74.8473,75.4463,76.0471,76.6496,77.2539,77.8599,78.4677,79.0774,79.6888,80.3021,80.9172,81.5342,82.153,82.7737,83.3963,84.0209,84.6473,85.2757,85.9061,86.5384,87.1727,87.809,88.4474,89.0877,89.7301,90.3745,91.0211,91.6697,92.3204,92.9732,93.6282,94.2853,94.9446,95.606,96.2697,96.9355,97.6036,98.2739,98.9465,99.6213,100.298,100.978,101.66,102.344,103.03,103.719,104.41,105.104,105.8,106.498,107.199,107.902,108.608,109.316,110.027,110.74,111.456,112.174,112.895,113.619,114.345,115.074,115.805,116.539,117.276,118.015,118.758,119.502,120.25,121,121.753,122.509,123.268,124.03,124.794,125.561,126.332,127.105,127.881,128.659,129.441,130.226,131.014,131.805,132.599,133.395,134.195,134.998,135.804,136.614,137.426,138.241,139.06,139.882,140.707,141.535,142.367,143.202,144.04,144.881,145.726,146.574,147.425,148.28,149.138,150
SPACE_POINTS_Y
0,0.0215858,0.0431786,0.0647854,0.0864132,0.108069,0.12976,0.151492,0.173274,0.195112,0.217012,0.238983,0.261032,0.283165,0.305389,0.327712,0.350142,0.372684,0.395348,0.418139,0.441065,0.464134,0.487353,0.51073,0.534272,0.557987,0.581883,0.605967,0.630247,0.654731,0.679426,0.704342,0.729485,0.754865,0.780488,0.806364,0.832501,0.858908,0.885592,0.912563,0.939829,0.967399,0.995282,1.02349,1.05202,1.0809,1.11013,1.13971,1.16967,1.2
VALUES
0,0,0,0,0,0,0,0,0,0,0,0,0,0,0,0,0,0,0,0,0,0,0,0,0,0,0,0,0,0,0,0,0,0,0,0,0,0,0,0,0,0,0,0,0,0,0,0,0,0
-0.000177481,0.000639281,0.00374134,0.0114189,0.0222113,0.0344961,0.0472188,0.0597813,0.0718791,0.0833768,0.094218,0.1044,0.113945,0.122847,0.131022,0.139312,0.146653,0.153674,0.16028,0.166525,0.172422,0.178006,0.1833,0.18832,0.193089,0.197601,0.201912,0.205947,0.209032,0.213743,0.217249,0.220658,0.223914,0.227026,0.229969,0.232789,0.235516,0.238129,0.240641,0.243051,0.245358,0.247579,0.249704,0.251751,0.253718,0.255613,0.257271,0.263387,0.152715,50.536
-0.000305393,0.0012812,0.00751625,0.0229123,0.0445429,0.0691651,0.0946684,0.119854,0.144112,0.167169,0.188912,0.209336,0.228482,0.246342,0.262743,0.279378,0.294108,0.308196,0.321452,0.333985,0.345819,0.357026,0.367652,0.377727,0.3873,0.396356,0.40501,0.41311,0.419301,0.428757,0.435796,0.442639,0.449175,0.455423,0.461331,0.466992,0.472468,0.477713,0.482756,0.487596,0.492226,0.496686,0.500953,0.505063,0.509012,0.512818,0.516146,0.528441,0.302796,51.0731
-0.000444415,0.00194366,0.01139,0.0345935,0.0671345,0.104158,0.1425,0.180366,0.21684,0.251512,0.284211,0.314928,0.343727,0.370593,0.395264,0.420292,0.442454,0.463651,0.483598,0.502459,0.520266,0.537132,0.553124,0.568287,0.582695,0.596324,0.60935,0.621542,0.630862,0.645094,0.65569,0.665992,0.675831,0.685236,0.694131,0.702652,0.710896,0.718793,0.726385,0.733671,0.740642,0.747357,0.753781,0.75997,0.765916,0.771646,0.776656,0.79519,0.455822,51.6115
-0.00058813,0.00264372,0.015426,0.0465723,0.0901214,0.139619,0.190862,0.241462,0.290202,0.336536,0.380237,0.421293,0.459788,0.495702,0.528681,0.562148,0.591781,0.620125,0.646798,0.672021,0.695836,0.718393,0.739782,0.760063,0.779334,0.797565,0.814989,0.8313,0.843765,0.862805,0.876981,0.890763,0.903926,0.916509,0.92841,0.939811,0.950841,0.961407,0.971565,0.981315,0.990642,0.999628,1.00822,1.01651,1.02446,1.03213,1.03883,1.06366,0.611809,52.151
-0.000738528,0.00339812,0.0196868,0.0589556,0.113635,0.175692,0.239897,0.303281,0.364333,0.422369,0.477113,0.528545,0.576774,0.621771,0.663091,0.705038,0.742174,0.777698,0.811131,0.842747,0.8726,0.900877,0.927692,0.953117,0.977279,1.00014,1.02198,1.04244,1.05806,1.08194,1.09972,1.117,1.13351,1.14929,1.16421,1.17851,1.19234,1.2056,1.21834,1.23056,1.24226,1.25353,1.26432,1.2747,1.28468,1.2943,1.30271,1.33388,0.770764,52.6917
-0.000896612,0.00422376,0.0242343,0.0718482,0.137804,0.212513,0.289745,0.365959,0.439362,0.509137,0.574955,0.636796,0.694789,0.748901,0.798586,0.849051,0.893718,0.936451,0.976672,1.01471,1.05063,1.08465,1.11692,1.14751,1.17659,1.20409,1.23039,1.255,1.2738,1.30255,1.32394,1.34475,1.36462,1.38361,1.40158,1.41879,1.43544,1.4514,1.46673,1.48145,1.49554,1.50911,1.52209,1.5346,1.54661,1.55819,1.56832,1.60588,0.932702,53.2336
-0.00106337,0.00513809,0.0291312,0.0853532,0.162753,0.250218,0.340541,0.42963,0.515418,0.59696,0.673879,0.746155,0.813937,0.877187,0.935257,0.994273,1.0465,1.09646,1.1435,1.18798,1.22999,1.26978,1.30752,1.34331,1.37732,1.40949,1.44025,1.46905,1.49104,1.52468,1.54971,1.57405,1.5973,1.61953,1.64055,1.66069,1.68018,1.69885,1.71679,1.73402,1.75051,1.76639,1.78158,1.79622,1.81028,1.82384,1.83568,1.87967,1.09763,53.7767
-0.00123962,0.00615943,0.0344409,0.0995725,0.188605,0.288938,0.392418,0.494422,0.592626,0.685957,0.773997,0.856727,0.934319,1.00672,1.07319,1.14079,1.20059,1.25781,1.31168,1.36263,1.41074,1.45633,1.49956,1.54056,1.57952,1.61639,1.65163,1.68463,1.70981,1.74837,1.77706,1.80495,1.8316,1.85707,1.88117,1.90425,1.92658,1.94798,1.96856,1.9883,2.0072,2.0254,2.04282,2.0596,2.07572,2.09126,2.10484,2.1553,1.26557,54.3211
-0.00142597,0.00730734,0.0402284,0.114607,0.215481,0.328801,0.445504,0.560462,0.671105,0.776242,0.875418,0.968617,1.05603,1.13761,1.21248,1.28869,1.35607,1.42057,1.48129,1.53872,1.59296,1.64436,1.6931,1.73933,1.78327,1.82484,1.86458,1.90179,1.93018,1.97368,2.00604,2.0375,2.06756,2.09629,2.12347,2.14951,2.1747,2.19884,2.22205,2.24433,2.26565,2.28619,2.30584,2.32477,2.34296,2.3605,2.37581,2.43278,1.43653,54.8667
-0.00162275,0.00860294,0.0465605,0.130558,0.243499,0.369933,0.499926,0.627872,0.750976,0.86793,0.97825,1.08192,1.17917,1.26992,1.35321,1.43805,1.51303,1.58482,1.6524,1.71633,1.77671,1.83393,1.8882,1.93967,1.9886,2.03489,2.07915,2.12059,2.15218,2.20065,2.2367,2.27174,2.30521,2.33722,2.36749,2.3965,2.42457,2.45146,2.47732,2.50214,2.52589,2.54878,2.57067,2.59176,2.61203,2.63157,2.64864,2.71215,1.61052,55.4136
-0.00182996,0.0100692,0.0535066,0.147526,0.272777,0.412456,0.555808,0.696772,0.832352,0.961129,1.0826,1.19675,1.30383,1.40376,1.49545,1.58894,1.67154,1.75062,1.82508,1.89552,1.96205,2.02511,2.08492,2.14164,2.19557,2.2466,2.29538,2.34107,2.37586,2.42933,2.46907,2.50771,2.54461,2.57991,2.61329,2.64527,2.67623,2.70588,2.7344,2.76177,2.78796,2.8132,2.83735,2.86061,2.88297,2.90452,2.92335,2.99342,1.78756,55.9617
-0.00204716,0.0117311,0.0611384,0.165611,0.30343,0.456492,0.613269,0.76728,0.915347,1.05595,1.18856,1.31319,1.4301,1.53921,1.6393,1.74146,1.83166,1.91805,1.99939,2.07635,2.14905,2.21795,2.28331,2.3453,2.40424,2.46001,2.51333,2.56327,2.60127,2.65976,2.7032,2.74544,2.7858,2.82438,2.86088,2.89585,2.9297,2.96213,2.99332,3.02325,3.0519,3.07949,3.1059,3.13135,3.1558,3.17938,3.19996,3.27663,1.96765,56.5112
-0.0022734,0.0136163,0.0695309,0.184916,0.335571,0.50216,0.672428,0.83951,1.00007,1.15249,1.29624,1.43133,1.55807,1.67635,1.78483,1.89568,1.99349,2.08718,2.17541,2.25889,2.33776,2.41251,2.48343,2.5507,2.61465,2.67518,2.73305,2.78725,2.82846,2.89198,2.93914,2.98499,3.0288,3.07069,3.11032,3.14829,3.18504,3.22025,3.25411,3.28661,3.31772,3.34769,3.37637,3.404,3.43056,3.45616,3.47852,3.56179,2.15082,57.0619
-0.00250712,0.0157552,0.0787623,0.205543,0.369316,0.549576,0.7334,0.913575,1.08663,1.25086,1.40573,1.55128,1.68782,1.81527,1.93212,2.05166,2.15707,2.25807,2.35319,2.4432,2.52824,2.60885,2.68534,2.75789,2.82687,2.89215,2.95458,3.01305,3.05746,3.12604,3.17692,3.2264,3.27367,3.31887,3.36163,3.40261,3.44227,3.48026,3.51681,3.55189,3.58547,3.61782,3.64877,3.6786,3.70726,3.7349,3.75903,3.84894,2.33707,57.6139
-0.00274601,0.0181811,0.0889142,0.227594,0.404776,0.598854,0.796298,0.989582,1.17513,1.35115,1.51713,1.67311,1.81945,1.95604,2.08124,2.20949,2.3225,2.4308,2.53281,2.62934,2.72056,2.80703,2.88908,2.96692,3.04094,3.11098,3.17798,3.24071,3.28832,3.36199,3.41659,3.4697,3.52044,3.56896,3.61486,3.65885,3.70142,3.74222,3.78146,3.81912,3.85517,3.8899,3.92315,3.95518,3.98596,4.01564,4.04155,4.1381,2.52643,58.1673
-0.00298687,0.0209309,0.100072,0.251174,0.442062,0.650109,0.861233,1.06764,1.26567,1.45346,1.63053,1.79692,1.95304,2.09875,2.23228,2.36923,2.48982,2.60543,2.71432,2.81738,2.91477,3.0071,3.09472,3.17785,3.2569,3.33171,3.40327,3.47029,3.52109,3.59985,3.65819,3.71493,3.76915,3.821,3.87004,3.91705,3.96255,4.00614,4.04808,4.08834,4.12687,4.16399,4.19952,4.23376,4.26666,4.29839,4.32608,4.4293,2.7189,58.7219
-0.00322547,0.0240454,0.112324,0.276388,0.481287,0.703451,0.928315,1.14785,1.35836,1.5579,1.74602,1.9228,2.08867,2.24348,2.3853,2.53096,2.65913,2.78202,2.89778,3.00736,3.11093,3.20912,3.30231,3.39072,3.47481,3.55439,3.63052,3.70182,3.75581,3.83968,3.90176,3.96214,4.01983,4.07501,4.12721,4.17724,4.22567,4.27207,4.31671,4.35957,4.40058,4.4401,4.47793,4.51437,4.5494,4.58319,4.61267,4.72256,2.9145,59.278
-0.00345619,0.0275694,0.125765,0.303343,0.52256,0.75899,0.997649,1.23032,1.45329,1.66454,1.86368,2.05082,2.22641,2.3903,2.54037,2.69475,2.83046,2.96063,3.08327,3.19936,3.30909,3.41314,3.51189,3.6056,3.69472,3.77907,3.85977,3.93535,3.99251,4.08151,4.14734,4.21136,4.27254,4.33105,4.38641,4.43946,4.49082,4.54004,4.58738,4.63284,4.67634,4.71827,4.75839,4.79706,4.83422,4.87006,4.90134,5.01791,3.11325,59.8354
-0.00367135,0.0315524,0.140491,0.332146,0.565992,0.816835,1.06934,1.31515,1.55055,1.77349,1.98362,2.18108,2.36635,2.53928,2.69757,2.86066,3.0039,3.14134,3.27082,3.39342,3.50931,3.6192,3.72352,3.82251,3.91667,4.00579,4.09106,4.17093,4.23124,4.3254,4.39496,4.46263,4.5273,4.58915,4.64766,4.70374,4.75804,4.81008,4.86013,4.9082,4.95419,4.99852,5.04095,5.08184,5.12114,5.15904,5.19212,5.31537,3.31516,60.3941
-0.00385788,0.0360486,0.156603,0.362907,0.611693,0.877093,1.14349,1.40243,1.65025,1.88483,2.1059,2.31364,2.50856,2.69049,2.85696,3.02876,3.17951,3.32419,3.46052,3.5896,3.71164,3.82738,3.93725,4.04152,4.14071,4.2346,4.32444,4.40859,4.47204,4.57136,4.64467,4.71599,4.78415,4.84934,4.91101,4.97012,5.02736,5.08221,5.13499,5.18566,5.23416,5.28089,5.32563,5.36874,5.41018,5.45015,5.48502,5.61497,3.52024,60.9543
-0.00398607,0.041118,0.174207,0.395736,0.659772,0.93987,1.22021,1.49227,1.75247,1.99865,2.23062,2.44859,2.65313,2.84402,3.01861,3.19912,3.35735,3.50925,3.6524,3.78797,3.91613,4.03771,4.15313,4.26268,4.36689,4.46554,4.55995,4.64837,4.71495,4.81946,4.89651,4.97148,5.04312,5.11165,5.17649,5.23864,5.29882,5.35649,5.41198,5.46526,5.51626,5.56541,5.61246,5.65779,5.70138,5.74342,5.7801,5.91673,3.72851,61.5158
-0.00399681,0.0468262,0.193413,0.430746,0.710338,1.00527,1.29959,1.58475,1.8573,2.11503,2.35785,2.58601,2.80011,2.99993,3.18259,3.3718,3.53747,3.69658,3.84653,3.98856,4.12285,4.25025,4.3712,4.48601,4.59525,4.69865,4.79763,4.89033,4.96002,5.06972,5.15051,5.22913,5.30426,5.37614,5.44413,5.50931,5.57244,5.63294,5.69114,5.74704,5.80054,5.8521,5.90146,5.94903,5.99476,6.03887,6.07736,6.22067,3.94,62.0788
-0.00399681,0.0532456,0.214333,0.468049,0.763501,1.0734,1.38172,1.67997,1.96484,2.23407,2.48768,2.72597,2.94958,3.15828,3.34896,3.54686,3.71995,3.88623,4.04297,4.19144,4.33183,4.46504,4.59152,4.71159,4.82583,4.93399,5.03752,5.13449,5.20728,5.32218,5.40671,5.48898,5.5676,5.64281,5.71398,5.78219,5.84826,5.91158,5.97251,6.03102,6.08702,6.141,6.19268,6.24248,6.29036,6.33654,6.37683,6.52684,4.15476,62.0788
-0.00429661,0.0604547,0.237085,0.507761,0.819368,1.14435,1.46671,1.77802,2.07516,2.35583,2.62018,2.86855,3.10162,3.31915,3.51779,3.72436,3.90483,4.07827,4.24176,4.39666,4.54314,4.68214,4.81414,4.93945,5.05869,5.17159,5.27967,5.38091,5.45676,5.57689,5.66516,5.75106,5.83317,5.91173,5.98605,6.0573,6.12631,6.19246,6.2561,6.31723,6.37574,6.43214,6.48613,6.53816,6.58819,6.63645,6.67856,6.83523,4.37274,63.209
-0.00398195,0.0685374,0.261791,0.549997,0.878048,1.21824,1.55465,1.87899,2.18835,2.4804,2.75542,3.01381,3.25629,3.48259,3.68913,3.90437,4.09218,4.27275,4.44297,4.60427,4.75682,4.90159,5.03909,5.16963,5.29387,5.4115,5.52412,5.62961,5.70851,5.83388,5.92588,6.01542,6.10102,6.18291,6.26039,6.33467,6.40663,6.4756,6.54196,6.60571,6.66672,6.72554,6.78185,6.83611,6.88829,6.93863,6.98255,7.14589,4.59392,63.7763
-0.00376973,0.0775876,0.288577,0.594875,0.939649,1.29515,1.64564,1.98296,2.3045,2.60785,2.89349,3.16184,3.41367,3.64868,3.86305,4.08695,4.28206,4.46971,4.64664,4.81431,4.97291,5.12345,5.26642,5.40218,5.5314,5.65375,5.77091,5.88065,5.96258,6.09318,6.18891,6.28209,6.37117,6.4564,6.53703,6.61434,6.68924,6.76103,6.83012,6.89648,6.96,7.02123,7.07986,7.13636,7.19069,7.24311,7.28884,7.45884,4.81838,64.345
-0.0033426,0.087706,0.31757,0.642514,1.00428,1.3752,1.73976,2.09002,2.42368,2.73828,3.03445,3.31269,3.57381,3.81748,4.03962,4.27214,4.47452,4.66923,4.85283,5.02685,5.19147,5.34775,5.49619,5.63715,5.77134,5.8984,6.02007,6.13406,6.21898,6.35484,6.4543,6.55111,6.64366,6.73223,6.81601,6.89634,6.97418,7.04879,7.12059,7.18957,7.2556,7.31925,7.38019,7.43893,7.49542,7.54991,7.59745,7.7741,5.04612,64.9152
-0.00273538,0.0990022,0.348905,0.693032,1.07204,1.45847,1.8371,2.20026,2.54598,2.87174,3.17838,3.46644,3.73678,3.98905,4.21888,4.46002,4.66961,4.87135,5.06159,5.24193,5.41256,5.57454,5.72844,5.87458,6.01372,6.14547,6.27166,6.38987,6.47777,6.6189,6.72207,6.8225,6.91853,7.01042,7.09735,7.18071,7.26148,7.33891,7.41343,7.48502,7.55355,7.61962,7.68287,7.74385,7.80249,7.85906,7.90842,8.0917,5.27718,65.4869
-0.00189522,0.111594,0.382717,0.746551,1.14305,1.54506,1.93776,2.31376,2.67147,3.00831,3.32535,3.62315,3.90265,4.16346,4.40089,4.65064,4.8674,5.07612,5.27297,5.4596,5.6362,5.80388,5.9632,6.11451,6.25858,6.39502,6.52571,6.64813,6.73898,6.88539,6.99226,7.09631,7.1958,7.29101,7.38108,7.46747,7.55117,7.63142,7.70865,7.78285,7.85388,7.92236,7.98793,8.05115,8.11194,8.17058,8.22177,8.41166,5.51156,66.0601
-0.000778713,0.12561,0.419145,0.803191,1.21741,1.63507,2.04182,2.43059,2.80023,3.14807,3.47541,3.78289,4.07147,4.34075,4.58572,4.84405,5.06793,5.28359,5.48702,5.67991,5.86245,6.03581,6.20053,6.35699,6.50598,6.64707,6.78225,6.90888,7.00264,7.15433,7.26491,7.37257,7.47551,7.57405,7.66726,7.75665,7.84328,7.92634,8.00629,8.0831,8.15662,8.22752,8.2954,8.36085,8.4238,8.48452,8.53751,8.73401,5.74927,66.6348
0.000666494,0.141185,0.458331,0.863076,1.29522,1.72859,2.14936,2.55084,2.93233,3.29109,3.62865,3.94572,4.24332,4.52099,4.77342,5.04031,5.27125,5.49382,5.70379,5.9029,6.09136,6.27036,6.44046,6.60205,6.75594,6.90168,7.04133,7.17215,7.2688,7.42579,7.54005,7.65131,7.75771,7.85955,7.95589,8.04829,8.13785,8.22371,8.30637,8.38578,8.46181,8.53511,8.60532,8.67299,8.73809,8.80089,8.8557,9.05876,5.99035,67.211
0.00249949,0.158468,0.50042,0.926328,1.3766,1.82572,2.26048,2.67459,3.06785,3.43743,3.78513,4.11171,4.41825,4.70425,4.96404,5.23947,5.47743,5.70686,5.92332,6.12863,6.32298,6.50759,6.68305,6.84974,7.0085,7.15889,7.30299,7.43798,7.53749,7.69978,7.81771,7.93257,8.04241,8.14755,8.24702,8.34242,8.4349,8.52357,8.60893,8.69094,8.76946,8.84517,8.91768,8.98759,9.05484,9.11971,9.17633,9.38597,6.2348,67.7888
0.00478722,0.177615,0.54556,0.993071,1.46164,1.92654,2.37524,2.8019,3.20686,3.58716,3.94491,4.28092,4.59632,4.89056,5.15763,5.44159,5.6865,5.92275,6.14567,6.35713,6.55733,6.74754,6.92833,7.1001,7.26372,7.41872,7.56725,7.70641,7.80874,7.97635,8.09795,8.21639,8.32966,8.43809,8.54067,8.63907,8.73446,8.82593,8.91399,8.99859,9.07961,9.15773,9.23254,9.30468,9.37407,9.44101,9.49944,9.71562,6.48265,68.3681
0.0076051,0.198793,0.5939,1.06343,1.55045,2.03116,2.49375,2.93286,3.34943,3.74036,4.10806,4.45341,4.77759,5.08,5.35426,5.64671,5.89853,6.14155,6.37088,6.58846,6.79449,6.99025,7.17635,7.35317,7.52163,7.68122,7.83418,7.97748,8.08259,8.25552,8.38077,8.50279,8.61948,8.7312,8.83689,8.93828,9.03657,9.13083,9.22158,9.30878,9.39228,9.4728,9.54993,9.62428,9.69582,9.76483,9.82508,10.0478,6.73391,68.9491
0.0110378,0.22218,0.645593,1.13752,1.64314,2.13965,2.61607,3.06754,3.49563,3.89707,4.27463,4.62924,4.96211,5.27261,5.55397,5.8549,6.11355,6.36329,6.599,6.82266,7.03447,7.23576,7.42714,7.60899,7.78226,7.94644,8.10379,8.25122,8.35908,8.53734,8.66623,8.79181,8.91192,9.02691,9.1357,9.24006,9.34126,9.4383,9.53174,9.62154,9.7075,9.79043,9.86985,9.94643,10.0201,10.0912,10.1532,10.3824,6.98861,69.5315
0.0151798,0.247964,0.700791,1.21548,1.7398,2.25211,2.74228,3.20601,3.64552,4.05738,4.4447,4.80846,5.14994,5.46846,5.75681,6.06619,6.33162,6.58804,6.83007,7.05978,7.27734,7.48412,7.68075,7.8676,8.04566,8.21439,8.37613,8.52766,8.63824,8.82183,8.95436,9.08349,9.20699,9.32524,9.43713,9.54446,9.64855,9.74837,9.84449,9.93687,10.0253,10.1106,10.1924,10.2711,10.347,10.4201,10.484,10.7196,7.24675,70.1156
0.0201363,0.276343,0.75965,1.29743,1.84054,2.36862,2.87247,3.34834,3.79918,4.22134,4.61831,4.99114,5.34114,5.66758,5.96283,6.28064,6.55279,6.81583,7.06415,7.29985,7.52313,7.73537,7.93721,8.12904,8.31187,8.48513,8.65123,8.80685,8.92011,9.10905,9.24518,9.37784,9.50474,9.62625,9.74121,9.8515,9.95848,10.0611,10.1599,10.2548,10.3457,10.4334,10.5175,10.5985,10.6764,10.7516,10.8173,11.0593,7.50836,70.7013
0.026024,0.307526,0.822326,1.38349,1.94546,2.48928,3.00671,3.49459,3.95667,4.38901,4.79553,5.17732,5.53577,5.87005,6.17209,6.4983,6.77711,7.04672,7.30127,7.54293,7.77188,7.98955,8.19658,8.39336,8.58093,8.75869,8.92913,9.08882,9.20472,9.399,9.53873,9.67493,9.8052,9.92995,10.048,10.1612,10.2711,10.3764,10.4779,10.5754,10.6688,10.7589,10.8452,10.9284,11.0085,11.0857,11.1532,11.4017,7.77346,71.2886
0.0329717,0.341733,0.888976,1.47379,2.05466,2.61416,3.14507,3.64485,4.11805,4.56046,4.97642,5.36708,5.73386,6.0759,6.38464,6.71921,7.00462,7.28075,7.54148,7.78905,8.02364,8.24671,8.45888,8.66058,8.85286,9.03512,9.20987,9.37361,9.49211,9.69174,9.83505,9.97475,10.1084,10.2364,10.3575,10.4736,10.5864,10.6945,10.7986,10.8987,10.9945,11.087,11.1756,11.261,11.3432,11.4225,11.4918,11.7466,8.04207,71.8776
0.0411212,0.379193,0.959759,1.56844,2.16824,2.74335,3.28762,3.79917,4.28339,4.73574,5.16102,5.56046,5.93549,6.28519,6.60051,6.94343,7.23536,7.51795,7.78482,8.03827,8.27844,8.50687,8.72416,8.93075,9.12772,9.31443,9.49348,9.66125,9.7823,9.9873,10.1342,10.2774,10.4144,10.5456,10.6697,10.7888,10.9044,11.0152,11.122,11.2247,11.3229,11.4178,11.5086,11.5963,11.6806,11.7619,11.833,12.0942,8.31421,72.4682
0.0506277,0.420143,1.03483,1.66758,2.2863,2.87694,3.43445,3.95762,4.45274,4.91491,5.34941,5.75751,6.14069,6.49796,6.81976,7.171,7.46939,7.75839,8.03134,8.29061,8.53634,8.77008,8.99247,9.2039,9.40553,9.59668,9.78,9.95178,10.0753,10.2857,10.4361,10.5828,10.7231,10.8575,10.9847,11.1067,11.2252,11.3387,11.4482,11.5534,11.6541,11.7513,11.8444,11.9342,12.0207,12.1041,12.1769,12.4444,8.58989,73.0604
0.0616517,0.464832,1.11436,1.77132,2.40894,3.015,3.58562,4.12027,4.62617,5.09803,5.54163,5.95828,6.34952,6.71427,7.04244,7.40198,7.70675,8.0021,8.28108,8.54613,8.79737,9.03639,9.26382,9.48008,9.68634,9.8819,10.0695,10.2452,10.3713,10.587,10.7409,10.8911,11.0347,11.1723,11.3025,11.4275,11.5487,11.665,11.7771,11.8848,11.988,12.0876,12.183,12.2749,12.3635,12.4489,12.5236,12.7973,8.86914,73.6543
0.0742894,0.513515,1.19849,1.87979,2.53624,3.15761,3.7412,4.28717,4.80375,5.28515,5.73774,6.16284,6.56204,6.93417,7.26858,7.63639,7.94748,8.24912,8.53408,8.80486,9.06156,9.30583,9.53827,9.75932,9.97018,10.1701,10.3619,10.5416,10.6701,10.8912,11.0486,11.2023,11.3492,11.49,11.6232,11.751,11.8751,11.9941,12.1088,12.2191,12.3247,12.4266,12.5243,12.6184,12.7091,12.7965,12.873,13.1529,9.15197,74.25
0.0881582,0.566455,1.28739,1.99311,2.66831,3.30485,3.90127,4.45839,4.98551,5.47633,5.93779,6.37122,6.77828,7.15771,7.49825,7.8743,8.19163,8.49951,8.79039,9.06685,9.32897,9.57843,9.81585,10.0417,10.2571,10.4614,10.6574,10.841,10.9719,11.1984,11.3593,11.5163,11.6666,11.8105,11.9467,12.0774,12.2043,12.326,12.4434,12.5562,12.6642,12.7684,12.8683,12.9647,13.0574,13.1469,13.2251,13.5113,9.43841,74.8473
0.100579,0.623919,1.38121,2.11139,2.80524,3.45681,4.06587,4.63399,5.17154,5.67163,6.14183,6.58348,6.9983,7.38492,7.73147,8.11574,8.43925,8.75329,9.05005,9.33214,9.59963,9.85425,10.0966,10.3271,10.5471,10.7557,10.9559,11.1434,11.2766,11.5085,11.6729,11.8333,11.9869,12.134,12.2732,12.4067,12.5364,12.6608,12.7808,12.8961,13.0065,13.1131,13.2152,13.3137,13.4086,13.5001,13.5801,13.8724,9.72848,75.4463
0.100579,0.686162,1.48011,2.23476,2.94712,3.61355,4.2351,4.81402,5.36187,5.87109,6.34991,6.79968,7.22214,7.61586,7.9683,8.36076,8.69037,9.01052,9.3131,9.60076,9.87358,10.1333,10.3806,10.6158,10.8403,11.0532,11.2575,11.4489,11.5844,11.8216,11.9895,12.1533,12.3101,12.4604,12.6025,12.7389,12.8714,12.9985,13.1211,13.2389,13.3517,13.4606,13.565,13.6656,13.7626,13.8561,13.9379,14.2363,10.0222,75.4463
0.151916,0.753389,1.58426,2.36332,3.09404,3.77515,4.409,4.99855,5.55657,6.07477,6.56209,7.01985,7.44986,7.85057,8.20879,8.60941,8.94503,9.27124,9.57957,9.87276,10.1509,10.4157,10.6678,10.9077,11.1366,11.3538,11.5622,11.7575,11.8952,12.1378,12.3091,12.4764,12.6364,12.7897,12.9348,13.0741,13.2093,13.3391,13.4643,13.5846,13.6998,13.811,13.9176,14.0204,14.1194,14.215,14.2985,14.603,10.3197,76.6496
0.170272,0.826009,1.69379,2.4972,3.24608,3.94168,4.58764,5.18763,5.75568,6.28273,6.7784,7.24404,7.6815,8.0891,8.45296,8.86172,9.20329,9.53548,9.84951,10.1482,10.4315,10.7013,10.9583,11.2028,11.4361,11.6576,11.87,12.0692,12.2091,12.4571,12.6318,12.8024,12.9657,13.1221,13.2701,13.4122,13.5502,13.6827,13.8104,13.9332,14.0508,14.1643,14.2731,14.3781,14.4792,14.5767,14.662,14.9726,10.6207,77.2539
0.199015,0.904275,1.80887,2.63651,3.40335,4.11323,4.77109,5.38131,5.95927,6.495,6.99891,7.47231,7.91711,8.33149,8.70087,9.11774,9.46518,9.80329,10.123,10.427,10.7156,10.9904,11.2521,11.5012,11.7389,11.9646,12.1811,12.3841,12.5261,12.7795,12.9576,13.1315,13.298,13.4575,13.6085,13.7534,13.8941,14.0292,14.1595,14.2848,14.4047,14.5206,14.6316,14.7387,14.8418,14.9414,15.0284,15.345,10.9255,77.8599
0.230042,0.988477,1.92965,2.78137,3.56591,4.28984,4.9594,5.57966,6.16739,6.71165,7.22366,7.7047,8.15672,8.57779,8.95255,9.37751,9.73074,10.0747,10.4,10.7094,11.0031,11.2828,11.5493,11.8029,12.045,12.2748,12.4954,12.7021,12.8463,13.1051,13.2865,13.4638,13.6334,13.796,13.9499,14.0975,14.241,14.3788,14.5116,14.6394,14.7616,14.8798,14.993,15.1022,15.2074,15.309,15.3977,15.7203,11.234,78.4677
0.264953,1.0789,2.05628,2.93187,3.73386,4.4716,5.15263,5.78272,6.38008,6.93271,7.45269,7.94125,8.40038,8.82804,9.20806,9.64107,10,10.3498,10.6805,10.9953,11.294,11.5787,11.8499,12.1079,12.3544,12.5884,12.8129,13.0234,13.1696,13.4338,13.6186,13.7991,13.972,14.1376,14.2943,14.4448,14.591,14.7314,14.8668,14.9969,15.1216,15.242,15.3574,15.4688,15.576,15.6795,15.77,16.0984,11.5463,79.0774
0.303945,1.17583,2.1889,3.08812,3.90727,4.65858,5.35085,5.99055,6.5974,7.15825,7.68605,8.18201,8.64815,9.08229,9.46743,9.90847,10.273,10.6285,10.9648,11.2848,11.5886,11.878,12.1539,12.4164,12.6672,12.9052,13.1338,13.3479,13.4962,13.7657,13.9539,14.1377,14.3136,14.4823,14.6419,14.7951,14.9441,15.087,15.225,15.3576,15.4845,15.6072,15.7248,15.8383,15.9475,16.053,16.1453,16.4796,11.8623,79.6888
0.347362,1.27955,2.32767,3.25024,4.08623,4.85083,5.55411,6.2032,6.81939,7.3883,7.9238,8.42702,8.90006,9.34056,9.73069,10.1797,10.5499,10.911,11.2526,11.5779,11.8866,12.1809,12.4613,12.7283,12.9833,13.2254,13.4579,13.6758,13.8259,14.1009,14.2924,14.4794,14.6585,14.8302,14.9926,15.1486,15.3002,15.4458,15.5862,15.7213,15.8506,15.9755,16.0953,16.2108,16.3221,16.4296,16.5236,16.8637,12.1821,80.3021
0.395568,1.39033,2.47273,3.41832,4.27082,5.04842,5.76247,6.42071,7.04611,7.6229,8.16596,8.67633,9.15616,9.60292,9.9979,10.4549,10.8305,11.1973,11.5442,11.8746,12.1883,12.4873,12.7723,13.0437,13.3029,13.5491,13.7854,14.007,14.159,14.4394,14.6341,14.8244,15.0066,15.1813,15.3465,15.5052,15.6595,15.8077,15.9506,16.088,16.2197,16.3469,16.4688,16.5864,16.6997,16.8091,16.9049,17.2507,12.5058,80.9172
0.448935,1.50845,2.62421,3.59247,4.46111,5.25142,5.97597,6.64314,7.2776,7.86212,8.41259,8.92998,9.41648,9.8694,10.2691,10.7341,11.1151,11.4873,11.8396,12.175,12.4936,12.7973,13.0868,13.3625,13.6259,13.8761,14.1163,14.3415,14.4954,14.7811,14.9791,15.1726,15.3579,15.5356,15.7036,15.865,16.022,16.1727,16.3181,16.458,16.5919,16.7213,16.8454,16.9651,17.0804,17.1918,17.2892,17.6408,12.8333,81.5342
0.507847,1.63417,2.78226,3.77278,4.65717,5.45989,6.19469,6.87053,7.51391,8.10599,8.66373,9.18802,9.68108,10.14,10.5443,11.0172,11.4035,11.7812,12.1387,12.4792,12.8025,13.1109,13.4049,13.6849,13.9525,14.2066,14.4507,14.6794,14.8351,15.1262,15.3275,15.5241,15.7125,15.8931,16.064,16.2281,16.3877,16.5409,16.6888,16.831,16.9673,17.0989,17.2251,17.3469,17.4642,17.5775,17.6767,18.0339,13.1646,82.153
0.572679,1.76774,2.94702,3.95934,4.85909,5.67388,6.41865,7.10294,7.75509,8.35455,8.91942,9.45048,9.94998,10.4149,10.8236,11.3044,11.6959,12.079,12.4416,12.7871,13.1152,13.4282,13.7266,14.0108,14.2825,14.5406,14.7885,15.0208,15.1782,15.4747,15.6792,15.879,16.0704,16.2539,16.4276,16.5943,16.7566,16.9124,17.0627,17.2073,17.3458,17.4797,17.608,17.7319,17.8511,17.9664,18.0673,18.4301,13.4999,82.7737
0.643727,1.9094,3.11861,4.15225,5.06692,5.89346,6.64793,7.3404,8.00118,8.60786,9.17971,9.71741,10.2232,10.694,11.1069,11.5957,11.9923,12.3807,12.7484,13.0988,13.4316,13.7492,14.052,14.3404,14.6162,14.8781,15.1298,15.3656,15.5246,15.8266,16.0342,16.2372,16.4316,16.6181,16.7944,16.9639,17.1288,17.287,17.4399,17.5868,17.7275,17.8636,17.9941,18.1199,18.2412,18.3584,18.461,18.8294,13.839,83.3963
0.720878,2.0594,3.29717,4.35161,5.28074,6.11868,6.88257,7.58296,8.25222,8.86594,9.44464,9.98884,10.5009,10.9773,11.3944,11.891,12.2928,12.6864,13.0591,13.4143,13.7518,14.0739,14.381,14.6736,14.9534,15.2192,15.4746,15.7139,15.8746,16.1819,16.3927,16.5988,16.7962,16.9856,17.1646,17.3367,17.5042,17.665,17.8202,17.9695,18.1125,18.2508,18.3833,18.5112,18.6345,18.7535,18.8578,19.2318,14.1821,84.0209
0.802475,2.21795,3.48283,4.55748,5.50062,6.3496,7.12261,7.83066,8.50826,9.12885,9.71424,10.2648,10.783,11.265,11.6861,12.1905,12.5973,12.9961,13.3737,13.7337,14.0758,14.4023,14.7137,15.0105,15.2943,15.5639,15.8229,16.0658,16.2279,16.5407,16.7546,16.9638,17.1642,17.3564,17.5382,17.7129,17.883,18.0462,18.2039,18.3555,18.5007,18.6412,18.7758,18.9058,19.031,19.1519,19.2579,19.6373,14.5292,84.6473
0.88212,2.38524,3.67571,4.76997,5.72661,6.58627,7.3681,8.08355,8.76934,9.39663,9.98857,10.5454,11.0695,11.557,11.982,12.4943,12.9059,13.3098,13.6923,14.057,14.4037,14.7346,15.0502,15.351,15.6388,15.9122,16.1749,16.4212,16.5848,16.903,17.12,17.3322,17.5356,17.7307,17.9151,18.0925,18.2651,18.4308,18.5909,18.7448,18.8922,19.0348,19.1716,19.3035,19.4307,19.5535,19.6612,20.046,14.8802,85.2757
0.941838,2.56141,3.87593,4.98915,5.95878,6.82874,7.6191,8.34166,9.03551,9.6693,10.2677,10.8306,11.3606,11.8535,12.2821,12.8022,13.2186,13.6275,14.0149,14.3843,14.7354,15.0707,15.3905,15.6954,15.987,16.2642,16.5305,16.7802,16.9453,17.2689,17.4889,17.7042,17.9104,18.1084,18.2955,18.4754,18.6506,18.8187,18.9812,19.1374,19.2871,19.4318,19.5706,19.7046,19.8337,19.9584,20.0677,20.4579,15.2352,85.9061
0.941838,2.74649,4.0836,5.21509,6.1972,7.07707,7.87564,8.60505,9.30681,9.94693,10.5515,11.1205,11.6562,12.1544,12.5865,13.1144,13.5355,13.9494,14.3415,14.7155,15.0711,15.4106,15.7346,16.0435,16.3389,16.6198,16.8898,17.1428,17.3093,17.6382,17.8613,18.0796,18.2888,18.4895,18.6793,18.8618,19.0394,19.21,19.3749,19.5334,19.6852,19.8321,19.973,20.1089,20.2399,20.3665,20.4775,20.873,15.5943,85.9061
1.28701,2.94028,4.29884,5.44787,6.44192,7.3313,8.13777,8.87374,9.58326,10.2295,10.8403,11.415,11.9564,12.4597,12.8952,13.4309,13.8567,14.2754,14.6722,15.0508,15.4107,15.7545,16.0826,16.3954,16.6947,16.9792,17.2527,17.5091,17.6769,18.0112,18.2373,18.4586,18.6707,18.8742,19.0666,19.2516,19.4318,19.6048,19.7719,19.9327,20.0868,20.2358,20.3787,20.5166,20.6495,20.778,20.8906,21.2913,15.9575,87.1727
1.33695,3.14373,4.52176,5.68757,6.69299,7.59148,8.40554,9.14777,9.86492,10.5172,11.1338,11.7144,12.2612,12.7696,13.2083,13.7518,14.1821,14.6056,15.007,15.3901,15.7543,16.1023,16.4345,16.7511,17.0542,17.3424,17.6194,17.8791,18.0481,18.3879,18.6169,18.8412,19.0561,19.2623,19.4574,19.6449,19.8276,20.003,20.1725,20.3355,20.4917,20.6428,20.7877,20.9276,21.0624,21.1927,21.307,21.7129,16.3247,87.809
1.49714,3.35665,4.75247,5.93424,6.95047,7.85766,8.67898,9.42719,10.1518,10.8099,11.4324,12.0185,12.5707,13.084,13.5258,14.077,14.5118,14.9401,15.346,15.7335,16.102,16.4541,16.7902,17.1108,17.4176,17.7094,17.9898,18.2528,18.423,18.7681,19.0002,19.2273,19.4451,19.6541,19.8517,20.0417,20.2268,20.4046,20.5764,20.7417,20.9001,21.0533,21.2002,21.342,21.4787,21.6109,21.7268,22.1378,16.696,88.4474
1.63852,3.57924,4.99105,6.18796,7.21441,8.12988,8.95814,9.71203,10.444,11.1077,11.7358,12.3274,12.8849,13.403,13.8477,14.4067,14.8458,15.2788,15.6892,16.081,16.4537,16.8099,17.15,17.4743,17.7848,18.0802,18.364,18.6302,18.8015,19.1521,19.3871,19.6171,19.8377,20.0494,20.2495,20.4421,20.6297,20.8098,20.9839,21.1514,21.3119,21.4671,21.6161,21.7599,21.8984,22.0324,22.1499,22.5661,17.0714,89.0877
1.79789,3.81156,5.2376,6.44879,7.48486,8.40819,9.24305,10.0023,10.7416,11.4106,12.0443,12.6412,13.2038,13.7267,14.1741,14.7408,15.1842,15.6217,16.0366,16.4327,16.8095,17.1697,17.5137,17.8418,18.1559,18.4548,18.7421,19.0115,19.1838,19.5398,19.7777,20.0106,20.2339,20.4483,20.651,20.846,21.036,21.2185,21.3949,21.5646,21.7272,21.8845,22.0354,22.1811,22.3216,22.4574,22.5765,22.9976,17.4509,89.7301
1.96665,4.05369,5.49223,6.71679,7.76188,8.69262,9.53376,10.2981,11.0444,11.7187,12.3577,12.9598,13.5275,14.055,14.505,15.0794,15.527,15.969,16.3882,16.7885,17.1695,17.5337,17.8815,18.2133,18.531,18.8334,19.124,19.3966,19.5699,19.9313,20.172,20.4078,20.6339,20.8509,21.0561,21.2536,21.446,21.6307,21.8094,21.9813,22.146,22.3054,22.4582,22.6059,22.7482,22.8858,23.0065,23.4326,17.8347,90.3745
2.14714,4.30567,5.755,6.992,8.0455,8.98322,9.83029,10.5994,11.3527,12.0321,12.6763,13.2834,13.8561,14.388,14.8404,15.4225,15.8742,16.3207,16.7441,17.1487,17.5336,17.9017,18.2533,18.5888,18.9101,19.2159,19.5098,19.7855,19.9597,20.3265,20.5701,20.8087,21.0375,21.2572,21.4649,21.6648,21.8595,22.0466,22.2275,22.4016,22.5684,22.7298,22.8846,23.0341,23.1783,23.3176,23.4399,23.871,18.2226,91.0211
2.33933,4.56754,6.02601,7.27449,8.33576,9.28004,10.1327,10.9063,11.6664,12.3506,12.9999,13.612,14.1894,14.7257,15.1803,15.7702,16.226,16.6768,17.1044,17.513,17.9019,18.2739,18.6292,18.9683,19.2931,19.6023,19.8995,20.1783,20.3534,20.7256,20.9719,21.2133,21.4448,21.6671,21.8773,22.0796,22.2767,22.4661,22.6492,22.8254,22.9943,23.1577,23.3145,23.4659,23.6119,23.753,23.8769,24.3128,18.6147,91.6697
2.54352,4.83932,6.30532,7.5643,8.63271,9.58309,10.441,11.2188,11.9856,12.6745,13.3287,13.9456,14.5277,15.0682,15.5249,16.1224,16.5822,17.0373,17.469,17.8817,18.2745,18.6503,19.0093,19.3519,19.6802,19.9928,20.2932,20.575,20.7509,21.1285,21.3776,21.6218,21.856,22.0808,22.2934,22.4981,22.6976,22.8892,23.0746,23.2529,23.4238,23.5892,23.7479,23.9012,24.049,24.1919,24.3174,24.758,19.0112,92.3204
2.75955,5.12101,6.59301,7.86147,8.93639,9.89242,10.7552,11.5368,12.3103,13.0037,13.6626,14.2842,14.8708,15.4155,15.8741,16.4793,16.9429,17.4022,17.8381,18.2547,18.6513,19.0308,19.3935,19.7397,20.0714,20.3872,20.6909,20.9757,21.1523,21.5353,21.7872,22.0341,22.2709,22.4983,22.7133,22.9204,23.1222,23.316,23.5036,23.684,23.857,24.0243,24.185,24.3401,24.4897,24.6344,24.7614,25.2068,19.4119,92.9732
2.9861,5.41261,6.88914,8.16605,9.24684,10.2081,11.0755,11.8606,12.6405,13.3382,14.0018,14.6279,15.219,15.7676,16.228,16.8409,17.3083,17.7717,18.2115,18.6321,19.0325,19.4157,19.782,20.1316,20.4667,20.7858,21.0926,21.3804,21.5577,21.946,22.2006,22.4502,22.6896,22.9196,23.137,23.3464,23.5505,23.7465,23.9363,24.1188,24.2938,24.4631,24.6257,24.7826,24.934,25.0804,25.209,25.659,19.8169,93.6282
3.2186,5.71408,7.19378,8.47808,9.56409,10.5301,11.4017,12.19,12.9763,13.6781,14.3461,14.9766,15.5721,16.1247,16.5866,17.2072,17.6782,18.1457,18.5895,19.0138,19.418,19.8048,20.1746,20.5276,20.8661,21.1884,21.4984,21.7891,21.9669,22.3607,22.618,22.8702,23.1123,23.3447,23.5645,23.7762,23.9826,24.1808,24.3727,24.5573,24.7343,24.9056,25.07,25.2288,25.3819,25.5301,25.6602,26.1148,20.2262,94.2853
3.4453,6.02534,7.50696,8.7976,9.88816,10.8584,11.7339,12.5251,13.3177,14.0234,14.6958,15.3306,15.9302,16.4866,16.9499,17.5782,18.0528,18.5243,18.9719,19.4001,19.8079,20.1983,20.5716,20.9279,21.2696,21.5952,21.9082,22.2018,22.3802,22.7793,23.0393,23.2942,23.5388,23.7737,23.9958,24.2098,24.4184,24.6189,24.8129,24.9996,25.1785,25.3517,25.518,25.6786,25.8335,25.9834,26.115,26.5742,20.6399,94.9446
3.64224,6.34627,7.82874,9.12463,10.2191,11.1932,12.0723,12.866,13.6647,14.3742,15.0508,15.6897,16.2934,16.8535,17.318,17.954,18.4321,18.9075,19.3589,19.7908,20.2022,20.5961,20.9728,21.3325,21.6774,22.0061,22.3222,22.6186,22.7975,23.202,23.4646,23.7221,23.9692,24.2066,24.431,24.6473,24.8581,25.0607,25.2568,25.4456,25.6264,25.8016,25.9698,26.1322,26.2888,26.4403,26.5736,27.0372,21.058,95.606
3.76971,6.67655,8.15917,9.45921,10.5569,11.5345,12.4167,13.2126,14.0174,14.7305,15.4111,16.054,16.6617,17.2254,17.691,18.3346,18.8161,19.2954,19.7505,20.1859,20.6009,20.9983,21.3784,21.7413,22.0895,22.4212,22.7403,23.0396,23.2188,23.6287,23.8938,24.1539,24.4036,24.6434,24.8701,25.0886,25.3016,25.5064,25.7046,25.8954,26.0782,26.2553,26.4253,26.5894,26.7478,26.901,27.0357,27.5037,21.4805,96.2697
3.76971,7.01562,8.49826,9.80136,10.9017,11.8822,12.7672,13.5651,14.3759,15.0923,15.7767,16.4236,17.0351,17.6023,18.0687,18.72,19.2049,19.6879,20.1466,20.5857,21.0041,21.4049,21.7884,22.1545,22.5058,22.8406,23.1626,23.4647,23.6442,24.0595,24.3272,24.5898,24.8419,25.0842,25.3131,25.5339,25.7491,25.9559,26.1562,26.349,26.5337,26.7127,26.8845,27.0504,27.2105,27.3654,27.5016,27.9739,21.9074,96.2697
4.97833,7.36262,8.84606,10.1511,11.2534,12.2364,13.1239,13.9233,14.74,15.4596,16.1478,16.7984,17.4137,17.9842,18.4513,19.1103,19.5985,20.0851,20.5474,20.99,21.4119,21.816,22.2027,22.572,22.9264,23.2642,23.5891,23.894,24.0737,24.4944,24.7646,25.0297,25.2843,25.5289,25.7601,25.983,26.2004,26.4093,26.6117,26.8064,26.9931,27.1739,27.3475,27.5152,27.6769,27.8335,27.9712,28.4478,22.3388,97.6036
4.96523,7.72024,9.20257,10.5085,11.6121,12.5971,13.4868,14.2874,15.1099,15.8325,16.5243,17.1786,17.7975,18.3712,18.8389,19.5056,19.9969,20.4871,20.9529,21.399,21.8241,22.2316,22.6215,22.9939,23.3513,23.6921,24.0199,24.3275,24.5074,24.9334,25.2061,25.4738,25.7308,25.9777,26.2112,26.4363,26.6558,26.8668,27.0712,27.2679,27.4565,27.6392,27.8146,27.984,28.1475,28.3057,28.4449,28.9258,22.7751,98.2739
5.55491,8.08727,9.56781,10.8735,11.9777,12.9643,13.8559,14.6574,15.4856,16.2111,16.9063,17.564,18.1865,18.7634,19.2313,19.9057,20.4001,20.8939,21.3631,21.8125,22.241,22.6517,23.0448,23.4202,23.7807,24.1244,24.455,24.7652,24.9452,25.3766,25.6518,25.9219,26.1812,26.4305,26.6661,26.8934,27.1149,27.328,27.5343,27.733,27.9234,28.1078,28.285,28.4561,28.6212,28.781,28.9216,29.4066,23.2147,98.9465
5.93517,8.46443,9.94178,11.2461,12.3504,13.3382,14.2312,15.0333,15.8672,16.5953,17.2938,17.9549,18.5808,19.1607,19.6288,20.3109,20.8083,21.3055,21.7781,22.2308,22.6625,23.0764,23.4725,23.851,24.2144,24.561,24.8944,25.2073,25.3873,25.824,26.1016,26.3742,26.6359,26.8874,27.1252,27.3546,27.5783,27.7933,28.0017,28.2023,28.3945,28.5808,28.7598,28.9326,29.0994,29.2609,29.403,29.892,23.6601,99.6213
6.38846,8.85166,10.3245,11.6264,12.7301,13.7186,14.6128,15.4151,16.2546,16.9851,17.6869,18.3512,18.9804,19.5632,20.0312,20.7211,21.2214,21.722,22.1978,22.6538,23.0887,23.5057,23.9049,24.2863,24.6526,25.002,25.3382,25.6536,25.8336,26.2758,26.5557,26.8307,27.0947,27.3485,27.5884,27.82,28.0457,28.2628,28.4732,28.6757,28.8698,29.0579,29.2386,29.4132,29.5816,29.7448,29.8883,30.3814,24.1103,100.298
6.82144,9.24911,10.7159,12.0144,13.1169,14.1057,15.0007,15.8028,16.6479,17.3807,18.0854,18.7529,19.3853,19.9709,20.4387,21.1363,21.6394,22.1433,22.6224,23.0815,23.5195,23.9396,24.3417,24.7261,25.0952,25.4475,25.7863,26.1043,26.2841,26.7316,27.0139,27.2912,27.5575,27.8135,28.0555,28.2891,28.5168,28.7359,28.9481,29.1525,29.3483,29.5381,29.7205,29.8966,30.0666,30.2312,30.3761,30.8731,24.5629,100.978
7.28478,9.65681,11.1161,12.4101,13.5107,14.4993,15.3949,16.1966,17.0471,17.782,18.4897,19.1601,19.7955,20.3839,20.8513,21.5566,22.0625,22.5696,23.0518,23.5141,23.9551,24.3781,24.7833,25.1705,25.5424,25.8974,26.2389,26.5594,26.739,27.1919,27.4766,27.7562,28.0248,28.283,28.5271,28.7628,28.9926,29.2136,29.4279,29.6342,29.8318,30.0235,30.2076,30.3855,30.5571,30.7234,30.8698,31.3707,25.0231,101.66
7.73534,10.0748,11.525,12.8134,13.9115,14.8997,15.7954,16.5963,17.4522,18.1891,18.8995,19.5728,20.2112,20.8021,21.2689,21.982,22.4906,23.0008,23.4861,23.9514,24.3954,24.8214,25.2294,25.6194,25.9941,26.3518,26.6959,27.0189,27.1982,27.6565,27.9434,28.2253,28.4961,28.7565,29.0026,29.2404,29.4721,29.695,29.9111,30.1192,30.3186,30.512,30.6978,30.8773,31.0505,31.2183,31.3661,31.8707,25.4859,102.344
8.15185,10.5031,11.9425,13.2245,14.3195,15.3067,16.2023,17.002,17.8633,18.602,19.315,19.9911,20.6323,21.2257,21.6918,22.4126,22.9237,23.437,23.9254,24.3937,24.8406,25.2694,25.6803,26.073,26.4504,26.8107,27.1574,27.4828,27.6618,28.1255,28.4146,28.6988,28.9718,29.2344,29.4825,29.7222,29.9559,30.1808,30.3988,30.6087,30.8098,31.0049,31.1924,31.3735,31.5482,31.7176,31.8667,32.3751,25.9541,103.03
8.51949,10.9416,12.3687,13.6432,14.7346,15.7204,16.6155,17.4137,18.2804,19.0207,19.7362,20.4149,21.0589,21.6547,22.1197,22.8484,23.362,23.8783,24.3695,24.8407,25.2905,25.7222,26.1358,26.5313,26.9113,27.2743,27.6235,27.9513,28.1298,28.5988,28.8901,29.1766,29.4517,29.7164,29.9666,30.2083,30.4439,30.6707,30.8905,31.1022,31.3051,31.5019,31.691,31.8737,32.05,32.2209,32.3715,32.8835,26.427,103.719
8.79833,11.3897,12.8036,14.0696,15.1568,16.1408,17.0351,17.8315,18.7036,19.4452,20.1631,20.8444,21.491,22.0891,22.5529,23.2894,23.8054,24.3246,24.8187,25.2928,25.7453,26.1798,26.5961,26.9942,27.3769,27.7424,28.0941,28.4242,28.6023,29.0766,29.3701,29.6587,29.9361,30.2028,30.455,30.6986,30.9361,31.1647,31.3864,31.5999,31.8045,32.003,32.1938,32.378,32.5558,32.7282,32.8802,33.3958,26.9046,104.41
8.96946,11.8469,13.2471,14.5037,15.586,16.5679,17.4612,18.2554,19.1328,19.8757,20.5958,21.2795,21.9286,22.5288,22.9913,23.7356,24.2539,24.776,25.2729,25.7498,26.2051,26.6422,27.0612,27.4619,27.8471,28.2151,28.5693,28.9017,29.0792,29.5589,29.8545,30.1453,30.4247,30.6936,30.9476,31.1932,31.4326,31.6631,31.8866,32.1018,32.3081,32.5082,32.7006,32.8864,33.0657,33.2396,33.3929,33.9121,27.387,105.104
8.96946,12.3121,13.6991,14.9454,16.0224,17.0017,17.8937,18.6853,19.5681,20.3121,21.0342,21.7202,22.3717,22.9741,23.435,24.1872,24.7077,25.2326,25.7322,26.2117,26.6697,27.1095,27.5311,27.9344,28.3221,28.6926,29.0491,29.3838,29.5606,30.0456,30.3434,30.6363,30.9178,31.1887,31.4447,31.6921,31.9334,32.1657,32.3909,32.6079,32.8158,33.0176,33.2116,33.3989,33.5798,33.7552,33.9098,34.4324,27.8742,105.104
11.7517,12.7841,14.1597,15.3949,16.466,17.4423,18.3327,19.1214,20.0095,20.7544,21.4785,22.1666,22.8205,23.4248,23.884,24.6441,25.1668,25.6943,26.1966,26.6788,27.1393,27.5817,28.0058,28.4116,28.8018,29.1747,29.5336,29.8705,30.0465,30.5369,30.8368,31.1318,31.4154,31.6883,31.9461,32.1954,32.4385,32.6725,32.8996,33.1183,33.3279,33.5313,33.7268,33.9157,34.098,34.2749,34.4308,34.9567,28.3663,106.498
10.9644,13.2692,14.6288,15.8519,16.9166,17.8897,18.7781,19.5636,20.457,21.2027,21.9287,22.6188,23.2749,23.8811,24.3383,25.1063,25.6311,26.1612,26.6661,27.1508,27.6139,28.0589,28.4855,28.8937,29.2863,29.6616,30.0227,30.3618,30.5371,31.0328,31.3347,31.6318,31.9174,32.1922,32.4519,32.703,32.948,33.1838,33.4125,33.633,33.8441,34.0491,34.2463,34.4366,34.6204,34.7987,34.956,35.4852,28.8632,107.199
12.2956,13.7633,15.1062,16.3166,17.3744,18.3439,19.23,20.012,20.9107,21.657,22.3847,23.0768,23.735,24.343,24.798,25.5739,26.1007,26.6333,27.1407,27.628,28.0936,28.541,28.9701,29.3806,29.7756,30.1532,30.5166,30.8579,31.0322,31.5333,31.8372,32.1363,32.4239,32.7006,32.9621,33.2151,33.4618,33.6994,33.9299,34.152,34.3647,34.5713,34.77,34.9618,35.147,35.3268,35.4853,36.0178,29.365,107.902
12.4912,14.2685,15.5921,16.789,17.8393,18.8048,19.6885,20.4665,21.3706,22.1174,22.8466,23.5405,24.2007,24.8104,25.263,26.047,26.5756,27.1108,27.6206,28.1103,28.5783,29.0282,29.4596,29.8725,30.2698,30.6497,31.0153,31.3586,31.532,32.0384,32.3443,32.6454,32.9349,33.2136,33.4768,33.7316,33.9801,34.2194,34.4516,34.6753,34.8896,35.0978,35.2979,35.4912,35.6779,35.8591,36.0189,36.5545,29.8717,108.608
13.2554,14.7837,16.0863,17.2689,18.3114,19.2726,20.1535,20.9272,21.8368,22.5838,23.3144,24.0101,24.6722,25.2835,25.7335,26.5255,27.056,27.5935,28.1057,28.5978,29.0682,29.5204,29.9541,30.3693,30.7688,31.151,31.5188,31.8641,32.0364,32.5482,32.8561,33.159,33.4505,33.7311,33.9961,34.2526,34.5029,34.7438,34.9777,35.203,35.4189,35.6285,35.8302,36.025,36.2131,36.3956,36.5567,37.0954,30.3834,109.316
13.791,15.3093,16.5888,17.7564,18.7906,19.7471,20.625,21.3941,22.3091,23.0563,23.7883,24.4855,25.1494,25.7622,26.2095,27.0095,27.5418,28.0816,28.5961,29.0905,29.5632,30.0176,30.4537,30.8711,31.2728,31.6572,32.027,32.3744,32.5456,33.0627,33.3725,33.6774,33.9707,34.2531,34.5199,34.7781,35.0301,35.2727,35.5082,35.7351,35.9526,36.1637,36.3669,36.5631,36.7526,36.9365,37.0988,37.6405,30.9001,110.027
14.426,15.845,17.0995,18.2515,19.2769,20.2285,21.1031,21.8672,22.7878,23.5349,24.2681,24.9669,25.6325,26.2466,26.691,27.499,28.033,28.575,29.0918,29.5885,30.0634,30.52,30.9583,31.3778,31.7817,32.1682,32.5402,32.8895,33.0595,33.582,33.8936,34.2004,34.4956,34.7798,35.0482,35.3082,35.5618,35.806,36.0432,36.2717,36.4907,36.7033,36.9079,37.1056,37.2964,37.4817,37.6453,38.19,31.4219,110.74
15.0407,16.3908,17.6183,18.7541,19.7703,20.7167,21.5878,22.3465,23.2727,24.0197,24.754,25.4541,26.1213,26.7368,27.1779,27.9941,28.5297,29.0739,29.5928,30.0917,30.5687,31.0276,31.468,31.8897,32.2957,32.6843,33.0583,33.4095,33.5782,34.106,34.4195,34.7281,35.0251,35.3111,35.5812,35.8429,36.0981,36.3439,36.5827,36.8127,37.0332,37.2473,37.4534,37.6524,37.8446,38.0312,38.1961,38.7436,31.9487,111.456
15.6723,16.9465,18.1453,19.2643,20.2709,21.2118,22.0791,22.8321,23.7639,24.5106,25.2459,25.9474,26.6161,27.2327,27.6705,28.4948,29.0319,29.5782,30.0992,30.6002,31.0794,31.5404,31.9829,32.4066,32.8147,33.2053,33.5812,33.9344,34.1017,34.6349,34.9501,35.2605,35.5593,35.8471,36.1189,36.3821,36.639,36.8864,37.1267,37.3583,37.5803,37.7958,38.0033,38.2038,38.3972,38.5852,38.7513,39.3015,32.4805,112.174
16.3069,17.512,18.6803,19.7819,20.7786,21.7137,22.577,23.324,24.2615,25.0078,25.744,26.4466,27.1167,27.7345,28.1686,29.0011,29.5397,30.088,30.611,31.1141,31.5953,32.0583,32.5029,32.9286,33.3387,33.7313,34.1092,34.4642,34.6301,35.1686,35.4855,35.7977,36.0983,36.3877,36.6611,36.926,37.1845,37.4335,37.6754,37.9084,38.1319,38.3488,38.5577,38.7595,38.9543,39.1436,39.3108,39.8638,33.0175,112.895
16.9402,18.0871,19.2233,20.3071,21.2934,22.2224,23.0816,23.8222,24.7655,25.5112,26.2481,26.9518,27.6232,28.2421,28.6724,29.5131,30.0531,30.6034,31.1283,31.6333,32.1165,32.5816,33.0281,33.4558,33.8679,34.2624,34.6422,34.9989,35.1633,35.7071,36.0258,36.3398,36.6421,36.9332,37.2081,37.4746,37.7347,37.9852,38.2286,38.4631,38.688,38.9063,39.1166,39.3197,39.5158,39.7064,39.8749,40.4305,33.5597,113.619
17.556,18.6717,19.7742,20.8396,21.8153,22.7381,23.5928,24.3266,25.2759,26.0208,26.7584,27.4631,28.1358,28.7555,29.1818,30.0308,30.5721,31.1242,31.6511,32.158,32.6431,33.1101,33.5586,33.9882,34.4021,34.7986,35.1802,35.5387,35.7014,36.2506,36.571,36.8866,37.1906,37.4833,37.7599,38.028,38.2896,38.5415,38.7864,39.0224,39.2487,39.4684,39.68,39.8845,40.0819,40.2737,40.4434,41.0015,34.107,114.345
18.1274,19.2656,20.3329,21.3796,22.3443,23.2606,24.1107,24.8374,25.7927,26.5368,27.2749,27.9805,28.6543,29.2749,29.6969,30.5543,31.0967,31.6507,32.1793,32.6881,33.1751,33.644,34.0943,34.5257,34.9416,35.3399,35.7233,36.0835,36.2445,36.799,37.1211,37.4384,37.744,38.0384,38.3164,38.586,38.8491,39.1026,39.349,39.5863,39.8141,40.0351,40.2481,40.4539,40.6525,40.8456,41.0164,41.577,34.6595,115.074
18.62,19.8682,20.8995,21.927,22.8805,23.79,24.6353,25.3545,26.3159,27.0591,27.7976,28.5039,29.1788,29.8001,30.2178,31.0835,31.6271,32.1828,32.7132,33.2238,33.7126,34.1832,34.6353,35.0686,35.4862,35.8863,36.2715,36.6334,36.7926,37.3525,37.6761,37.9951,38.3023,38.5982,38.8778,39.1489,39.4135,39.6684,39.9162,40.155,40.3841,40.6065,40.8207,41.0278,41.2276,41.422,41.5939,42.1569,35.2174,115.805
18.9999,20.4791,21.4737,22.4818,23.4237,24.3262,25.1667,25.8779,26.8456,27.5877,28.3266,29.0336,29.7094,30.3314,30.7444,31.6185,32.1632,32.7206,33.2526,33.7649,34.2554,34.7279,35.1818,35.6167,36.0361,36.4379,36.8249,37.1884,37.3457,37.9109,38.2361,38.5567,38.8655,39.163,39.444,39.7166,39.9826,40.2389,40.4882,40.7283,40.9587,41.1825,41.398,41.6064,41.8074,42.0029,42.1761,42.7414,35.7805,116.539
19.2284,21.0971,22.0557,23.0439,23.9741,24.8694,25.7047,26.4077,27.3818,28.1227,28.8618,29.5694,30.246,30.8687,31.2768,32.1593,32.7051,33.264,33.7977,34.3116,34.8038,35.278,35.7336,36.1702,36.5913,36.9948,37.3834,37.7485,37.9039,38.4744,38.8011,39.1232,39.4336,39.7326,40.0151,40.2891,40.5566,40.8143,41.0649,41.3064,41.5382,41.7632,41.9799,42.1896,42.3918,42.5886,42.7628,43.3304,36.3489,117.276
19.2284,21.721,22.6453,23.6133,24.5315,25.4195,26.2495,26.9438,27.9246,28.6641,29.4033,30.1114,30.7888,31.412,31.815,32.7061,33.2527,33.8132,34.3484,34.864,35.3578,35.8335,36.2908,36.729,37.1518,37.557,37.9472,38.3138,38.4671,39.043,39.3712,39.6949,40.0067,40.3072,40.5911,40.8665,41.1354,41.3944,41.6464,41.8893,42.1223,42.3486,42.5666,42.7775,42.9809,43.1788,43.3542,43.9239,36.9227,117.276
22.7861,22.3491,23.2424,24.19,25.096,25.9765,26.801,27.4864,28.4738,29.212,29.9512,30.6597,31.3378,31.9614,32.3591,33.2587,33.8063,34.3682,34.9048,35.4219,35.9173,36.3946,36.8534,37.2933,37.7176,38.1244,38.5162,38.8843,39.0355,39.6167,39.9464,40.2715,40.5849,40.8868,41.172,41.4489,41.7191,41.9795,42.2328,42.477,42.7113,42.9388,43.1581,43.3701,43.5747,43.7737,43.9503,44.522,37.5019,118.758
21.76,22.9886,23.847,24.774,25.6675,26.5404,27.3593,28.0353,29.0297,29.7663,30.5054,31.2142,31.893,32.5169,32.909,33.8173,34.3657,34.9289,35.467,35.9855,36.4824,36.9612,37.4216,37.863,38.2889,38.6972,39.0905,39.4601,39.609,40.1956,40.5267,40.8533,41.168,41.4714,41.758,42.0362,42.3078,42.5694,42.8241,43.0696,43.3051,43.5339,43.7543,43.9676,44.1733,44.3734,44.551,45.1247,38.0865,119.502
23.447,23.6347,24.4589,25.3652,26.2462,27.1113,27.9245,28.5907,29.5921,30.3271,31.0661,31.7751,32.4543,33.0785,33.4649,34.3818,34.931,35.4955,36.0349,36.5549,37.0531,37.5335,37.9953,38.4381,38.8655,39.2753,39.6701,40.0411,40.1878,40.7796,41.1121,41.4402,41.7563,42.061,42.3489,42.6285,42.9014,43.1643,43.4202,43.667,43.9038,44.1337,44.3553,44.5697,44.7766,44.9779,45.1565,45.7322,38.6765,120.25
23.6556,24.2898,25.0782,25.9635,26.8318,27.6891,28.4964,29.1525,30.1612,30.8944,31.6332,32.3423,33.022,33.6463,34.0267,34.9524,35.5022,36.068,36.6087,37.13,37.6296,38.1113,38.5746,39.0188,39.4477,39.8589,40.2551,40.6275,40.7718,41.3689,41.7028,42.0322,42.3497,42.6558,42.945,43.2258,43.5,43.7641,44.0213,44.2694,44.5073,44.7384,44.9612,45.1767,45.3847,45.5871,45.7668,46.3443,39.2721,121
24.6051,24.9524,25.7048,26.569,27.4246,28.2738,29.0752,29.7208,30.7369,31.4683,32.2067,32.9159,33.5959,34.2203,34.5946,35.5291,36.0795,36.6464,37.1882,37.7108,38.2118,38.6948,39.1594,39.6051,40.0353,40.448,40.8455,41.2192,41.3611,41.9635,42.2987,42.6294,42.9483,43.2556,43.5461,43.8282,44.1036,44.369,44.6275,44.8766,45.1158,45.3481,45.572,45.7886,45.9977,46.2012,46.3819,46.9611,39.8731,121.753
25.2377,25.6229,26.3385,27.1817,28.0243,28.8654,29.6608,30.2955,31.3193,32.0487,32.7867,33.4959,34.1762,34.8006,35.1684,36.1118,36.6627,37.2307,37.7737,38.2975,38.7997,39.284,39.75,40.1969,40.6285,41.0425,41.4414,41.8163,41.9556,42.5634,42.8998,43.2319,43.552,43.8607,44.1523,44.4357,44.7124,44.9789,45.2386,45.4889,45.7293,45.9627,46.1877,46.4054,46.6156,46.8201,47.0018,47.5827,40.4797,122.509
26.0006,26.3009,26.9794,27.8014,28.6312,29.4641,30.2532,30.8767,31.9084,32.6358,33.3733,34.0823,34.7628,35.3872,35.7483,36.7006,37.2521,37.8211,38.3651,38.8901,39.3934,39.879,40.3461,40.7943,41.2272,41.6425,42.0427,42.4189,42.5556,43.1686,43.5063,43.8396,44.161,44.4709,44.7638,45.0484,45.3262,45.5939,45.8547,46.1063,46.3477,46.5822,46.8083,47.0271,47.2383,47.4439,47.6267,48.2091,41.0918,123.268
26.7258,26.9864,27.6273,28.4283,29.245,30.0697,30.8526,31.4644,32.5042,33.2295,33.9664,34.6752,35.3558,35.9801,36.3343,37.2956,37.8474,38.4174,38.9625,39.4885,39.993,40.4797,40.9481,41.3974,41.8315,42.2481,42.6495,43.027,43.1609,43.7793,44.1181,44.4527,44.7753,45.0864,45.3804,45.6662,45.9452,46.214,46.476,46.7286,46.9712,47.2068,47.4339,47.6538,47.8661,48.0726,48.2564,48.8403,41.7097,124.03
27.4677,27.679,28.2822,29.0621,29.8659,30.6822,31.4589,32.0586,33.1068,33.8299,34.5661,35.2746,35.9552,36.5794,36.9264,37.8968,38.449,39.0198,39.5658,40.0929,40.5984,41.0862,41.5557,42.0063,42.4415,42.8593,43.2619,43.6405,43.7716,44.3953,44.7353,45.071,45.3949,45.7072,46.0023,46.2892,46.5693,46.8392,47.1024,47.3561,47.5998,47.8364,48.0646,48.2855,48.4988,48.7063,48.891,49.4764,42.3332,124.794
28.2062,28.3787,28.9441,29.703,30.4938,31.3018,32.072,32.6593,33.7161,34.437,35.1724,35.8805,36.5612,37.185,37.5247,38.5042,39.0567,39.6283,40.1752,40.7032,41.2097,41.6986,42.1692,42.6208,43.0572,43.4761,43.8799,44.2596,44.3878,45.0168,45.3579,45.6948,46.0198,46.3332,46.6294,46.9175,47.1986,47.4697,47.7339,47.9887,48.2334,48.4711,48.7003,48.9222,49.1365,49.345,49.5307,50.1174,42.9624,125.561
28.937,29.0853,29.6128,30.3509,31.1286,31.9283,32.6922,33.2665,34.3323,35.0508,35.7853,36.4931,37.1736,37.7971,38.1292,39.1179,39.6706,40.243,40.7907,41.3196,41.827,42.3168,42.7885,43.2411,43.6786,44.0987,44.5035,44.8843,45.0095,45.6438,45.986,46.324,46.6501,46.9646,47.2619,47.5511,47.8333,48.1054,48.3706,48.6265,48.8723,49.1109,49.3411,49.564,49.7793,49.9888,50.1753,50.7633,43.5973,126.332
29.641,29.7985,30.2883,31.0057,31.7705,32.5618,33.3192,33.8803,34.9553,35.6714,36.405,37.1122,37.7925,38.4157,38.7399,39.7379,40.2908,40.8638,41.4122,41.942,42.4502,42.941,43.4136,43.8673,44.3058,44.7269,45.1327,45.5145,45.6367,46.2763,46.6195,46.9586,47.2858,47.6014,47.8997,48.1899,48.4732,48.7463,49.0126,49.2695,49.5163,49.7559,49.987,50.2109,50.4271,50.6376,50.825,51.4142,44.2381,127.105
30.2891,30.5182,30.9706,31.6675,32.4194,33.2023,33.9533,34.5007,35.5851,36.2987,37.0313,37.7379,38.418,39.0407,39.3569,40.3642,40.9172,41.4909,42.04,42.5704,43.0795,43.5712,44.0447,44.4992,44.9388,45.3608,45.7677,46.1505,46.2695,46.9144,47.2586,47.5988,47.927,48.2436,48.5429,48.8342,49.1184,49.3926,49.6598,49.9177,50.1655,50.406,50.6381,50.863,51.0801,51.2914,51.4798,52.0701,44.8846,127.881
30.8457,31.2439,31.6596,32.3362,33.0753,33.8499,34.5943,35.1277,36.2217,36.9329,37.6644,38.3704,39.0501,39.6723,39.9801,40.9968,41.55,42.1241,42.6738,43.205,43.7148,44.2073,44.6817,45.1371,45.5776,46.0006,46.4084,46.7921,46.9079,47.5581,47.9033,48.2444,48.5737,48.8913,49.1915,49.4838,49.769,50.0441,50.3124,50.5712,50.8199,51.0614,51.2945,51.5203,51.7383,51.9505,52.1398,52.731,45.537,128.659
31.2765,31.9748,32.3552,33.0117,33.7382,34.5044,35.2424,35.7612,36.8653,37.5739,38.3043,39.0095,39.6888,40.3105,40.6097,41.636,42.1891,42.7637,43.314,43.8458,44.3563,44.8495,45.3246,45.7809,46.2223,46.6462,47.0549,47.4395,47.5519,48.2074,48.5535,48.8956,49.2259,49.5445,49.8456,50.1388,50.4251,50.7011,50.9702,51.23,51.4797,51.7221,51.9561,52.1827,52.4017,52.6147,52.8049,53.3971,46.1953,129.441
31.537,32.7102,33.0574,33.6941,34.4081,35.166,35.8975,36.4014,37.5158,38.2218,38.951,39.6554,40.3342,40.9553,41.2457,42.2815,42.8346,43.4096,43.9603,44.4927,45.0038,45.4978,45.9736,46.4307,46.8729,47.2976,47.7072,48.0927,48.2017,48.8624,49.2094,49.5524,49.8836,50.2032,50.5052,50.7993,51.0865,51.3634,51.6335,51.8942,52.1448,52.3881,52.6229,52.8505,53.0703,53.2842,53.4751,54.0682,46.8595,130.226
31.537,33.4486,33.7662,34.3834,35.085,35.8347,36.5597,37.0482,38.1733,38.8766,39.6045,40.3081,40.9863,41.6068,41.8881,42.9335,43.4865,44.0619,44.613,45.1459,45.6576,46.1521,46.6287,47.0865,47.5294,47.955,48.3653,48.7516,48.8571,49.5232,49.871,50.2149,50.547,50.8674,51.1703,51.4653,51.7534,52.0312,52.3022,52.5637,52.8152,53.0594,53.2951,53.5235,53.7441,53.9588,54.1507,54.7445,47.5297,130.226
35.5694,34.1884,34.4814,35.0794,35.7688,36.5104,37.2289,37.7017,38.8377,39.5384,40.2649,40.9676,41.6452,42.2649,42.5369,43.5921,44.1449,44.7205,45.272,45.8054,46.3175,46.8127,47.2899,47.7483,48.192,48.6183,49.0294,49.4165,49.5183,50.1897,50.5383,50.8831,51.216,51.5373,51.841,52.1369,52.4259,52.7045,52.9763,53.2387,53.4911,53.736,53.9726,54.2018,54.4233,54.6388,54.8315,55.4259,48.2059,131.805
34.3637,34.9372,35.2031,35.7823,36.4597,37.1931,37.9053,38.3618,39.5092,40.2071,40.9322,41.6339,42.3108,42.9298,43.1922,44.2572,44.8098,45.3856,45.9374,46.4711,46.9838,47.4794,47.9572,48.4162,48.8606,49.2875,49.6994,50.0872,50.1854,50.862,51.2114,51.557,51.8907,52.2128,52.5174,52.8141,53.1038,53.3833,53.656,53.9192,54.1724,54.4181,54.6555,54.8855,55.1078,55.3241,55.5176,56.1126,48.8881,132.599
36.2921,35.6899,35.9311,36.4919,37.1575,37.883,38.5888,39.0286,40.1877,40.8829,41.6065,42.3071,42.9833,43.6014,43.854,44.9289,45.4813,46.0572,46.6092,47.1432,47.6562,48.1524,48.6307,49.0903,49.5352,49.9629,50.3753,50.7638,50.8582,51.5401,51.8902,52.2366,52.5711,52.894,53.1993,53.4968,53.7874,54.0677,54.3412,54.6051,54.8591,55.1057,55.3438,55.5747,55.7977,56.0147,56.2091,56.8045,49.5764,133.395
36.4733,36.4492,36.6654,37.2083,37.8623,38.5799,39.2794,39.7021,40.8732,41.5656,42.2878,42.9872,43.6626,44.2798,44.5224,45.6072,46.1593,46.7353,47.2874,47.8218,48.3351,48.8316,49.3103,49.7704,50.216,50.6442,51.0573,51.4464,51.537,52.2241,52.5749,52.922,53.2573,53.581,53.887,54.1852,54.4766,54.7577,55.0319,55.2967,55.5514,55.7987,56.0377,56.2692,56.493,56.7108,56.9059,57.5018,50.2708,134.195
37.549,37.2136,37.406,37.9314,38.5741,39.2839,39.9772,40.3823,41.5658,42.2555,42.976,43.6742,44.3487,44.9651,45.1973,46.2922,46.844,47.42,47.9722,48.5067,49.0203,49.5172,49.9963,50.4568,50.9029,51.3317,51.7453,52.135,52.2216,52.914,53.2655,53.6133,53.9492,54.2737,54.5804,54.8794,55.1715,55.4533,55.7282,55.9937,56.2492,56.4973,56.737,56.9692,57.1937,57.4123,57.6081,58.2044,50.9713,134.998
38.2248,37.9837,38.1529,38.6613,39.2929,39.9951,40.6823,41.0693,42.2655,42.9524,43.6713,44.3683,45.0418,45.6573,45.8789,46.9839,47.5353,48.1112,48.6634,49.1981,49.7119,50.2091,50.6885,51.1495,51.596,52.0253,52.4394,52.8297,52.9123,53.6099,53.962,54.3104,54.6471,54.9722,55.2795,55.5793,55.872,56.1546,56.4302,56.6964,56.9526,57.2014,57.4418,57.6748,57.9,58.1192,58.3158,58.9123,51.678,135.804
39.0663,38.7589,38.9059,39.3978,40.0186,40.7134,41.3945,41.763,42.9724,43.6565,44.3737,45.0693,45.7419,46.3563,46.5671,47.6823,48.2333,48.8091,49.3612,49.896,50.41,50.9074,51.3871,51.8484,52.2953,52.7251,53.1396,53.5304,53.6089,54.3118,54.6644,55.0135,55.3508,55.6765,55.9845,56.2849,56.5783,56.8616,57.1379,57.4048,57.6616,57.9111,58.1522,58.3859,58.6118,58.8317,59.029,59.6257,52.391,136.614
39.8541,39.5394,39.665,40.1411,40.7514,41.4388,42.114,42.4634,43.6864,44.3677,45.0832,45.7775,46.449,47.0624,47.262,48.3876,48.9381,49.5137,50.0657,50.6005,51.1145,51.6121,52.0921,52.5536,53.0009,53.431,53.8461,54.2373,54.3116,55.0197,55.3728,55.7225,56.0604,56.3867,56.6953,56.9964,57.2904,57.5743,57.8513,58.1189,58.3764,58.6265,58.8683,59.1026,59.3291,59.5497,59.7477,60.3445,53.1103,137.426
40.6637,40.3251,40.4303,40.891,41.4912,42.1714,42.8408,43.1707,44.4076,45.0861,45.7998,46.4927,47.1631,47.7754,47.9637,49.0996,49.6496,50.2249,50.7768,51.3116,51.8256,52.3233,52.8034,53.2653,53.7128,54.1433,54.5587,54.9504,55.0203,55.7337,56.0873,56.4375,56.776,57.1029,57.412,57.7137,58.0083,58.2929,58.5705,58.8387,59.0968,59.3476,59.59,59.8249,60.0521,60.2733,60.472,61.0688,53.8359,138.241
41.4718,41.1159,41.2016,41.6477,42.2379,42.9112,43.5749,43.8848,45.1361,45.8118,46.5236,47.215,47.8842,48.4954,48.6721,49.8185,50.368,50.9429,51.4946,52.0292,52.5433,53.041,53.5213,53.9833,54.4311,54.8619,55.2776,55.6697,55.7352,56.4538,56.8079,57.1586,57.4975,57.825,58.1347,58.4369,58.7321,59.0172,59.2954,59.5642,59.8229,60.0744,60.3174,60.5529,60.7807,61.0026,61.2018,61.7986,54.5678,139.06
42.2848,41.9116,41.9789,42.4109,42.9917,43.6581,44.3163,44.6057,45.8718,46.5448,47.2547,47.9445,48.6125,49.2226,49.3873,50.5443,51.0932,51.6678,52.2191,52.7536,53.2676,53.7653,54.2456,54.7077,55.1558,55.5868,56.0027,56.3952,56.4562,57.18,57.5346,57.8857,58.2252,58.553,58.8633,59.1661,59.4618,59.7475,60.0262,60.2956,60.5549,60.8069,61.0505,61.2867,61.515,61.7375,61.9374,62.5339,55.3061,139.882
43.1011,42.7123,42.7623,43.1809,43.7525,44.4123,45.0651,45.3334,46.6147,47.285,47.9929,48.6813,49.3479,49.9568,50.1093,51.277,51.8253,52.3994,52.9505,53.4847,53.9985,54.4961,54.9765,55.4387,55.8869,56.318,56.7343,57.127,57.1834,57.9125,58.2675,58.619,58.9589,59.2872,59.5979,59.9012,60.1974,60.4836,60.7629,61.0328,61.2927,61.5453,61.7894,62.0261,62.255,62.4781,62.6787,63.2749,56.0509,140.707
43.921,43.5179,43.5517,43.9575,44.5204,45.1737,45.8213,46.068,47.365,48.0326,48.7385,49.4252,50.0905,50.6982,50.8383,52.0167,52.5644,53.138,53.6886,54.2225,54.7361,55.2336,55.7139,56.1762,56.6244,57.0558,57.4721,57.8651,57.9169,58.6511,59.0065,59.3584,59.6987,60.0275,60.3386,60.6423,60.939,61.2257,61.5055,61.7759,62.0363,62.2895,62.5341,62.7714,63.0008,63.2244,63.4256,64.0214,56.8021,141.535
44.7445,44.3283,44.347,44.7408,45.2952,45.9424,46.5849,46.8095,48.1226,48.7875,49.4914,50.1764,50.8404,51.4468,51.5741,52.7635,53.3104,53.8834,54.4335,54.9672,55.4805,55.9778,56.458,56.9202,57.3685,57.7999,58.2164,58.6096,58.6566,59.3961,59.7518,60.104,60.4446,60.7738,61.0853,61.3895,61.6867,61.9738,62.254,62.525,62.7859,63.0395,63.2847,63.5225,63.7525,63.9766,64.1784,64.7737,57.5599,142.367
45.5715,45.1436,45.1482,45.5307,46.0772,46.7183,47.3559,47.5579,48.8875,49.5498,50.2517,50.935,51.5975,52.2026,52.3169,53.5172,54.0634,54.6358,55.1854,55.7186,56.2316,56.7287,57.2087,57.6708,58.1191,58.5506,58.9671,59.3605,59.4027,60.1474,60.5033,60.8558,61.1968,61.5263,61.8382,62.1428,62.4404,62.728,63.0086,63.28,63.5414,63.7955,64.0412,64.2794,64.5099,64.7345,64.9369,65.5317,58.3242,143.202
46.402,45.9636,45.9554,46.3273,46.8662,47.5016,48.1345,48.3133,49.6599,50.3196,51.0193,51.7009,52.3618,52.9657,53.0668,54.2781,54.8235,55.3952,55.9442,56.477,56.9895,57.4863,57.9662,58.4282,58.8763,59.3078,59.7244,60.1179,60.1551,60.905,61.2612,61.6139,61.9552,62.2851,62.5973,62.9022,63.2002,63.4881,63.7692,64.0411,64.3028,64.5574,64.8036,65.0423,65.2732,65.4984,65.7013,66.2954,59.0951,144.04
47.2361,46.7883,46.7685,47.1305,47.6622,48.2921,48.9205,49.0756,50.4396,51.0969,51.7944,52.4741,53.1336,53.7361,53.8236,55.0461,55.5907,56.1616,56.71,57.2422,57.7544,58.2508,58.7304,59.1922,59.6402,60.0716,60.4882,60.8818,60.9139,61.6691,62.0255,62.3784,62.7199,63.05,63.3625,63.6679,63.9661,64.2545,64.5359,64.8082,65.0704,65.3254,65.5719,65.8111,66.0425,66.2681,66.4715,67.065,59.8727,144.881
48.0739,47.6178,47.5875,47.9404,48.4654,49.09,49.7141,49.8448,51.2268,51.8816,52.577,53.2548,53.9127,54.5139,54.5875,55.8212,56.3651,56.9351,57.4828,58.0144,58.5261,59.0221,59.5013,59.9629,60.4107,60.8421,61.2586,61.6522,61.6792,62.4396,62.7961,63.1492,63.491,63.8212,64.1341,64.4397,64.7383,65.0269,65.3088,65.5814,65.8439,66.0994,66.3463,66.586,66.8177,67.0438,67.2478,67.8404,60.6569,145.726
48.9155,48.4519,48.4124,48.757,49.2757,49.8952,50.5153,50.6211,52.0215,52.6739,53.3671,54.043,54.6992,55.299,55.3585,56.6036,57.1466,57.7157,58.2626,58.7936,59.3047,59.8003,60.2791,60.7404,61.188,61.6192,62.0356,62.4292,62.451,63.2166,63.5732,63.9264,64.2683,64.5988,64.9119,65.2178,65.5166,65.8056,66.0878,66.3607,66.6237,66.8794,67.1268,67.3668,67.5989,67.8254,68.03,68.6217,61.4479,146.574
49.7612,49.2907,49.2431,49.5802,50.0931,50.7078,51.3241,51.4044,52.8236,53.4738,54.1647,54.8387,55.4932,56.0916,56.1367,57.3932,57.9354,58.5036,59.0496,59.5799,60.0903,60.5854,61.0638,61.5247,61.9721,62.403,62.8194,63.2128,63.2294,64.0001,64.3568,64.7101,65.0521,65.3828,65.6961,66.0023,66.3013,66.5905,66.873,67.1463,67.4094,67.6656,67.9133,68.1537,68.3863,68.6132,68.8181,69.4088,62.2456,147.425
50.6114,50.1342,50.0798,50.4102,50.9176,51.5278,52.1406,52.1947,53.6333,54.2813,54.9699,55.6419,56.2946,56.8917,56.9221,58.1901,58.7314,59.2985,59.8437,60.3732,60.883,61.3775,61.8554,62.3159,62.7629,63.1936,63.6097,64.0031,64.0142,64.7902,65.147,65.5003,65.8424,66.1731,66.4866,66.793,67.0922,67.3817,67.6644,67.938,68.2015,68.458,68.706,68.9467,69.1797,69.4069,69.6123,70.2019,63.0501,148.28
51.4665,50.9824,50.9223,51.2468,51.7493,52.3553,52.9648,52.9922,54.4506,55.0964,55.7827,56.4527,57.1036,57.6993,57.7146,58.9944,59.5347,60.1008,60.645,61.1737,61.6827,62.1766,62.654,63.114,63.5606,63.991,64.4069,64.8002,64.8058,65.5869,65.9437,66.297,66.6392,66.97,67.2836,67.5901,67.8896,68.1792,68.4622,68.736,68.9998,69.2566,69.5048,69.7459,69.9792,70.2067,70.4126,71.0011,63.8616,149.138
52.3271,51.8406,51.7787,52.1012,52.6021,53.2067,53.815,53.815,55.2985,55.9437,56.6293,57.2985,57.9489,58.5441,58.5441,59.838,60.3781,60.9438,61.4877,62.0161,62.5249,63.0185,63.4957,63.9556,64.4021,64.8323,65.2482,65.6414,65.6414,66.428,66.7848,67.1381,67.4803,67.8112,68.1248,68.4314,68.7309,69.0206,69.3037,69.5776,69.8414,70.0983,70.3467,70.5878,70.8213,71.0489,71.255,71.843,64.7076,150
