SPACE_POINTS
0,0.0190287,0.0374081,0.0551633,0.072318,0.0888955,0.104918,0.120407,0.135384,0.149869,0.163882,0.17744,0.190564,0.203269,0.215574,0.227496,0.239049,0.25025,0.261115,0.271656,0.28189,0.291829,0.301487,0.310877,0.320012,0.328905,0.337566,0.346008,0.354242,0.362279,0.37013,0.377807,0.385318,0.392674,0.399886,0.406962,0.413913,0.420748,0.427476,0.434105,0.440646,0.447107,0.453496,0.459823,0.466095,0.472322,0.478511,0.484672,0.490811,0.496938,0.503062,0.509189,0.515328,0.521489,0.527678,0.533905,0.540177,0.546504,0.552893,0.559354,0.565895,0.572524,0.579252,0.586087,0.593038,0.600114,0.607326,0.614682,0.622193,0.62987,0.637721,0.645758,0.653992,0.662434,0.671095,0.679988,0.689123,0.698513,0.708171,0.71811,0.728344,0.738885,0.74975,0.760951,0.772504,0.784426,0.796731,0.809436,0.82256,0.836118,0.850131,0.864616,0.879593,0.895082,0.911105,0.927682,0.944837,0.962592,0.980971,1
TIME_POINTS
0,0.0010101,0.0020202,0.0030303,0.0040404,0.00505051,0.00606061,0.00707071,0.00808081,0.00909091,0.010101,0.0111111,0.0121212,0.0131313,0.0141414,0.0151515,0.0161616,0.0171717,0.0181818,0.0191919,0.020202,0.0212121,0.0222222,0.0232323,0.0242424,0.0252525,0.0262626,0.0272727,0.0282828,0.0292929,0.030303,0.0313131,0.0323232,0.0333333,0.0343434,0.0353535,0.0363636,0.0373737,0.0383838,0.0393939,0.040404,0.0414141,0.0424242,0.0434343,0.0444444,0.0454545,0.0464646,0.0474747,0.0484848,0.0494949,0.0505051,0.0515152,0.0525253,0.0535354,0.0545455,0.0555556,0.0565657,0.0575758,0.0585859,0.059596,0.0606061,0.0616162,0.0626263,0.0636364,0.0646465,0.0656566,0.0666667,0.0676768,0.0686869,0.069697,0.0707071,0.0717172,0.0727273,0.0737374,0.0747475,0.0757576,0.0767677,0.0777778,0.0787879,0.079798,0.0808081,0.0818182,0.0828283,0.0838384,0.0848485,0.0858586,0.0868687,0.0878788,0.0888889,0.089899,0.0909091,0.0919192,0.0929293,0.0939394,0.0949495,0.0959596,0.0969697,0.0979798,0.0989899,0.1
VALUES
1,1,1,1,1,1,1,1,1,1,1,1,1,1,1,1,1,1,1,1,1,1,1,1,1,1,1,1,1,1,1,1,1,1,1,1,1,1,1,1,1,1,1,1,1,1,1,1,1,1,1,1,1,1,1,1,1,1,1,1,1,1,1,1,1,1,1,1,1,1,1,1,1,1,1,1,1,1,1,1,1,1,1,1,1,1,1,1,1,1,1,1,1,1,1,1,1,1,1,1
0,0.555681,0.797342,0.905196,0.954552,0.977692,0.988797,0.994249,0.996984,0.998386,0.999119,0.99951,0.999722,0.99984,0.999906,0.999944,0.999966,0.999979,0.999987,0.999992,0.999995,0.999997,0.999998,0.999999,0.999999,0.999999,1,1,1,1,1,1,1,1,1,1,1,1,1,1,1,1,1,1,1,1,1,1,1,1,1,1,1,1,1,1,1,1,1,1,1,1,1,1,1,1,1,1,1,1,1,1,1,1,1,0.999999,0.999999,0.999998,0.999997,0.999996,0.999994,0.99999,0.999984,0.999973,0.999955,0.999924,0.999869,0.999771,0.99959,0.999252,0.998611,0.997366,0.994902,0.989913,0.979589,0.957723,0.910284,0.804784,0.564056,0
0,0.211222,0.487681,0.691055,0.819656,0.89612,0.940349,0.965649,0.98009,0.988359,0.993124,0.995893,0.997518,0.998482,0.99906,0.999411,0.999627,0.999761,0.999845,0.999898,0.999932,0.999955,0.999969,0.999979,0.999986,0.99999,0.999993,0.999995,0.999996,0.999997,0.999998,0.999999,0.999999,0.999999,0.999999,1,1,1,1,1,1,1,1,1,1,1,1,1,1,1,1,1,1,1,1,1,1,1,1,1,1,1,1,1,1,1,1,0.999999,0.999999,0.999999,0.999998,0.999997,0.999996,0.999995,0.999993,0.999989,0.999985,0.999977,0.999966,0.999949,0.999922,0.99988,0.999814,0.999706,0.999531,0.999243,0.998761,0.997949,0.996561,0.994163,0.989979,0.982612,0.969546,0.946291,0.904956,0.832239,0.707637,0.506494,0.226091,0
0,0.223241,0.382598,0.540579,0.677285,0.782098,0.856528,0.906945,0.940126,0.961593,0.975352,0.984136,0.989741,0.993326,0.995628,0.997114,0.99808,0.998712,0.999129,0.999405,0.999591,0.999716,0.999802,0.99986,0.999901,0.999929,0.999949,0.999963,0.999973,0.99998,0.999985,0.999989,0.999992,0.999994,0.999995,0.999996,0.999997,0.999998,0.999998,0.999999,0.999999,0.999999,0.999999,1,1,1,1,1,1,1,1,1,1,1,1,1,1,1,1,0.999999,0.999999,0.999999,0.999999,0.999998,0.999998,0.999997,0.999996,0.999994,0.999992,0.99999,0.999986,0.999981,0.999974,0.999963,0.999949,0.999928,0.999898,0.999853,0.999788,0.999691,0.999547,0.999329,0.998997,0.998488,0.997701,0.996476,0.994553,0.991521,0.986716,0.979078,0.966939,0.947708,0.917502,0.870819,0.800634,0.699801,0.565238,0.40527,0.237883,0
0,0.160412,0.335457,0.476202,0.594708,0.694624,0.775729,0.838717,0.885823,0.920052,0.94441,0.961494,0.973363,0.981562,0.98721,0.991098,0.993779,0.995631,0.996915,0.997809,0.998435,0.998876,0.999187,0.999409,0.999567,0.999681,0.999764,0.999824,0.999868,0.999901,0.999925,0.999943,0.999956,0.999967,0.999974,0.99998,0.999985,0.999988,0.999991,0.999993,0.999994,0.999995,0.999996,0.999997,0.999998,0.999998,0.999998,0.999999,0.999999,0.999999,0.999999,0.999999,0.999999,0.999999,0.999999,0.999998,0.999998,0.999998,0.999997,0.999996,0.999995,0.999994,0.999992,0.99999,0.999987,0.999983,0.999977,0.99997,0.999961,0.999948,0.999931,0.999908,0.999876,0.999832,0.999771,0.999686,0.999567,0.999399,0.99916,0.99882,0.998331,0.997624,0.996598,0.995101,0.99291,0.98969,0.984954,0.977985,0.967755,0.952814,0.93118,0.900282,0.857014,0.798069,0.720601,0.622986,0.504317,0.35986,0.176239,0
0,0.155621,0.288298,0.420022,0.535816,0.633295,0.714147,0.780227,0.833217,0.874849,0.906936,0.931267,0.949477,0.962968,0.972892,0.980157,0.985458,0.989322,0.992138,0.994193,0.995695,0.996796,0.997605,0.998202,0.998644,0.998973,0.999219,0.999403,0.999542,0.999647,0.999727,0.999788,0.999834,0.99987,0.999898,0.99992,0.999936,0.99995,0.99996,0.999968,0.999974,0.999979,0.999983,0.999986,0.999989,0.999991,0.999992,0.999993,0.999994,0.999995,0.999995,0.999995,0.999995,0.999994,0.999994,0.999992,0.999991,0.999989,0.999987,0.999983,0.999979,0.999974,0.999967,0.999958,0.999946,0.999932,0.999912,0.999887,0.999854,0.999811,0.999754,0.999678,0.999578,0.999443,0.999261,0.999016,0.998682,0.998228,0.997607,0.996753,0.995574,0.993945,0.991686,0.98855,0.984194,0.97815,0.96978,0.958243,0.942443,0.921005,0.892269,0.854337,0.80516,0.742621,0.664489,0.568203,0.451153,0.314432,0.171538,0
0,0.131985,0.266111,0.382606,0.48849,0.582456,0.663185,0.730974,0.786998,0.832697,0.869524,0.898864,0.921996,0.940066,0.954073,0.964864,0.973139,0.979462,0.984284,0.987956,0.990753,0.992883,0.994509,0.995751,0.996702,0.997432,0.997994,0.998427,0.998763,0.999024,0.999228,0.999387,0.999512,0.99961,0.999688,0.999749,0.999798,0.999837,0.999868,0.999893,0.999913,0.999929,0.999941,0.999952,0.99996,0.999966,0.999971,0.999975,0.999978,0.99998,0.999981,0.999981,0.99998,0.999978,0.999976,0.999972,0.999968,0.999961,0.999953,0.999943,0.99993,0.999913,0.999892,0.999866,0.999833,0.99979,0.999736,0.999668,0.99958,0.999467,0.999321,0.999132,0.998887,0.998568,0.998152,0.997605,0.996886,0.995938,0.994685,0.993024,0.990821,0.987896,0.984009,0.97885,0.972014,0.96298,0.951091,0.935531,0.915309,0.889248,0.855984,0.813971,0.761495,0.696736,0.617976,0.524179,0.415745,0.29306,0.148348,0
0,0.125537,0.240413,0.35238,0.453046,0.54229,0.620613,0.688295,0.74585,0.794119,0.834143,0.867016,0.893797,0.915461,0.932878,0.946807,0.957896,0.966694,0.973655,0.979152,0.983488,0.986906,0.9896,0.991725,0.993403,0.994729,0.995778,0.996611,0.997273,0.9978,0.998221,0.998558,0.998829,0.999046,0.999221,0.999363,0.999478,0.999571,0.999647,0.999708,0.999759,0.999799,0.999833,0.99986,0.999881,0.999899,0.999913,0.999923,0.999931,0.999936,0.999939,0.999939,0.999937,0.999933,0.999927,0.999917,0.999905,0.999888,0.999867,0.999841,0.999808,0.999767,0.999716,0.999653,0.999575,0.999477,0.999355,0.999203,0.999011,0.998771,0.998469,0.998086,0.997602,0.996988,0.996206,0.995209,0.993936,0.992307,0.99022,0.987544,0.984112,0.97971,0.974068,0.966849,0.957631,0.945896,0.931013,0.912226,0.888639,0.859215,0.822776,0.778033,0.723659,0.658404,0.581226,0.491208,0.387141,0.268306,0.142021,0
0,0.113552,0.225735,0.327707,0.422633,0.508637,0.584939,0.65174,0.70958,0.759137,0.801181,0.836541,0.866056,0.890537,0.910733,0.927319,0.940891,0.951961,0.960969,0.968285,0.974218,0.979027,0.982922,0.986078,0.988635,0.990708,0.99239,0.993758,0.99487,0.995777,0.996517,0.997122,0.997617,0.998024,0.998358,0.998633,0.99886,0.999048,0.999203,0.999331,0.999437,0.999525,0.999597,0.999657,0.999706,0.999745,0.999776,0.9998,0.999818,0.999831,0.999838,0.999839,0.999836,0.999827,0.999812,0.999792,0.999764,0.999728,0.999683,0.999627,0.999558,0.999473,0.999369,0.999242,0.999086,0.998896,0.998663,0.998377,0.998026,0.997593,0.997059,0.9964,0.995583,0.99457,0.993312,0.991747,0.989798,0.987368,0.984336,0.980552,0.97583,0.969939,0.962597,0.95346,0.942109,0.928045,0.910673,0.889298,0.86312,0.831237,0.792663,0.746356,0.69125,0.626284,0.550436,0.462917,0.363793,0.254167,0.130263,0
0,0.107867,0.209682,0.30792,0.39801,0.480091,0.554039,0.619748,0.677442,0.727606,0.770863,0.807892,0.839388,0.866025,0.888446,0.907241,0.922943,0.936024,0.946899,0.955924,0.963405,0.9696,0.974729,0.978974,0.982487,0.985397,0.987808,0.989807,0.991467,0.992847,0.993994,0.994951,0.995748,0.996415,0.996972,0.997439,0.99783,0.998159,0.998435,0.998666,0.998861,0.999023,0.99916,0.999273,0.999366,0.999443,0.999505,0.999553,0.999589,0.999614,0.999629,0.999633,0.999627,0.999611,0.999584,0.999544,0.999492,0.999425,0.999342,0.999238,0.999113,0.99896,0.998775,0.998553,0.998285,0.997962,0.997572,0.997102,0.996535,0.995849,0.995018,0.994011,0.992787,0.9913,0.989489,0.987283,0.984592,0.981307,0.977295,0.972395,0.96641,0.959103,0.950189,0.939328,0.926116,0.91008,0.890671,0.867257,0.839129,0.805501,0.765521,0.718288,0.662888,0.598461,0.524318,0.440012,0.345068,0.238704,0.124685,0
0,0.100552,0.19882,0.290432,0.376545,0.455652,0.52732,0.591605,0.648728,0.699038,0.743001,0.781158,0.814085,0.842359,0.866533,0.887128,0.904621,0.919442,0.931974,0.942554,0.951477,0.958995,0.965327,0.970659,0.97515,0.978933,0.982122,0.984811,0.98708,0.988998,0.99062,0.991992,0.993155,0.994142,0.99498,0.995692,0.996298,0.996813,0.997252,0.997625,0.997942,0.998211,0.998438,0.99863,0.998789,0.998921,0.999029,0.999114,0.999178,0.999223,0.99925,0.99926,0.999251,0.999225,0.99918,0.999115,0.999029,0.998918,0.99878,0.998612,0.998408,0.998163,0.997871,0.997522,0.997107,0.996614,0.996028,0.99533,0.994501,0.993513,0.992335,0.990929,0.989249,0.98724,0.984835,0.981954,0.978498,0.974351,0.969373,0.963396,0.95622,0.947608,0.937278,0.924902,0.910096,0.892417,0.871357,0.846345,0.816742,0.781851,0.740929,0.69321,0.637938,0.574404,0.501958,0.420045,0.328518,0.22824,0.117507,0
0,0.0958881,0.187736,0.276027,0.358179,0.43419,0.503725,0.56662,0.62299,0.673119,0.717396,0.756268,0.790214,0.819723,0.845276,0.867331,0.886314,0.902618,0.916595,0.92856,0.938793,0.947538,0.955008,0.961388,0.966838,0.971493,0.975473,0.978875,0.981788,0.984282,0.986419,0.988253,0.989828,0.991181,0.992344,0.993346,0.994208,0.99495,0.995589,0.996138,0.996611,0.997015,0.997361,0.997654,0.997902,0.998108,0.998277,0.998412,0.998515,0.998589,0.998635,0.998653,0.998643,0.998606,0.998539,0.998442,0.998312,0.998146,0.997941,0.997691,0.99739,0.997032,0.996607,0.996107,0.995517,0.994823,0.994008,0.99305,0.991924,0.9906,0.989042,0.987207,0.985044,0.982492,0.979477,0.975915,0.971702,0.966717,0.960815,0.953827,0.945554,0.935762,0.924179,0.910488,0.894327,0.875282,0.852886,0.826616,0.795899,0.760117,0.718618,0.670731,0.615788,0.553159,0.482321,0.40296,0.314886,0.217563,0.112931,0
0,0.0908403,0.179288,0.262929,0.341988,0.415375,0.482805,0.54423,0.599726,0.649492,0.693834,0.733124,0.76777,0.798197,0.824823,0.848053,0.868269,0.885828,0.901052,0.914236,0.925642,0.935504,0.944028,0.951393,0.957758,0.96326,0.968018,0.972133,0.975696,0.978782,0.981458,0.983778,0.985793,0.987543,0.989064,0.990387,0.991537,0.992538,0.993407,0.994162,0.994817,0.995383,0.99587,0.996287,0.996642,0.99694,0.997186,0.997384,0.997537,0.997648,0.997719,0.99775,0.997741,0.997692,0.997601,0.997467,0.997287,0.997058,0.996773,0.996429,0.996017,0.995529,0.994955,0.994282,0.993497,0.992581,0.991516,0.990275,0.988832,0.987153,0.985197,0.982919,0.980262,0.977163,0.973544,0.969316,0.964373,0.95859,0.951824,0.943905,0.934636,0.92379,0.911105,0.896279,0.878971,0.858795,0.835319,0.808067,0.776518,0.740117,0.69828,0.650413,0.595938,0.534323,0.465108,0.387898,0.302491,0.209425,0.107979,0
0,0.087048,0.171058,0.25178,0.327655,0.398533,0.464054,0.524064,0.578612,0.627869,0.672088,0.711579,0.746691,0.777789,0.805243,0.829413,0.850643,0.869256,0.88555,0.899797,0.912243,0.92311,0.932595,0.940873,0.948096,0.954402,0.959908,0.964718,0.968922,0.972599,0.975817,0.978635,0.981103,0.983267,0.985165,0.98683,0.98829,0.98957,0.990692,0.991674,0.992532,0.993279,0.993927,0.994485,0.994963,0.995367,0.995703,0.995976,0.99619,0.996346,0.996448,0.996496,0.996491,0.996431,0.996316,0.996144,0.99591,0.995611,0.995241,0.994794,0.994261,0.993633,0.992897,0.992041,0.991047,0.989897,0.988568,0.987034,0.985263,0.98322,0.980862,0.97814,0.974995,0.97136,0.967155,0.962289,0.956654,0.950126,0.942561,0.933793,0.923628,0.911848,0.8982,0.882399,0.864123,0.843012,0.818665,0.790644,0.758476,0.721658,0.679667,0.631973,0.578059,0.51744,0.449698,0.374565,0.29194,0.201498,0.104258,0
0,0.0832715,0.164281,0.241537,0.31486,0.383471,0.447134,0.505752,0.559335,0.608005,0.651971,0.691499,0.726891,0.758467,0.786553,0.81147,0.83353,0.853025,0.870231,0.885399,0.898761,0.910525,0.920879,0.92999,0.938009,0.945067,0.951281,0.956755,0.961579,0.965832,0.969585,0.972896,0.97582,0.978404,0.980686,0.982703,0.984485,0.986059,0.987447,0.98867,0.989745,0.990687,0.99151,0.992223,0.992836,0.993358,0.993795,0.994152,0.994433,0.994642,0.994781,0.994852,0.994854,0.994786,0.994648,0.994437,0.994148,0.993778,0.993319,0.992765,0.992107,0.991333,0.99043,0.989384,0.988177,0.986787,0.985191,0.98336,0.981262,0.978858,0.976103,0.972946,0.969326,0.965175,0.960412,0.954944,0.948664,0.941447,0.933151,0.923615,0.91265,0.900045,0.885559,0.868922,0.849829,0.827944,0.802896,0.774279,0.741661,0.704582,0.662567,0.615136,0.561824,0.502205,0.435917,0.362664,0.282248,0.19497,0.100553,0
0,0.0801588,0.157845,0.232565,0.303299,0.369812,0.431776,0.489054,0.541655,0.58968,0.633304,0.67275,0.708282,0.740183,0.768741,0.794247,0.816981,0.837212,0.855192,0.871156,0.885318,0.897877,0.90901,0.918878,0.927625,0.93538,0.942256,0.948356,0.95377,0.958576,0.962845,0.966639,0.970011,0.97301,0.975676,0.978047,0.980155,0.982027,0.983688,0.98516,0.98646,0.987606,0.988611,0.989488,0.990245,0.990893,0.991438,0.991887,0.992243,0.992511,0.992693,0.99279,0.992803,0.992731,0.992572,0.992323,0.991981,0.99154,0.990993,0.990333,0.989548,0.988628,0.987558,0.986323,0.984902,0.983275,0.981415,0.979292,0.976873,0.974116,0.970977,0.967402,0.96333,0.958691,0.953402,0.947373,0.940495,0.932646,0.923688,0.91346,0.901783,0.888453,0.87324,0.855887,0.836107,0.813584,0.787973,0.758898,0.725959,0.688735,0.646792,0.599695,0.547021,0.488377,0.42342,0.351909,0.273757,0.18877,0.0974986,0
0,0.0771769,0.152279,0.22428,0.292849,0.357406,0.417741,0.473735,0.525369,0.57272,0.615934,0.655208,0.690772,0.722876,0.751779,0.777742,0.80102,0.821861,0.840495,0.857142,0.872003,0.885263,0.897091,0.90764,0.91705,0.925444,0.932933,0.939617,0.945586,0.950916,0.955679,0.959936,0.963741,0.967144,0.970186,0.972906,0.975336,0.977506,0.979441,0.981163,0.982692,0.984046,0.985238,0.986282,0.987189,0.987968,0.988627,0.989171,0.989608,0.989939,0.990168,0.990296,0.990324,0.990251,0.990075,0.989793,0.9894,0.988892,0.988259,0.987495,0.986587,0.985525,0.984292,0.982871,0.981243,0.979385,0.977269,0.974865,0.972136,0.969043,0.965538,0.961567,0.957069,0.951972,0.946195,0.939646,0.93222,0.923796,0.914239,0.903394,0.891086,0.87712,0.861277,0.843311,0.822953,0.799906,0.773846,0.744423,0.711268,0.67399,0.632191,0.585471,0.533439,0.47574,0.412069,0.342188,0.265917,0.183408,0.0945728,0
0,0.0745847,0.147053,0.21686,0.283279,0.346043,0.404867,0.459627,0.510306,0.556965,0.599727,0.638762,0.674274,0.706484,0.735626,0.761938,0.785652,0.806995,0.82618,0.843412,0.858878,0.872753,0.885198,0.896358,0.906367,0.915343,0.923395,0.93062,0.937105,0.942927,0.948155,0.952852,0.957071,0.960862,0.964267,0.967326,0.970071,0.972532,0.974736,0.976707,0.978463,0.980024,0.981404,0.982617,0.983675,0.984588,0.985363,0.986007,0.986526,0.986924,0.987204,0.987368,0.987415,0.987345,0.987156,0.986844,0.986405,0.985833,0.985121,0.984258,0.983233,0.982034,0.980645,0.979048,0.977222,0.975143,0.972784,0.970112,0.967091,0.96368,0.959831,0.95549,0.950594,0.945072,0.938845,0.93182,0.923895,0.914951,0.904856,0.89346,0.880595,0.866073,0.849684,0.831197,0.810355,0.786878,0.760462,0.730782,0.697492,0.66023,0.618627,0.572313,0.52093,0.464147,0.401672,0.333285,0.258894,0.178374,0.0920295,0
0,0.0721416,0.14239,0.209979,0.274531,0.3356,0.392989,0.446574,0.496324,0.542286,0.584565,0.623311,0.658704,0.690944,0.720241,0.746812,0.770869,0.792621,0.812267,0.829997,0.845986,0.8604,0.873389,0.885094,0.895641,0.905145,0.913711,0.921433,0.928395,0.934674,0.940338,0.945448,0.950058,0.954217,0.957969,0.961352,0.9644,0.967144,0.96961,0.971821,0.9738,0.975565,0.977131,0.978512,0.97972,0.980766,0.981658,0.982403,0.983008,0.983475,0.983809,0.98401,0.98408,0.984017,0.983819,0.983483,0.983004,0.982374,0.981588,0.980633,0.979499,0.978173,0.976637,0.974874,0.972862,0.970576,0.967988,0.965066,0.961772,0.958064,0.953895,0.94921,0.943947,0.938036,0.931396,0.923939,0.915561,0.906149,0.895573,0.883688,0.870332,0.855326,0.838467,0.819536,0.79829,0.774463,0.747771,0.717907,0.684547,0.647356,0.605988,0.560099,0.509357,0.453451,0.392117,0.325147,0.252382,0.173882,0.0896323,0
0,0.0699497,0.13803,0.203712,0.266444,0.325954,0.381996,0.434455,0.4833,0.528566,0.570344,0.608764,0.643988,0.676195,0.705577,0.732332,0.756654,0.778737,0.798766,0.816917,0.833356,0.848239,0.861708,0.873896,0.884924,0.894904,0.903936,0.912111,0.919512,0.926212,0.93228,0.937776,0.942752,0.947259,0.951338,0.955029,0.958365,0.961379,0.964096,0.966541,0.968735,0.970697,0.972443,0.973988,0.975344,0.976522,0.977531,0.978377,0.979067,0.979605,0.979994,0.980237,0.980332,0.98028,0.980078,0.979723,0.979208,0.978528,0.977675,0.976637,0.975403,0.973959,0.972288,0.970371,0.968186,0.965708,0.962908,0.959754,0.956207,0.952226,0.947763,0.942763,0.937164,0.930896,0.923882,0.916033,0.907248,0.897417,0.886412,0.874096,0.86031,0.844882,0.827621,0.808314,0.786732,0.762624,0.73572,0.705732,0.672357,0.635278,0.594173,0.548721,0.49861,0.443552,0.38329,0.317624,0.246452,0.169681,0.0874816,0
0,0.0678947,0.134058,0.197877,0.258981,0.31701,0.371777,0.423164,0.471132,0.51571,0.556974,0.595041,0.630056,0.662181,0.69159,0.718465,0.742987,0.765333,0.785677,0.804183,0.821006,0.836295,0.850183,0.862798,0.874256,0.884663,0.894115,0.902701,0.910502,0.91759,0.924031,0.929883,0.9352,0.94003,0.944417,0.948397,0.952006,0.955275,0.958231,0.960898,0.963298,0.96545,0.96737,0.969074,0.970574,0.971881,0.973004,0.973949,0.974725,0.975334,0.97578,0.976065,0.97619,0.976152,0.97595,0.975581,0.975037,0.974313,0.9734,0.972288,0.970963,0.969412,0.967618,0.96556,0.963218,0.960564,0.95757,0.954203,0.950425,0.946194,0.941462,0.936175,0.930271,0.923681,0.916329,0.908127,0.898979,0.888773,0.87739,0.864693,0.850532,0.83474,0.817134,0.797511,0.775654,0.751322,0.724262,0.6942,0.660852,0.623918,0.583098,0.538088,0.488595,0.434347,0.375104,0.31068,0.240929,0.165855,0.0854649,0
0,0.0660144,0.130342,0.192497,0.252032,0.308688,0.36225,0.41261,0.45973,0.50363,0.544375,0.58207,0.616844,0.648846,0.678236,0.705179,0.729843,0.752395,0.772994,0.791795,0.808946,0.824583,0.838838,0.851828,0.863666,0.874453,0.884284,0.893242,0.901406,0.908847,0.915629,0.92181,0.927442,0.932572,0.937244,0.941495,0.945359,0.948869,0.95205,0.954927,0.957522,0.959855,0.961942,0.963799,0.965437,0.966868,0.968102,0.969145,0.970004,0.970685,0.971188,0.971518,0.971673,0.971653,0.971456,0.971077,0.97051,0.969749,0.968785,0.967607,0.966202,0.964555,0.962649,0.960465,0.957979,0.955166,0.951996,0.948436,0.944449,0.939992,0.935017,0.92947,0.923291,0.916412,0.908757,0.90024,0.890767,0.880231,0.868514,0.855484,0.840997,0.824892,0.806993,0.787107,0.765025,0.74052,0.71335,0.683257,0.64997,0.613209,0.572688,0.528121,0.479232,0.425764,0.367486,0.304213,0.235835,0.162274,0.0836197,0
0,0.0642515,0.12691,0.187464,0.245567,0.300915,0.353336,0.402717,0.449018,0.492251,0.532476,0.569785,0.604295,0.636142,0.665472,0.692439,0.717198,0.739904,0.760707,0.779752,0.797177,0.813114,0.827685,0.841004,0.853177,0.864303,0.874471,0.883763,0.892256,0.900017,0.90711,0.913591,0.919512,0.92492,0.929856,0.934358,0.93846,0.942193,0.945585,0.94866,0.95144,0.953944,0.956189,0.95819,0.959961,0.961512,0.962852,0.96399,0.964932,0.965682,0.966243,0.966618,0.966806,0.966807,0.966618,0.966234,0.96565,0.964859,0.963851,0.962616,0.96114,0.959409,0.957404,0.955107,0.952493,0.949537,0.946209,0.942476,0.9383,0.933639,0.928446,0.922667,0.916242,0.909104,0.901179,0.892383,0.882623,0.871796,0.859787,0.846468,0.8317,0.815327,0.797182,0.777079,0.754818,0.730183,0.702943,0.672853,0.639657,0.603089,0.562877,0.518753,0.470453,0.417731,0.36037,0.298195,0.231071,0.158967,0.0818893,0
0,0.0626177,0.123691,0.182781,0.239511,0.293638,0.344975,0.393418,0.438927,0.481509,0.521216,0.558129,0.592357,0.624021,0.653259,0.680212,0.705025,0.727841,0.748803,0.768046,0.7857,0.801891,0.816734,0.830339,0.842806,0.854231,0.864699,0.87429,0.883078,0.891129,0.898504,0.905259,0.911444,0.917105,0.922284,0.927018,0.93134,0.935282,0.93887,0.94213,0.945082,0.947747,0.950141,0.952279,0.954175,0.95584,0.957283,0.958512,0.959534,0.960352,0.960971,0.961391,0.961614,0.961638,0.96146,0.961076,0.96048,0.959665,0.958621,0.957338,0.955801,0.953996,0.951905,0.949507,0.94678,0.943696,0.940228,0.936341,0.931997,0.927155,0.921768,0.915782,0.909138,0.901771,0.893608,0.884566,0.874554,0.863472,0.851209,0.83764,0.822631,0.806033,0.787683,0.767403,0.745003,0.720275,0.693,0.662944,0.629862,0.593503,0.553609,0.509923,0.462196,0.410193,0.353705,0.292557,0.226635,0.155864,0.0802852,0
0,0.061082,0.120689,0.178381,0.233838,0.286802,0.337109,0.384656,0.4294,0.471346,0.510538,0.547051,0.58098,0.612442,0.64156,0.668468,0.693298,0.716188,0.737268,0.756668,0.774511,0.790915,0.80599,0.819841,0.832565,0.844252,0.854986,0.864843,0.873895,0.882206,0.889835,0.896838,0.903264,0.909156,0.914557,0.919504,0.924029,0.928163,0.931934,0.935364,0.938477,0.941292,0.943826,0.946093,0.948108,0.949881,0.951422,0.952738,0.953837,0.954722,0.955397,0.955863,0.956122,0.956171,0.956007,0.955627,0.955025,0.954191,0.953119,0.951795,0.950206,0.948338,0.946171,0.943686,0.940859,0.937665,0.934073,0.930049,0.925558,0.920556,0.914997,0.908828,0.901992,0.894424,0.886051,0.876793,0.866562,0.85526,0.842777,0.828995,0.813782,0.796995,0.778477,0.758058,0.735553,0.710765,0.683484,0.653487,0.62054,0.584404,0.544832,0.50158,0.454411,0.403098,0.34744,0.287273,0.222466,0.152969,0.0787769,0
0,0.0596458,0.117863,0.174255,0.228498,0.280366,0.329692,0.37638,0.420386,0.461711,0.500394,0.536502,0.570124,0.601365,0.630341,0.657175,0.681993,0.704922,0.726086,0.745607,0.763602,0.780183,0.795454,0.809516,0.822462,0.834379,0.845346,0.855438,0.864725,0.873268,0.881127,0.888353,0.894996,0.901099,0.906702,0.911843,0.916554,0.920865,0.924803,0.928392,0.931654,0.934609,0.937273,0.939661,0.941787,0.943662,0.945295,0.946695,0.947867,0.948817,0.949547,0.95006,0.950354,0.95043,0.950284,0.949911,0.949306,0.948461,0.947366,0.946009,0.944378,0.942455,0.940225,0.937664,0.934752,0.93146,0.92776,0.923618,0.918997,0.913855,0.908146,0.901818,0.894814,0.88707,0.878515,0.869071,0.85865,0.847158,0.834488,0.820525,0.805142,0.7882,0.769547,0.74902,0.726442,0.701623,0.674362,0.644446,0.611651,0.575747,0.536501,0.493678,0.44705,0.396402,0.341539,0.282296,0.218556,0.150242,0.0773658,0
0,0.0582913,0.115208,0.170364,0.223468,0.27429,0.322682,0.368545,0.411838,0.452558,0.490739,0.526441,0.559747,0.590753,0.619568,0.646306,0.671086,0.694025,0.715242,0.734853,0.752967,0.769691,0.785126,0.799367,0.812504,0.824619,0.83579,0.846089,0.855584,0.864334,0.872397,0.879823,0.886662,0.892955,0.898742,0.904059,0.90894,0.913413,0.917504,0.921239,0.924639,0.927723,0.930508,0.933009,0.935239,0.93721,0.93893,0.940409,0.941652,0.942664,0.943448,0.944005,0.944337,0.944441,0.944314,0.943952,0.943349,0.942496,0.941385,0.940002,0.938336,0.936369,0.934085,0.931461,0.928475,0.9251,0.921307,0.917062,0.912329,0.907066,0.901227,0.894761,0.887612,0.879716,0.871004,0.861399,0.850817,0.839163,0.826336,0.812223,0.796699,0.779632,0.760875,0.740269,0.717645,0.692821,0.665603,0.635786,0.603157,0.567495,0.528576,0.486176,0.440076,0.390067,0.335963,0.277603,0.214864,0.147679,0.076034,0
0,0.0570161,0.112699,0.166693,0.21871,0.268543,0.316041,0.361113,0.403717,0.443847,0.481533,0.51683,0.549814,0.580575,0.609212,0.635834,0.660552,0.683477,0.70472,0.724392,0.742596,0.759434,0.775003,0.789394,0.802692,0.814978,0.826326,0.836807,0.846483,0.855417,0.863661,0.871266,0.87828,0.884744,0.890697,0.896174,0.901209,0.905829,0.910061,0.91393,0.917456,0.920659,0.923556,0.926161,0.928488,0.930549,0.932352,0.933905,0.935215,0.936287,0.937123,0.937725,0.938093,0.938226,0.93812,0.937772,0.937174,0.936319,0.935197,0.933796,0.932102,0.930099,0.92777,0.925093,0.922045,0.9186,0.914728,0.910396,0.905567,0.9002,0.89425,0.887666,0.880392,0.872367,0.863521,0.853781,0.843062,0.831273,0.818315,0.804078,0.788443,0.771278,0.752443,0.731785,0.70914,0.684333,0.657177,0.627476,0.595024,0.559611,0.52102,0.479037,0.43345,0.384059,0.330682,0.273161,0.211379,0.145255,0.0747791,0
0,0.0558089,0.110329,0.163217,0.214207,0.263093,0.309737,0.354049,0.395986,0.435541,0.472741,0.507635,0.540293,0.570799,0.599246,0.625735,0.650371,0.673259,0.694505,0.714211,0.73248,0.749406,0.765082,0.779596,0.79303,0.805461,0.816961,0.827598,0.837435,0.846528,0.854933,0.862697,0.869867,0.876484,0.882586,0.888207,0.893381,0.898134,0.902495,0.906485,0.910127,0.91344,0.91644,0.919142,0.921559,0.923703,0.925583,0.927207,0.92858,0.929709,0.930595,0.931241,0.931646,0.931808,0.931726,0.931393,0.930804,0.929951,0.928823,0.927408,0.925694,0.923663,0.921298,0.918578,0.915479,0.911976,0.908037,0.903632,0.898722,0.893268,0.887224,0.88054,0.873161,0.865027,0.85607,0.846216,0.835383,0.823484,0.81042,0.796084,0.780361,0.763123,0.744235,0.723548,0.700904,0.676134,0.649058,0.619487,0.587223,0.552064,0.513802,0.472229,0.427142,0.378348,0.325668,0.268951,0.208074,0.142963,0.07359,0
0,0.0546661,0.108081,0.159922,0.20993,0.257916,0.303742,0.347322,0.388614,0.42761,0.464331,0.498824,0.531154,0.561397,0.589642,0.615984,0.640521,0.663353,0.68458,0.7043,0.722609,0.739599,0.755359,0.769972,0.783517,0.79607,0.807699,0.818471,0.828446,0.837679,0.846224,0.854129,0.861437,0.86819,0.874425,0.880176,0.885474,0.890349,0.894825,0.898926,0.902674,0.906087,0.909181,0.911972,0.914473,0.916695,0.918646,0.920336,0.92177,0.922953,0.923888,0.924575,0.925017,0.92521,0.925151,0.924837,0.924259,0.923411,0.922282,0.92086,0.919131,0.917079,0.914687,0.911932,0.908793,0.905241,0.901248,0.896782,0.891806,0.886279,0.880157,0.87339,0.865925,0.8577,0.848651,0.838704,0.827779,0.815791,0.802643,0.788231,0.772443,0.755155,0.736236,0.715541,0.692917,0.668202,0.641221,0.611793,0.579726,0.544826,0.506891,0.465723,0.421123,0.372906,0.320898,0.264948,0.204938,0.140785,0.072463,0
0,0.0535804,0.105947,0.156789,0.205865,0.252988,0.298029,0.340905,0.381572,0.420022,0.456274,0.49037,0.522369,0.552344,0.580379,0.606561,0.630983,0.653742,0.674931,0.694645,0.712974,0.730006,0.745828,0.760518,0.774154,0.786806,0.798544,0.80943,0.819523,0.828878,0.837545,0.845573,0.853003,0.859876,0.866229,0.872095,0.877506,0.882489,0.88707,0.891272,0.895115,0.898619,0.9018,0.904673,0.907251,0.909544,0.911563,0.913315,0.914805,0.91604,0.917021,0.91775,0.918227,0.91845,0.918417,0.918121,0.917558,0.916718,0.915592,0.914167,0.91243,0.910364,0.907951,0.90517,0.901998,0.898409,0.894373,0.889858,0.884828,0.879242,0.873056,0.866222,0.858686,0.850389,0.841265,0.831244,0.820248,0.80819,0.794979,0.780512,0.764679,0.747362,0.728431,0.707747,0.685161,0.660517,0.633645,0.60437,0.572508,0.53787,0.500263,0.459492,0.415369,0.36771,0.316348,0.261135,0.201951,0.138715,0.0713905,0
0,0.0525481,0.103915,0.153807,0.20199,0.248289,0.292576,0.334772,0.374834,0.412753,0.448544,0.482246,0.513914,0.543617,0.571433,0.597444,0.62174,0.64441,0.665545,0.685234,0.703564,0.720621,0.736484,0.751232,0.764938,0.777671,0.789499,0.80048,0.810673,0.820132,0.828905,0.837038,0.844575,0.851554,0.858012,0.86398,0.869491,0.874571,0.879245,0.883538,0.887468,0.891055,0.894315,0.897263,0.899911,0.902271,0.904352,0.906161,0.907705,0.908988,0.910013,0.910782,0.911294,0.911548,0.911541,0.911266,0.910719,0.909891,0.908771,0.907347,0.905606,0.903532,0.901105,0.898306,0.89511,0.891493,0.887423,0.88287,0.877797,0.872165,0.86593,0.859043,0.851451,0.843097,0.833915,0.823837,0.812786,0.800678,0.787421,0.772918,0.75706,0.739731,0.720806,0.70015,0.677619,0.653059,0.626309,0.597197,0.565547,0.531174,0.493892,0.453513,0.409854,0.362738,0.311999,0.257493,0.199102,0.13674,0.0703689,0
0,0.0515639,0.101979,0.150963,0.198293,0.2438,0.287362,0.328902,0.368378,0.405778,0.441116,0.474429,0.505767,0.535194,0.562784,0.588616,0.612774,0.635343,0.656409,0.676057,0.694372,0.711434,0.727321,0.742109,0.755868,0.768665,0.780563,0.791624,0.8019,0.811446,0.82031,0.828535,0.836164,0.843235,0.849784,0.855843,0.861442,0.866608,0.871367,0.87574,0.879749,0.883411,0.886742,0.889758,0.892471,0.894893,0.897031,0.898894,0.900488,0.901817,0.902884,0.903691,0.904238,0.904522,0.904541,0.904289,0.903759,0.902945,0.901834,0.900416,0.898676,0.896598,0.894164,0.891352,0.888141,0.884503,0.880409,0.875828,0.870723,0.865056,0.858782,0.851855,0.844222,0.835825,0.826601,0.816482,0.805392,0.79325,0.779965,0.765442,0.749576,0.732252,0.713349,0.692737,0.670274,0.645812,0.619194,0.590254,0.55882,0.524715,0.487757,0.447765,0.404561,0.357971,0.307834,0.25401,0.196378,0.134854,0.0693928,0
0,0.0506244,0.100129,0.148245,0.194757,0.239505,0.282369,0.323275,0.362181,0.399075,0.43397,0.466897,0.497906,0.527055,0.554415,0.58006,0.604069,0.626525,0.647509,0.667103,0.685387,0.702439,0.718335,0.733146,0.746941,0.759785,0.77174,0.782863,0.793208,0.802827,0.811766,0.820069,0.827778,0.834929,0.841557,0.847695,0.853372,0.858615,0.863448,0.867893,0.871972,0.875701,0.879098,0.882176,0.884948,0.887425,0.889616,0.891529,0.89317,0.894543,0.89565,0.896494,0.897074,0.897388,0.897433,0.897204,0.896694,0.895895,0.894797,0.893387,0.891652,0.889575,0.887139,0.884322,0.881101,0.87745,0.87334,0.868739,0.863613,0.857921,0.851621,0.844665,0.837003,0.828576,0.819323,0.809177,0.798064,0.785902,0.772605,0.758078,0.742218,0.724914,0.706049,0.685493,0.663112,0.638759,0.612283,0.583522,0.55231,0.518474,0.481839,0.442229,0.399469,0.35339,0.303838,0.250669,0.193769,0.133048,0.0684587,0
0,0.0497258,0.0983601,0.145644,0.191372,0.235388,0.27758,0.317872,0.356225,0.392626,0.427085,0.459632,0.490313,0.519182,0.546307,0.571758,0.595611,0.617943,0.638834,0.658361,0.676601,0.69363,0.709519,0.724339,0.738156,0.751032,0.763028,0.7742,0.7846,0.794278,0.803279,0.811648,0.819424,0.826643,0.83334,0.839546,0.845291,0.850601,0.855499,0.860009,0.86415,0.86794,0.871395,0.874529,0.877355,0.879884,0.882124,0.884083,0.885767,0.88718,0.888326,0.889205,0.889817,0.890161,0.890233,0.890027,0.889538,0.888757,0.887673,0.886275,0.884548,0.882477,0.880043,0.877225,0.874001,0.870344,0.866225,0.861614,0.856474,0.850766,0.84445,0.837476,0.829796,0.821352,0.812083,0.801923,0.790798,0.778631,0.765335,0.750818,0.734979,0.717709,0.698894,0.678408,0.656119,0.631886,0.60556,0.576985,0.545999,0.512434,0.476121,0.436886,0.394561,0.348982,0.299994,0.24746,0.191263,0.131315,0.0675626,0
0,0.0488652,0.0966647,0.14315,0.188125,0.231437,0.272979,0.312678,0.350493,0.386413,0.420444,0.452616,0.48297,0.511559,0.538445,0.563696,0.587385,0.609585,0.630372,0.649821,0.668005,0.684998,0.700868,0.715684,0.729509,0.742404,0.754428,0.765635,0.776077,0.785802,0.794854,0.803277,0.811108,0.818385,0.82514,0.831406,0.837209,0.842577,0.847534,0.8521,0.856296,0.86014,0.863647,0.866832,0.869707,0.872282,0.874567,0.876569,0.878293,0.879745,0.880927,0.881839,0.882483,0.882855,0.882953,0.882772,0.882304,0.881542,0.880475,0.879091,0.877376,0.875314,0.872887,0.870074,0.866852,0.863194,0.859074,0.854458,0.849312,0.843599,0.837274,0.830293,0.822605,0.814154,0.80488,0.794717,0.783595,0.771434,0.758152,0.743657,0.727851,0.710628,0.691875,0.67147,0.649284,0.625179,0.599011,0.570628,0.539872,0.506579,0.470585,0.431721,0.389823,0.34473,0.296292,0.244372,0.188854,0.129649,0.0667017,0
0,0.0480394,0.095038,0.140757,0.185006,0.22764,0.268554,0.307677,0.34497,0.380418,0.41403,0.445832,0.475861,0.504169,0.530814,0.555861,0.57938,0.60144,0.622114,0.641474,0.659592,0.676537,0.692377,0.707176,0.720997,0.733899,0.745939,0.75717,0.767642,0.777403,0.786495,0.79496,0.802837,0.810162,0.816966,0.823281,0.829135,0.834553,0.83956,0.844176,0.848421,0.852312,0.855866,0.859097,0.862015,0.864633,0.866959,0.869,0.870762,0.872249,0.873465,0.874409,0.875083,0.875484,0.875608,0.875451,0.875006,0.874264,0.873215,0.871848,0.870147,0.868098,0.865681,0.862877,0.859661,0.856009,0.851893,0.84728,0.842136,0.836423,0.830099,0.823119,0.815432,0.806984,0.797715,0.78756,0.77645,0.764308,0.751051,0.73659,0.720828,0.703663,0.684983,0.664669,0.642594,0.618626,0.592623,0.564437,0.533914,0.500894,0.465218,0.426721,0.385241,0.340623,0.292719,0.241393,0.186532,0.128044,0.0658726,0
0,0.0472461,0.0934746,0.138456,0.182006,0.223985,0.264291,0.302856,0.33964,0.374629,0.407829,0.439264,0.468972,0.496998,0.523401,0.54824,0.571582,0.593495,0.614049,0.633312,0.651354,0.668241,0.684039,0.698811,0.712618,0.725516,0.737561,0.748805,0.759297,0.769082,0.778204,0.786702,0.794616,0.801978,0.808823,0.81518,0.821076,0.826538,0.831587,0.836246,0.840534,0.844467,0.848062,0.851333,0.854291,0.856948,0.85931,0.861387,0.863184,0.864705,0.865952,0.866928,0.86763,0.868059,0.868209,0.868076,0.867654,0.866934,0.865905,0.864555,0.862872,0.860838,0.858435,0.855643,0.852438,0.848797,0.844689,0.840085,0.834949,0.829244,0.822928,0.815956,0.808279,0.799843,0.790588,0.780452,0.769364,0.75725,0.744028,0.729611,0.713904,0.696807,0.678209,0.657995,0.636041,0.612217,0.586385,0.5584,0.528112,0.495366,0.460006,0.42187,0.380802,0.336649,0.289264,0.238516,0.18429,0.126496,0.0650729,0
0,0.0464828,0.0919701,0.13624,0.179116,0.220462,0.26018,0.298202,0.33449,0.36903,0.401826,0.432901,0.462289,0.490035,0.516192,0.54082,0.563982,0.585742,0.606168,0.625327,0.643283,0.660104,0.675851,0.690586,0.704368,0.717252,0.729293,0.74054,0.751041,0.760841,0.769984,0.778507,0.786448,0.793841,0.800718,0.807108,0.81304,0.818537,0.823623,0.828319,0.832643,0.836614,0.840245,0.843552,0.846545,0.849236,0.851633,0.853743,0.855572,0.857123,0.858401,0.859405,0.860136,0.860591,0.860767,0.860658,0.860259,0.859561,0.858553,0.857224,0.855559,0.853542,0.851156,0.84838,0.845191,0.841564,0.83747,0.83288,0.827757,0.822066,0.815765,0.808809,0.801149,0.792732,0.7835,0.77339,0.762334,0.750257,0.73708,0.722717,0.707074,0.690052,0.671545,0.65144,0.629614,0.60594,0.580284,0.552504,0.522455,0.489983,0.454937,0.417159,0.376495,0.332796,0.285918,0.235732,0.182122,0.124999,0.0643001,0
0,0.0457475,0.0905203,0.134105,0.176329,0.217063,0.25621,0.293705,0.32951,0.36361,0.39601,0.426728,0.455799,0.483265,0.509177,0.533592,0.556569,0.578171,0.598463,0.617509,0.635374,0.652119,0.667807,0.682496,0.696245,0.709106,0.721132,0.732373,0.742876,0.752683,0.761837,0.770376,0.778337,0.785752,0.792654,0.799072,0.805032,0.810559,0.815675,0.820402,0.824758,0.82876,0.832424,0.835762,0.838787,0.841508,0.843936,0.846076,0.847934,0.849514,0.85082,0.851852,0.852609,0.85309,0.853291,0.853207,0.852831,0.852156,0.85117,0.849862,0.848217,0.846221,0.843854,0.841097,0.837926,0.834317,0.830242,0.825669,0.820566,0.814894,0.808614,0.80168,0.794044,0.785654,0.776452,0.766376,0.755359,0.743328,0.730204,0.715902,0.700331,0.683394,0.664986,0.644996,0.623304,0.599787,0.574312,0.546741,0.516931,0.484734,0.449999,0.412575,0.372309,0.329056,0.282673,0.233033,0.180022,0.12355,0.0635521,0
0,0.0450381,0.0891216,0.132043,0.173638,0.213779,0.252372,0.289354,0.324688,0.358358,0.390367,0.420735,0.449492,0.476679,0.502345,0.526544,0.549333,0.570773,0.590925,0.609854,0.627619,0.644282,0.659903,0.674538,0.688245,0.701075,0.713079,0.724306,0.734801,0.744608,0.753766,0.762313,0.770286,0.777717,0.784638,0.791076,0.797058,0.802609,0.80775,0.812503,0.816885,0.820915,0.824605,0.827971,0.831024,0.833773,0.836228,0.838395,0.84028,0.841887,0.843219,0.844277,0.845059,0.845565,0.845791,0.845731,0.845379,0.844727,0.843763,0.842478,0.840855,0.83888,0.836535,0.833799,0.83065,0.827063,0.82301,0.81846,0.81338,0.807732,0.801477,0.794571,0.786966,0.778609,0.769444,0.759409,0.748438,0.73646,0.723396,0.709163,0.693672,0.676827,0.658525,0.638656,0.617105,0.593749,0.568459,0.5411,0.511531,0.479609,0.445184,0.40811,0.368236,0.325419,0.27952,0.230413,0.177985,0.122144,0.0628268,0
0,0.044353,0.0877703,0.130052,0.171037,0.210602,0.248657,0.28514,0.320014,0.353263,0.384889,0.414911,0.443357,0.470267,0.495686,0.519667,0.542265,0.563539,0.583548,0.602352,0.620012,0.636587,0.652133,0.666708,0.680366,0.693157,0.705132,0.716337,0.726818,0.736616,0.745771,0.75432,0.762299,0.769739,0.776671,0.783124,0.789123,0.794692,0.799853,0.804627,0.809031,0.813083,0.816797,0.820187,0.823264,0.826037,0.828517,0.830708,0.832618,0.83425,0.835606,0.836688,0.837495,0.838025,0.838275,0.838239,0.83791,0.837281,0.836342,0.835079,0.83348,0.831529,0.829207,0.826495,0.82337,0.819807,0.815779,0.811255,0.806202,0.800584,0.794359,0.787486,0.779916,0.771598,0.762475,0.752488,0.74157,0.729651,0.716654,0.702497,0.687093,0.670345,0.652155,0.632414,0.611009,0.587819,0.562718,0.535573,0.506247,0.474598,0.440482,0.403753,0.364266,0.321877,0.276452,0.227865,0.176005,0.120779,0.0621225,0
0,0.0436906,0.0864634,0.128125,0.168519,0.207526,0.245058,0.281054,0.315478,0.348315,0.379565,0.409246,0.437384,0.464018,0.48919,0.512953,0.535358,0.556462,0.576323,0.594999,0.612548,0.629028,0.644495,0.659003,0.672604,0.68535,0.697289,0.708466,0.718926,0.728709,0.737854,0.746399,0.754377,0.761821,0.768759,0.775221,0.781231,0.786813,0.791989,0.79678,0.801202,0.805272,0.809006,0.812416,0.815514,0.818309,0.82081,0.823024,0.824956,0.826611,0.82799,0.829095,0.829924,0.830478,0.83075,0.830738,0.830433,0.829828,0.828912,0.827673,0.826098,0.824171,0.821875,0.819188,0.81609,0.812554,0.808554,0.80406,0.799038,0.793452,0.787262,0.780426,0.772897,0.764622,0.755548,0.745613,0.734754,0.7229,0.709976,0.695901,0.680588,0.663945,0.645872,0.626264,0.605009,0.581989,0.55708,0.530151,0.501069,0.469694,0.435885,0.399498,0.360391,0.318424,0.273463,0.225384,0.174078,0.119451,0.0614375,0
0,0.0430493,0.0851981,0.126258,0.166079,0.204544,0.241567,0.277089,0.311074,0.343506,0.374387,0.403731,0.431564,0.457923,0.48285,0.506393,0.528603,0.549535,0.569244,0.587788,0.605222,0.621602,0.636983,0.651418,0.664958,0.677653,0.689549,0.700692,0.711124,0.720886,0.730017,0.738551,0.746523,0.753964,0.760904,0.767369,0.773386,0.778977,0.784163,0.788966,0.793402,0.797488,0.801238,0.804665,0.80778,0.810594,0.813114,0.815348,0.8173,0.818976,0.820376,0.821502,0.822354,0.822929,0.823225,0.823235,0.822953,0.822372,0.82148,0.820266,0.818716,0.816815,0.814545,0.811886,0.808816,0.805309,0.80134,0.796878,0.79189,0.78634,0.780189,0.773394,0.765909,0.757683,0.748661,0.738784,0.727989,0.716205,0.703359,0.689372,0.674156,0.657622,0.639672,0.620201,0.5991,0.576253,0.551538,0.524828,0.495991,0.464889,0.431385,0.395337,0.356605,0.315053,0.270547,0.222966,0.1722,0.118157,0.0607704,0
0,0.0424278,0.0839716,0.124449,0.163713,0.20165,0.238177,0.273236,0.306792,0.338828,0.369345,0.398357,0.42589,0.451976,0.476657,0.49998,0.521993,0.542751,0.562306,0.580713,0.598028,0.614304,0.629594,0.643951,0.657424,0.670062,0.68191,0.693013,0.703413,0.713148,0.722258,0.730777,0.738738,0.746171,0.753107,0.759572,0.765591,0.771186,0.77638,0.781191,0.785637,0.789734,0.793497,0.796938,0.800068,0.802898,0.805435,0.807686,0.809657,0.811351,0.812771,0.813918,0.81479,0.815387,0.815704,0.815737,0.815478,0.81492,0.814052,0.812863,0.81134,0.809465,0.807223,0.804592,0.801552,0.798077,0.794141,0.789713,0.784762,0.779251,0.773142,0.766392,0.758955,0.750781,0.741816,0.732001,0.721274,0.709565,0.696802,0.682907,0.667793,0.651373,0.633549,0.61422,0.593277,0.570606,0.546088,0.519598,0.491005,0.460177,0.426975,0.391263,0.352902,0.311757,0.267698,0.220604,0.170367,0.116895,0.0601197,0
0,0.041825,0.0827816,0.122693,0.161415,0.19884,0.234884,0.269491,0.302626,0.334273,0.364433,0.393118,0.420352,0.446168,0.470604,0.493707,0.515523,0.536103,0.555501,0.573769,0.590961,0.607128,0.622324,0.636598,0.65,0.662575,0.674371,0.685429,0.695791,0.705496,0.71458,0.723078,0.731023,0.738445,0.745373,0.751832,0.757849,0.763445,0.768641,0.773457,0.77791,0.782015,0.785788,0.78924,0.792383,0.795226,0.797778,0.800045,0.802032,0.803744,0.805181,0.806347,0.807239,0.807856,0.808194,0.808248,0.808012,0.807478,0.806635,0.805471,0.803973,0.802126,0.799912,0.797312,0.794303,0.790861,0.786959,0.782569,0.777656,0.772187,0.766123,0.75942,0.752035,0.743917,0.735013,0.725264,0.714609,0.702979,0.690304,0.676504,0.661497,0.645194,0.6275,0.608316,0.587534,0.565042,0.540723,0.514454,0.486107,0.45555,0.42265,0.38727,0.349275,0.308531,0.264911,0.218296,0.168576,0.115662,0.0594843,0
0,0.0412396,0.081626,0.120987,0.159183,0.196107,0.23168,0.265845,0.298569,0.329835,0.359643,0.388006,0.414945,0.440492,0.464685,0.487567,0.509185,0.529587,0.548826,0.566952,0.584017,0.600073,0.61517,0.629357,0.642682,0.655192,0.66693,0.677939,0.688258,0.697927,0.706981,0.715455,0.72338,0.730786,0.737701,0.744152,0.750163,0.755756,0.760951,0.765769,0.770225,0.774336,0.778116,0.781577,0.784729,0.787584,0.790148,0.792428,0.79443,0.796157,0.797611,0.798794,0.799705,0.800341,0.8007,0.800775,0.800562,0.80005,0.799231,0.798093,0.796622,0.794803,0.792619,0.790049,0.787073,0.783665,0.7798,0.775448,0.770577,0.765152,0.759134,0.752482,0.745151,0.737092,0.728252,0.718573,0.707993,0.696446,0.683861,0.670161,0.655264,0.639082,0.621522,0.602485,0.581867,0.559556,0.535438,0.509391,0.481289,0.451004,0.418403,0.383352,0.345719,0.305371,0.262183,0.216036,0.166825,0.114457,0.0588631,0
0,0.0406706,0.0805025,0.119328,0.157011,0.193448,0.228561,0.262294,0.294615,0.325507,0.35497,0.383014,0.409661,0.434942,0.458892,0.481554,0.502973,0.523197,0.542274,0.560255,0.577192,0.593132,0.608127,0.622224,0.63547,0.647909,0.659586,0.670541,0.680814,0.690443,0.699463,0.707908,0.715809,0.723195,0.730095,0.736533,0.742535,0.748121,0.753313,0.758129,0.762586,0.7667,0.770484,0.773951,0.777111,0.779975,0.782549,0.784841,0.786856,0.788597,0.790066,0.791265,0.792193,0.792848,0.793226,0.793322,0.79313,0.792642,0.791847,0.790735,0.789291,0.7875,0.785345,0.782807,0.779865,0.776493,0.772665,0.768353,0.763525,0.758146,0.752178,0.745579,0.738305,0.730307,0.721533,0.711927,0.701426,0.689965,0.677474,0.663877,0.649092,0.633034,0.615611,0.596725,0.576272,0.554145,0.530228,0.504404,0.476548,0.446533,0.414229,0.379505,0.342229,0.302271,0.259509,0.213823,0.165109,0.113277,0.058255,0
0,0.0401171,0.0794095,0.117713,0.154897,0.190859,0.225522,0.258833,0.290759,0.321284,0.350406,0.378136,0.404495,0.429511,0.453221,0.475664,0.496883,0.516926,0.535841,0.553676,0.570481,0.586304,0.601194,0.615197,0.628359,0.640725,0.652337,0.663235,0.673458,0.683044,0.692026,0.700438,0.708311,0.715674,0.722555,0.728978,0.734967,0.740544,0.745729,0.75054,0.754995,0.759109,0.762895,0.766366,0.769532,0.772402,0.774985,0.777287,0.779313,0.781066,0.78255,0.783764,0.784708,0.78538,0.785777,0.785893,0.785723,0.785257,0.784486,0.783399,0.781982,0.78022,0.778096,0.775591,0.772682,0.769347,0.765558,0.761288,0.756504,0.751173,0.745255,0.738711,0.731497,0.723563,0.714858,0.705326,0.694907,0.683535,0.671141,0.657649,0.64298,0.627049,0.609765,0.591031,0.570747,0.548804,0.52509,0.499489,0.471878,0.442133,0.410124,0.375723,0.338801,0.299229,0.256884,0.211652,0.163427,0.11212,0.0576591,0
0,0.0395782,0.0783451,0.116141,0.152838,0.188336,0.222559,0.255457,0.286996,0.317159,0.345947,0.373367,0.399441,0.424195,0.447665,0.469889,0.49091,0.510772,0.529523,0.54721,0.563881,0.579584,0.594366,0.608273,0.621349,0.633638,0.645181,0.656019,0.666189,0.675727,0.684668,0.693045,0.700887,0.708224,0.715082,0.721486,0.72746,0.733025,0.7382,0.743005,0.747456,0.751567,0.755353,0.758825,0.761994,0.76487,0.76746,0.76977,0.771806,0.77357,0.775066,0.776294,0.777253,0.777942,0.778357,0.778493,0.778343,0.777899,0.777153,0.776091,0.774701,0.772968,0.770875,0.768402,0.765528,0.76223,0.758482,0.754254,0.749516,0.744233,0.738369,0.731882,0.724728,0.71686,0.708227,0.698772,0.688436,0.677155,0.66486,0.651476,0.636926,0.621123,0.60398,0.585401,0.565286,0.543529,0.52002,0.494642,0.467276,0.437799,0.406084,0.372004,0.335431,0.296239,0.254307,0.209521,0.161777,0.110985,0.0570746,0
0,0.0390531,0.0773078,0.114608,0.15083,0.185874,0.219668,0.252161,0.28332,0.313129,0.341587,0.368702,0.394493,0.418988,0.44222,0.464226,0.485048,0.504729,0.523315,0.540853,0.557389,0.572969,0.587641,0.601449,0.614436,0.626645,0.638117,0.648891,0.659005,0.668494,0.677391,0.685729,0.693538,0.700845,0.707678,0.714061,0.720016,0.725566,0.73073,0.735525,0.739969,0.744076,0.747859,0.751331,0.754502,0.757381,0.759976,0.762293,0.764337,0.766111,0.767618,0.768859,0.769833,0.770537,0.770969,0.771123,0.770994,0.770572,0.769849,0.768812,0.76745,0.765746,0.763683,0.761243,0.758405,0.755145,0.751438,0.747254,0.742562,0.73733,0.731519,0.72509,0.717999,0.710199,0.701639,0.692263,0.682013,0.670825,0.658631,0.645358,0.630927,0.615256,0.598255,0.579833,0.559888,0.538318,0.515013,0.489859,0.462737,0.433527,0.402104,0.368342,0.332115,0.293299,0.251774,0.207427,0.160156,0.10987,0.0565006,0
0,0.038541,0.0762962,0.113113,0.14887,0.183471,0.216845,0.248941,0.279727,0.309188,0.337321,0.364135,0.389648,0.413886,0.436881,0.45867,0.479293,0.498793,0.517213,0.534601,0.551,0.566457,0.581016,0.594723,0.607618,0.619746,0.631144,0.641852,0.651907,0.661343,0.670193,0.67849,0.686262,0.693537,0.700342,0.706701,0.712637,0.718169,0.723319,0.728103,0.732538,0.736638,0.740417,0.743887,0.747058,0.749938,0.752536,0.754859,0.756909,0.758692,0.760209,0.761462,0.762449,0.763168,0.763616,0.763789,0.763679,0.763279,0.762579,0.761567,0.760231,0.758556,0.756525,0.754119,0.751316,0.748095,0.744428,0.740289,0.735645,0.730464,0.724708,0.718339,0.711312,0.703581,0.695095,0.6858,0.675638,0.664544,0.652453,0.639292,0.624983,0.609444,0.592588,0.574323,0.55455,0.533168,0.510067,0.485137,0.458259,0.429315,0.398182,0.364735,0.32885,0.290405,0.249282,0.205368,0.158562,0.108775,0.0559366,0
0,0.0380413,0.0753088,0.111654,0.146957,0.181125,0.214087,0.245793,0.276214,0.305332,0.333145,0.359662,0.3849,0.408883,0.431644,0.453217,0.473641,0.49296,0.511214,0.52845,0.544712,0.560043,0.574489,0.588092,0.600894,0.612937,0.624259,0.634899,0.644892,0.654273,0.663074,0.671327,0.679061,0.686302,0.693077,0.699409,0.705322,0.710835,0.715968,0.720739,0.725163,0.729255,0.733028,0.736494,0.739663,0.742544,0.745144,0.74747,0.749526,0.751316,0.752842,0.754105,0.755105,0.755838,0.756302,0.756492,0.756401,0.756022,0.755344,0.754358,0.753049,0.751402,0.749402,0.747029,0.744263,0.741081,0.737456,0.733361,0.728766,0.723637,0.717937,0.711628,0.704666,0.697005,0.688596,0.679383,0.669309,0.658312,0.646325,0.633277,0.619091,0.603686,0.586976,0.56887,0.54927,0.528075,0.50518,0.480472,0.453838,0.425159,0.394313,0.361179,0.325633,0.287555,0.246828,0.203342,0.156994,0.107697,0.0553819,0
0,0.0375533,0.0743444,0.110228,0.145087,0.178831,0.211389,0.242715,0.272776,0.301558,0.329056,0.355279,0.380244,0.403976,0.426503,0.447862,0.468089,0.487226,0.505315,0.522398,0.538521,0.553726,0.568056,0.581555,0.594262,0.606218,0.617462,0.628031,0.637961,0.647285,0.656035,0.664241,0.671934,0.679138,0.685881,0.692185,0.698073,0.703565,0.70868,0.713435,0.717847,0.721928,0.725694,0.729154,0.73232,0.735199,0.7378,0.740128,0.742189,0.743986,0.74552,0.746792,0.747803,0.748549,0.749028,0.749235,0.749163,0.748804,0.748149,0.747186,0.745904,0.744286,0.742317,0.739978,0.737248,0.734105,0.730522,0.726473,0.721926,0.71685,0.711207,0.704959,0.698063,0.690474,0.682141,0.673011,0.663028,0.652128,0.640247,0.627313,0.613252,0.597982,0.581418,0.563471,0.544044,0.523038,0.500348,0.475864,0.449472,0.421056,0.390496,0.357672,0.322462,0.284747,0.244411,0.201346,0.15545,0.106637,0.054836,0
0,0.0370764,0.0734019,0.108834,0.14326,0.176587,0.208751,0.239702,0.26941,0.29786,0.325048,0.350982,0.375679,0.39916,0.421457,0.442602,0.462632,0.481588,0.499511,0.516442,0.532425,0.547502,0.561716,0.575108,0.587719,0.599587,0.610751,0.621248,0.631112,0.640376,0.649073,0.657232,0.664881,0.672047,0.678756,0.68503,0.690891,0.69636,0.701455,0.706193,0.71059,0.71466,0.718416,0.721869,0.72503,0.727907,0.730507,0.732837,0.734901,0.736702,0.738243,0.739525,0.740546,0.741305,0.741798,0.74202,0.741966,0.741627,0.740994,0.740055,0.738799,0.73721,0.735272,0.732967,0.730273,0.727169,0.723628,0.719625,0.715128,0.710105,0.704519,0.698333,0.691504,0.683986,0.675731,0.666686,0.656793,0.645992,0.634218,0.6214,0.607463,0.592329,0.575913,0.558125,0.538872,0.518055,0.495569,0.471307,0.445157,0.417003,0.386727,0.354211,0.319333,0.281977,0.242029,0.199379,0.153929,0.105592,0.0542982,0
0,0.03661,0.0724802,0.107471,0.141471,0.174392,0.206168,0.236752,0.266113,0.294237,0.32112,0.346768,0.371198,0.394433,0.4165,0.437433,0.457268,0.476043,0.4938,0.510578,0.526421,0.54137,0.555466,0.568751,0.581263,0.593042,0.604125,0.614547,0.624344,0.633547,0.642189,0.650298,0.657902,0.665028,0.671701,0.677943,0.683776,0.68922,0.694293,0.699013,0.703394,0.707451,0.711196,0.714641,0.717796,0.720669,0.723267,0.725597,0.727663,0.729468,0.731015,0.732304,0.733335,0.734105,0.734612,0.73485,0.734813,0.734493,0.733882,0.732967,0.731736,0.730176,0.728269,0.725996,0.723339,0.720274,0.716776,0.712819,0.708371,0.703401,0.697874,0.69175,0.684988,0.677544,0.669367,0.660407,0.650606,0.639904,0.628237,0.615535,0.601724,0.586726,0.570458,0.552831,0.533752,0.513123,0.490842,0.466802,0.440892,0.412999,0.383005,0.350793,0.316245,0.279245,0.239678,0.197439,0.152429,0.104562,0.0537682,0
0,0.0361538,0.0715783,0.106137,0.139721,0.172243,0.203638,0.233861,0.262882,0.290685,0.317266,0.342633,0.3668,0.38979,0.41163,0.432353,0.451993,0.470588,0.488179,0.504804,0.520507,0.535326,0.549304,0.56248,0.574893,0.586581,0.597581,0.607928,0.617656,0.626797,0.635381,0.643439,0.650997,0.658081,0.664717,0.670925,0.676728,0.682146,0.687196,0.691895,0.696259,0.700301,0.704035,0.70747,0.710617,0.713485,0.716081,0.71841,0.720477,0.722285,0.723837,0.725133,0.726173,0.726954,0.727473,0.727726,0.727705,0.727405,0.726814,0.725922,0.724717,0.723185,0.721308,0.719069,0.716448,0.713422,0.709967,0.706056,0.701658,0.696742,0.691272,0.685211,0.678517,0.671146,0.663048,0.654173,0.644465,0.633863,0.622304,0.609718,0.596034,0.581173,0.565053,0.547587,0.528681,0.508241,0.486164,0.462345,0.436675,0.40904,0.379327,0.347417,0.313196,0.276547,0.237359,0.195526,0.15095,0.103546,0.0532454,0
0,0.0357071,0.0706952,0.104831,0.138006,0.170137,0.201159,0.231028,0.259713,0.2872,0.313485,0.338573,0.362481,0.385229,0.406844,0.427357,0.446803,0.46522,0.482644,0.499118,0.514679,0.529369,0.543228,0.556295,0.568607,0.580203,0.591119,0.601389,0.611047,0.620124,0.62865,0.636655,0.644165,0.651207,0.657803,0.663976,0.669748,0.675138,0.680164,0.684842,0.689187,0.693213,0.696933,0.700358,0.703497,0.706358,0.70895,0.711277,0.713344,0.715154,0.71671,0.718013,0.71906,0.719851,0.720383,0.720649,0.720645,0.720362,0.719792,0.718924,0.717744,0.716239,0.714393,0.712187,0.709602,0.706615,0.703202,0.699337,0.694989,0.690127,0.684716,0.678717,0.672091,0.664793,0.656775,0.647986,0.63837,0.627869,0.616418,0.60395,0.590392,0.575668,0.559697,0.542391,0.523659,0.503407,0.481534,0.457935,0.432503,0.405126,0.37569,0.344081,0.310184,0.273883,0.235069,0.193636,0.149489,0.102543,0.0527296,0
0,0.0352696,0.0698302,0.103551,0.136326,0.168073,0.198729,0.228249,0.256605,0.28378,0.309772,0.334587,0.358238,0.380746,0.402138,0.422444,0.441697,0.459935,0.477195,0.493515,0.508936,0.523496,0.537236,0.550192,0.562404,0.573907,0.584738,0.59493,0.604516,0.613528,0.621995,0.629945,0.637407,0.644403,0.650959,0.657097,0.662836,0.668197,0.673197,0.677852,0.682177,0.686187,0.689892,0.693305,0.696434,0.699289,0.701875,0.704199,0.706265,0.708077,0.709637,0.710944,0.711999,0.712799,0.713342,0.713622,0.713633,0.713368,0.712818,0.711972,0.710817,0.709339,0.707523,0.70535,0.702801,0.699853,0.696483,0.692663,0.688365,0.683557,0.678204,0.672269,0.665711,0.658487,0.650548,0.641845,0.632322,0.621921,0.610579,0.598228,0.584798,0.570211,0.554388,0.537242,0.518685,0.49862,0.47695,0.45357,0.428375,0.401254,0.372095,0.340783,0.307206,0.27125,0.232806,0.191771,0.148048,0.101554,0.0522204,0
0,0.0348408,0.0689824,0.102296,0.134679,0.166049,0.196345,0.225523,0.253554,0.280423,0.306127,0.33067,0.354067,0.376339,0.397509,0.417609,0.436672,0.454732,0.471827,0.487996,0.503275,0.517706,0.531325,0.544171,0.556281,0.56769,0.578435,0.588548,0.598062,0.607007,0.615414,0.62331,0.63072,0.637671,0.644186,0.650286,0.655992,0.661322,0.666295,0.670927,0.675231,0.679223,0.682913,0.686313,0.689431,0.692277,0.694858,0.697178,0.699243,0.701055,0.702617,0.703929,0.70499,0.705799,0.706352,0.706645,0.706671,0.706424,0.705893,0.705068,0.703938,0.702487,0.7007,0.69856,0.696046,0.693137,0.689809,0.686035,0.681787,0.677033,0.671738,0.665866,0.659376,0.652226,0.644367,0.63575,0.626321,0.61602,0.604786,0.592553,0.57925,0.5648,0.549125,0.53214,0.513756,0.493878,0.47241,0.449249,0.42429,0.397423,0.368538,0.337522,0.304263,0.268648,0.23057,0.189927,0.146623,0.100576,0.0517174,0
0,0.0344204,0.0681512,0.101066,0.133064,0.164064,0.194006,0.222847,0.250559,0.277126,0.302545,0.326821,0.349968,0.372004,0.392956,0.412852,0.431724,0.449608,0.466539,0.482556,0.497695,0.511995,0.525494,0.538229,0.550237,0.561552,0.57221,0.582243,0.591684,0.600562,0.608907,0.616747,0.624106,0.63101,0.637482,0.643544,0.649215,0.654514,0.659459,0.664066,0.668349,0.672321,0.675995,0.679381,0.682488,0.685325,0.687899,0.690214,0.692276,0.694088,0.695652,0.696967,0.698034,0.698851,0.699415,0.69972,0.69976,0.699529,0.699018,0.698214,0.697108,0.695683,0.693926,0.691818,0.689339,0.686469,0.683182,0.679454,0.675255,0.670555,0.665318,0.65951,0.653088,0.646011,0.638233,0.629702,0.620365,0.610165,0.59904,0.586925,0.573748,0.559436,0.543909,0.527084,0.508872,0.489181,0.467914,0.44497,0.420245,0.393631,0.365019,0.334296,0.301351,0.266075,0.22836,0.188105,0.145215,0.0996096,0.0512204,0
0,0.0340081,0.0673357,0.0998591,0.131478,0.162115,0.19171,0.22022,0.247617,0.273887,0.299026,0.323038,0.345936,0.367741,0.388475,0.408169,0.426853,0.444561,0.461329,0.477194,0.492193,0.506363,0.519742,0.532365,0.54427,0.555491,0.566061,0.576014,0.585381,0.594191,0.602474,0.610256,0.617563,0.62442,0.630849,0.636871,0.642506,0.647773,0.652689,0.65727,0.66153,0.665483,0.669139,0.67251,0.675605,0.678432,0.680998,0.683308,0.685367,0.687178,0.688742,0.690061,0.691133,0.691958,0.69253,0.692847,0.692901,0.692686,0.692193,0.691411,0.690327,0.688929,0.687201,0.685124,0.682681,0.679848,0.676604,0.672921,0.668771,0.664124,0.658946,0.6532,0.646847,0.639843,0.632144,0.6237,0.614456,0.604357,0.59334,0.581342,0.568292,0.554116,0.538737,0.522071,0.504032,0.484527,0.46346,0.440733,0.416241,0.389878,0.361535,0.331103,0.298471,0.26353,0.226174,0.186303,0.143823,0.0986544,0.0507291,0
0,0.0336034,0.0665353,0.0986743,0.129922,0.160202,0.189455,0.217639,0.244726,0.270703,0.295565,0.319317,0.34197,0.363545,0.384065,0.403558,0.422054,0.439588,0.456194,0.471908,0.486767,0.500807,0.514066,0.526578,0.53838,0.549505,0.559988,0.56986,0.579152,0.587894,0.596113,0.603837,0.611092,0.6179,0.624284,0.630266,0.635865,0.641099,0.645985,0.65054,0.654776,0.658708,0.662346,0.665701,0.668783,0.6716,0.674157,0.676461,0.678516,0.680325,0.681889,0.683211,0.684287,0.685118,0.6857,0.686027,0.686095,0.685896,0.68542,0.684658,0.683598,0.682225,0.680525,0.67848,0.676071,0.673276,0.670073,0.666435,0.662335,0.657741,0.652621,0.646937,0.640652,0.633722,0.626102,0.617744,0.608593,0.598594,0.587686,0.575805,0.562881,0.548842,0.53361,0.517103,0.499235,0.479915,0.459048,0.436535,0.412275,0.386161,0.358087,0.327943,0.295621,0.261012,0.224012,0.184521,0.142447,0.0977099,0.0502433,0
0,0.0332061,0.0657495,0.0975109,0.128394,0.158322,0.187239,0.215102,0.241885,0.267573,0.292162,0.315656,0.338068,0.359416,0.379723,0.399017,0.417328,0.434688,0.451132,0.466696,0.481416,0.495326,0.508464,0.520865,0.532564,0.543594,0.553988,0.563779,0.572996,0.581668,0.589824,0.59749,0.60469,0.611449,0.617788,0.623729,0.629291,0.634491,0.639347,0.643874,0.648086,0.651996,0.655615,0.658955,0.662023,0.664828,0.667376,0.669673,0.671723,0.673529,0.675094,0.676417,0.677497,0.678334,0.678924,0.679262,0.679342,0.679158,0.6787,0.677958,0.67692,0.675572,0.6739,0.671886,0.669511,0.666754,0.663592,0.659999,0.655947,0.651406,0.646343,0.640722,0.634504,0.627648,0.620107,0.611834,0.602776,0.592877,0.582077,0.570312,0.557515,0.543612,0.528526,0.512178,0.49448,0.475344,0.454675,0.432377,0.408346,0.38248,0.354672,0.324815,0.292799,0.25852,0.221872,0.182757,0.141085,0.0967755,0.0497627,0
0,0.0328159,0.0649777,0.0963681,0.126892,0.156476,0.185062,0.212609,0.239092,0.264495,0.288815,0.312055,0.334227,0.355351,0.375447,0.394544,0.41267,0.429858,0.446142,0.461557,0.476137,0.489918,0.502936,0.515226,0.526821,0.537756,0.548062,0.55777,0.566912,0.575514,0.583606,0.591212,0.598358,0.605067,0.611361,0.61726,0.622783,0.627949,0.632774,0.637273,0.64146,0.645348,0.648948,0.65227,0.655323,0.658116,0.660655,0.662944,0.664989,0.666792,0.668355,0.669679,0.670764,0.671606,0.672203,0.672551,0.672644,0.672474,0.672032,0.67131,0.670294,0.668971,0.667326,0.665343,0.663001,0.660281,0.65716,0.653611,0.649608,0.645119,0.640114,0.634555,0.628404,0.62162,0.614159,0.605971,0.597005,0.587206,0.576513,0.564865,0.552193,0.538425,0.523486,0.507295,0.489767,0.470814,0.450343,0.428256,0.404454,0.378834,0.351291,0.321717,0.290006,0.256052,0.219754,0.181012,0.139737,0.0958508,0.0492872,0
0,0.0324325,0.0642193,0.0952452,0.125417,0.154661,0.182921,0.210158,0.236345,0.261467,0.285521,0.30851,0.330446,0.351347,0.371235,0.390136,0.40808,0.425097,0.441222,0.456488,0.470929,0.484582,0.49748,0.509658,0.521151,0.531989,0.542206,0.551833,0.560898,0.569431,0.577458,0.585004,0.592095,0.598754,0.605001,0.610858,0.616343,0.621474,0.626267,0.630737,0.634898,0.638763,0.642343,0.645647,0.648686,0.651466,0.653994,0.656275,0.658314,0.660113,0.661675,0.663,0.664087,0.664934,0.665538,0.665895,0.666,0.665844,0.665419,0.664715,0.66372,0.662422,0.660804,0.658851,0.656543,0.653859,0.650778,0.647273,0.643317,0.638881,0.633932,0.628435,0.622351,0.61564,0.608257,0.600154,0.59128,0.58158,0.570995,0.559462,0.546914,0.533282,0.518488,0.502453,0.485095,0.466324,0.446048,0.424173,0.400598,0.375223,0.347941,0.318649,0.28724,0.25361,0.217657,0.179284,0.138404,0.0949357,0.0488166,0
0,0.0320557,0.0634739,0.0941413,0.123966,0.152876,0.180816,0.207746,0.233642,0.258487,0.282279,0.30502,0.326723,0.347404,0.367086,0.385793,0.403555,0.420403,0.436369,0.451487,0.465791,0.479315,0.492094,0.504161,0.51555,0.526293,0.536422,0.545966,0.554955,0.563417,0.571379,0.578865,0.585901,0.592509,0.598709,0.604523,0.609969,0.615064,0.619825,0.624266,0.6284,0.632242,0.635801,0.639087,0.64211,0.644876,0.647393,0.649666,0.651698,0.653494,0.655053,0.656378,0.657467,0.658318,0.658929,0.659295,0.659411,0.659268,0.658859,0.658173,0.6572,0.655925,0.654334,0.65241,0.650135,0.647488,0.644446,0.640984,0.637076,0.632692,0.6278,0.622363,0.616346,0.609707,0.602402,0.594383,0.585601,0.575999,0.565521,0.554103,0.54168,0.528181,0.513532,0.497653,0.480463,0.461873,0.441792,0.420127,0.396778,0.371644,0.344623,0.31561,0.2845,0.251191,0.21558,0.177574,0.137083,0.0940297,0.0483507,0
0,0.0316853,0.0627411,0.0930559,0.122539,0.15112,0.178745,0.205374,0.230982,0.255554,0.279087,0.301584,0.323056,0.34352,0.362997,0.381512,0.399095,0.415774,0.431583,0.446554,0.460721,0.474117,0.486777,0.498733,0.510019,0.520666,0.530706,0.540168,0.54908,0.557472,0.565368,0.572794,0.579774,0.586331,0.592484,0.598255,0.603661,0.60872,0.613447,0.617858,0.621967,0.625784,0.629321,0.632589,0.635595,0.638348,0.640854,0.643117,0.645142,0.646933,0.64849,0.649814,0.650904,0.65176,0.652377,0.652751,0.652877,0.652747,0.652354,0.651686,0.650733,0.649481,0.647916,0.646022,0.643779,0.641167,0.638165,0.634746,0.630885,0.626552,0.621715,0.61634,0.610389,0.603821,0.596594,0.588659,0.579967,0.570464,0.560091,0.548788,0.536489,0.523123,0.508618,0.492894,0.475871,0.45746,0.437574,0.416116,0.392991,0.368098,0.341335,0.312599,0.281787,0.248795,0.213524,0.17588,0.135775,0.0931326,0.0478894,0
0,0.0313209,0.0620203,0.0919882,0.121136,0.149393,0.176707,0.203039,0.228364,0.252667,0.275944,0.298199,0.319443,0.339692,0.358967,0.377292,0.394697,0.411209,0.426862,0.441687,0.455717,0.468986,0.481527,0.493373,0.504556,0.515108,0.525059,0.534438,0.543274,0.551594,0.559425,0.566791,0.573715,0.580219,0.586325,0.592052,0.597418,0.60244,0.607135,0.611515,0.615596,0.619389,0.622905,0.626153,0.629143,0.631881,0.634375,0.636628,0.638646,0.640431,0.641985,0.643308,0.6444,0.645258,0.645881,0.646263,0.646399,0.646282,0.645903,0.645253,0.64432,0.643091,0.641552,0.639686,0.637474,0.634898,0.631934,0.628558,0.624744,0.620462,0.61568,0.610365,0.60448,0.597983,0.590832,0.582981,0.574379,0.564973,0.554706,0.543517,0.53134,0.518107,0.503745,0.488175,0.471318,0.453086,0.433391,0.412141,0.389238,0.364584,0.338077,0.309616,0.279098,0.246421,0.211487,0.174202,0.13448,0.0922442,0.0474325,0
0,0.0309625,0.0613111,0.0909378,0.119755,0.147694,0.174701,0.20074,0.225786,0.249823,0.272848,0.294865,0.315883,0.335919,0.354994,0.373131,0.390359,0.406706,0.422204,0.436883,0.450778,0.463921,0.476344,0.48808,0.49916,0.509616,0.519478,0.528775,0.537535,0.545784,0.553549,0.560854,0.567721,0.574174,0.580232,0.585914,0.59124,0.596225,0.600886,0.605236,0.609289,0.613057,0.616551,0.619779,0.622752,0.625475,0.627956,0.630199,0.632209,0.633988,0.635538,0.63686,0.637953,0.638814,0.639442,0.639831,0.639977,0.639871,0.639507,0.638874,0.63796,0.636754,0.63524,0.633402,0.631222,0.62868,0.625755,0.622421,0.618652,0.614421,0.609694,0.604439,0.598618,0.592192,0.585118,0.577349,0.568837,0.559528,0.549365,0.538289,0.526235,0.513133,0.498913,0.483496,0.466803,0.448749,0.429246,0.4082,0.385518,0.361101,0.334849,0.30666,0.276434,0.244069,0.209469,0.17254,0.133197,0.0913642,0.04698,0
0,0.0306098,0.0606133,0.089904,0.118396,0.146021,0.172727,0.198477,0.223247,0.247022,0.269798,0.291579,0.312374,0.3322,0.351077,0.369028,0.386081,0.402264,0.417607,0.432143,0.445903,0.45892,0.471225,0.482852,0.49383,0.504191,0.513964,0.523178,0.531861,0.54004,0.547739,0.554982,0.561793,0.568194,0.574203,0.579842,0.585127,0.590075,0.594701,0.59902,0.603045,0.606788,0.610259,0.613467,0.616422,0.61913,0.621598,0.623831,0.625832,0.627605,0.629151,0.630471,0.631563,0.632427,0.63306,0.633456,0.633611,0.633517,0.633166,0.632549,0.631655,0.63047,0.628981,0.627171,0.625022,0.622514,0.619626,0.616334,0.612611,0.608429,0.603757,0.598561,0.592804,0.586448,0.57945,0.571763,0.56334,0.554127,0.544069,0.533105,0.521171,0.508201,0.494121,0.478857,0.462327,0.44445,0.425136,0.404294,0.381831,0.357649,0.331649,0.303731,0.273794,0.241739,0.207469,0.170893,0.131926,0.0904923,0.0465317,0
0,0.0302627,0.0599263,0.0888862,0.117058,0.144373,0.170782,0.196248,0.220746,0.244263,0.266793,0.288341,0.308916,0.328534,0.347214,0.364981,0.38186,0.39788,0.413071,0.427464,0.44109,0.453982,0.466171,0.477688,0.488564,0.49883,0.508515,0.517647,0.526253,0.534361,0.541994,0.549176,0.55593,0.562278,0.56824,0.573833,0.579077,0.583988,0.58858,0.592868,0.596864,0.600581,0.604029,0.607217,0.610153,0.612846,0.615301,0.617522,0.619515,0.621281,0.622822,0.62414,0.625232,0.626098,0.626734,0.627137,0.6273,0.627218,0.626881,0.62628,0.625404,0.624241,0.622775,0.620992,0.618874,0.6164,0.613549,0.610298,0.60662,0.602487,0.597869,0.592731,0.587039,0.580752,0.573828,0.566223,0.557888,0.548771,0.538816,0.527963,0.51615,0.503309,0.48937,0.474256,0.45789,0.440187,0.421061,0.400422,0.378176,0.354227,0.328478,0.300828,0.271178,0.23943,0.205488,0.169261,0.130666,0.0896285,0.0460876,0
0,0.0299209,0.05925,0.0878842,0.11574,0.142751,0.168867,0.194052,0.218282,0.241543,0.263831,0.285149,0.305506,0.324918,0.343405,0.360989,0.377696,0.393555,0.408595,0.422846,0.436339,0.449106,0.461178,0.472587,0.483362,0.493533,0.50313,0.51218,0.52071,0.528746,0.536313,0.543434,0.550132,0.556427,0.56234,0.567889,0.573091,0.577964,0.582521,0.586777,0.590745,0.594436,0.59786,0.601027,0.603946,0.606622,0.609063,0.611273,0.613257,0.615016,0.616552,0.617867,0.618959,0.619826,0.620466,0.620875,0.621046,0.620974,0.62065,0.620065,0.619207,0.618065,0.616623,0.614867,0.612778,0.610338,0.607524,0.604313,0.600679,0.596595,0.59203,0.586951,0.581321,0.575103,0.568254,0.56073,0.552482,0.543459,0.533606,0.522865,0.511171,0.498459,0.484659,0.469695,0.453489,0.43596,0.417021,0.396583,0.374553,0.350835,0.325334,0.29795,0.268585,0.237141,0.203525,0.167644,0.129418,0.0887726,0.0456475,0
0,0.0295843,0.0585839,0.0868972,0.114442,0.141153,0.16698,0.191889,0.215854,0.238863,0.260911,0.282002,0.302144,0.321353,0.339647,0.357051,0.373588,0.389287,0.404176,0.418286,0.431647,0.444291,0.456247,0.467548,0.478222,0.488299,0.497808,0.506776,0.515229,0.523195,0.530696,0.537755,0.544396,0.550639,0.556503,0.562007,0.567168,0.572003,0.576525,0.580749,0.584688,0.588353,0.591753,0.594899,0.597799,0.600459,0.602886,0.605084,0.607058,0.608809,0.610341,0.611652,0.612743,0.613611,0.614255,0.614669,0.614849,0.614787,0.614475,0.613905,0.613065,0.611943,0.610524,0.608794,0.606735,0.604327,0.601549,0.598378,0.594789,0.590753,0.58624,0.581218,0.575651,0.569501,0.562726,0.555282,0.547121,0.538192,0.528441,0.517809,0.506233,0.49365,0.479987,0.465172,0.449126,0.431769,0.413016,0.392777,0.37096,0.347473,0.322218,0.295098,0.266015,0.234873,0.201578,0.166042,0.128181,0.0879243,0.0452113,0
0,0.0292527,0.0579278,0.085925,0.113163,0.139578,0.165121,0.189756,0.213461,0.236221,0.258033,0.278899,0.298828,0.317836,0.33594,0.353165,0.369533,0.385073,0.399814,0.413784,0.427014,0.439535,0.451377,0.46257,0.473143,0.483126,0.492548,0.501434,0.509812,0.517706,0.525141,0.53214,0.538724,0.544914,0.550729,0.556188,0.561308,0.566104,0.570591,0.574783,0.578692,0.58233,0.585707,0.588832,0.591712,0.594356,0.596768,0.598955,0.600918,0.602662,0.604187,0.605495,0.606585,0.607454,0.608101,0.60852,0.608707,0.608655,0.608355,0.6078,0.606977,0.605875,0.604479,0.602775,0.600744,0.598368,0.595626,0.592495,0.588949,0.58496,0.5805,0.575534,0.570029,0.563946,0.557244,0.549879,0.541805,0.532969,0.523318,0.512795,0.501337,0.48888,0.475355,0.460687,0.4448,0.427614,0.409045,0.389003,0.367399,0.344139,0.319129,0.29227,0.263467,0.232625,0.19965,0.164454,0.126956,0.0870836,0.0447791,0
0,0.0289261,0.0572813,0.084967,0.111903,0.138026,0.163288,0.187655,0.211102,0.233616,0.255194,0.275838,0.295557,0.314366,0.332283,0.34933,0.365531,0.380914,0.395507,0.409339,0.422439,0.434838,0.446565,0.457651,0.468125,0.478015,0.487349,0.496154,0.504456,0.512279,0.519649,0.526586,0.533113,0.539251,0.545017,0.550431,0.555509,0.560266,0.564718,0.568878,0.572758,0.576369,0.579722,0.582825,0.585686,0.588313,0.59071,0.592884,0.594837,0.596573,0.598092,0.599396,0.600484,0.601354,0.602003,0.602427,0.602621,0.602578,0.60229,0.601749,0.600943,0.59986,0.598487,0.596808,0.594806,0.592462,0.589755,0.586662,0.583159,0.579217,0.574808,0.569899,0.564455,0.558439,0.551809,0.544523,0.536533,0.52779,0.518239,0.507824,0.496483,0.484152,0.470761,0.45624,0.440511,0.423495,0.405107,0.385262,0.363869,0.340835,0.316066,0.289467,0.260942,0.230396,0.197738,0.162879,0.12574,0.0862504,0.0443507,0
0,0.0286042,0.0566443,0.0840229,0.110661,0.136497,0.161482,0.185583,0.208776,0.231048,0.252395,0.27282,0.292331,0.310943,0.328674,0.345545,0.361581,0.376809,0.391255,0.404949,0.41792,0.430198,0.441812,0.452792,0.463166,0.472963,0.48221,0.490934,0.49916,0.506914,0.514217,0.521094,0.527564,0.533649,0.539366,0.544735,0.549771,0.55449,0.558907,0.563034,0.566884,0.570468,0.573796,0.576877,0.579719,0.582329,0.584711,0.586872,0.588815,0.590542,0.592056,0.593355,0.594441,0.595311,0.595962,0.59639,0.596591,0.596557,0.596281,0.595753,0.594963,0.5939,0.592548,0.590894,0.58892,0.586607,0.583934,0.58088,0.577419,0.573524,0.569166,0.564312,0.558928,0.552978,0.54642,0.539212,0.531307,0.522655,0.513203,0.502895,0.491669,0.479463,0.466207,0.451831,0.436258,0.41941,0.401204,0.381553,0.360368,0.337558,0.31303,0.286688,0.258438,0.228187,0.195842,0.161319,0.124536,0.0854244,0.043926,0
0,0.0282869,0.0560164,0.0830923,0.109437,0.134989,0.159701,0.18354,0.206482,0.228515,0.249634,0.269842,0.289147,0.307565,0.325112,0.341809,0.357682,0.372755,0.387056,0.400614,0.413457,0.425614,0.437116,0.44799,0.458266,0.46797,0.477131,0.485774,0.493925,0.501608,0.508846,0.515662,0.522075,0.528107,0.533776,0.539099,0.544094,0.548774,0.553155,0.55725,0.56107,0.564627,0.567931,0.57099,0.573812,0.576404,0.578771,0.580919,0.582851,0.58457,0.586076,0.587371,0.588455,0.589324,0.589977,0.59041,0.590616,0.590591,0.590326,0.589811,0.589038,0.587993,0.586663,0.585032,0.583086,0.580803,0.578165,0.575149,0.571729,0.56788,0.563572,0.558773,0.553449,0.547564,0.541077,0.533946,0.526125,0.517563,0.508209,0.498007,0.486896,0.474814,0.461692,0.447459,0.432042,0.41536,0.397333,0.377875,0.356898,0.33431,0.31002,0.283933,0.255956,0.225997,0.193963,0.159772,0.123342,0.0846057,0.0435051,0
0,0.0279742,0.0553974,0.0821749,0.10823,0.133502,0.157945,0.181525,0.204219,0.226016,0.246909,0.266903,0.286006,0.304231,0.321596,0.338122,0.353832,0.368752,0.38291,0.396332,0.409048,0.421086,0.432476,0.443245,0.453423,0.463035,0.47211,0.480673,0.488749,0.496362,0.503535,0.51029,0.516647,0.522626,0.528246,0.533524,0.538476,0.543118,0.547464,0.551526,0.555316,0.558846,0.562125,0.565161,0.567963,0.570538,0.57289,0.575024,0.576945,0.578655,0.580154,0.581445,0.582525,0.583394,0.584049,0.584485,0.584698,0.58468,0.584426,0.583924,0.583166,0.582139,0.58083,0.579224,0.577304,0.575052,0.572447,0.569468,0.566089,0.562285,0.558027,0.553282,0.548018,0.542197,0.535781,0.528726,0.520987,0.512515,0.503259,0.493161,0.482164,0.470204,0.457214,0.443125,0.427861,0.411345,0.393496,0.374229,0.353457,0.33109,0.307036,0.281202,0.253496,0.223825,0.192101,0.158238,0.122159,0.0837941,0.0430878,0
0,0.0276658,0.054787,0.0812703,0.10704,0.132036,0.156213,0.179537,0.201987,0.22355,0.244222,0.264004,0.282906,0.30094,0.318125,0.334481,0.350031,0.3648,0.378814,0.392103,0.404693,0.416613,0.427891,0.438557,0.448636,0.458158,0.467147,0.47563,0.483631,0.491175,0.498282,0.504977,0.511277,0.517204,0.522775,0.528008,0.532919,0.537522,0.541831,0.545861,0.549621,0.553123,0.556377,0.559391,0.562173,0.56473,0.567066,0.569187,0.571097,0.572797,0.57429,0.575575,0.576652,0.57752,0.578176,0.578616,0.578834,0.578824,0.57858,0.578091,0.577348,0.576339,0.57505,0.573467,0.571574,0.569351,0.56678,0.563837,0.560499,0.55674,0.55253,0.547839,0.542634,0.536877,0.53053,0.52355,0.515893,0.507511,0.49835,0.488357,0.477473,0.465634,0.452776,0.438827,0.423716,0.407364,0.389691,0.370614,0.350045,0.327897,0.304077,0.278494,0.251057,0.221673,0.190254,0.156718,0.120985,0.0829895,0.0426742,0
0,0.0273617,0.0541852,0.0803782,0.105866,0.13059,0.154504,0.177577,0.199786,0.221118,0.241569,0.261143,0.279846,0.297692,0.314699,0.330886,0.346277,0.360896,0.37477,0.387925,0.40039,0.412193,0.423361,0.433923,0.443906,0.453336,0.462241,0.470644,0.478571,0.486045,0.493088,0.499722,0.505966,0.511841,0.517363,0.522551,0.527419,0.531984,0.536258,0.540254,0.543985,0.547459,0.550688,0.55368,0.556441,0.55898,0.561301,0.563408,0.565306,0.566997,0.568482,0.569762,0.570836,0.571703,0.572359,0.572802,0.573025,0.573023,0.572789,0.572312,0.571584,0.570592,0.569323,0.567763,0.565896,0.563702,0.561163,0.558257,0.554959,0.551244,0.547082,0.542444,0.537297,0.531603,0.525325,0.51842,0.510844,0.502549,0.493484,0.483594,0.472821,0.461103,0.448375,0.434566,0.419606,0.403417,0.385919,0.36703,0.346663,0.324731,0.301144,0.27581,0.248638,0.219539,0.188424,0.15521,0.119822,0.0821918,0.0422641,0
0,0.0270618,0.0535915,0.0794982,0.104708,0.129163,0.152819,0.175643,0.197613,0.218718,0.238952,0.258318,0.276825,0.294485,0.311316,0.327336,0.34257,0.357041,0.370774,0.383798,0.396139,0.407825,0.418884,0.429344,0.43923,0.448571,0.457391,0.465715,0.473568,0.480973,0.487951,0.494525,0.500713,0.506535,0.512009,0.517152,0.521979,0.526504,0.530743,0.534706,0.538406,0.541853,0.545057,0.548026,0.550767,0.553287,0.555592,0.557686,0.559572,0.561253,0.56273,0.564005,0.565075,0.565941,0.566598,0.567043,0.567271,0.567277,0.567051,0.566587,0.565872,0.564897,0.563648,0.562111,0.560269,0.558104,0.555598,0.552727,0.549468,0.545796,0.541683,0.537097,0.532007,0.526375,0.520165,0.513334,0.505839,0.497631,0.488661,0.478873,0.46821,0.456611,0.444012,0.430342,0.415531,0.399503,0.382179,0.363476,0.34331,0.321593,0.298236,0.273148,0.246241,0.217423,0.186609,0.153716,0.118669,0.081401,0.0418575,0
0,0.026766,0.053006,0.0786302,0.103566,0.127756,0.151156,0.173734,0.195469,0.216349,0.236368,0.255531,0.273843,0.291319,0.307975,0.323831,0.338909,0.353232,0.366827,0.379721,0.391939,0.40351,0.41446,0.424818,0.434609,0.443859,0.452595,0.460841,0.468621,0.475957,0.482871,0.489384,0.495517,0.501287,0.506713,0.51181,0.516595,0.521082,0.525285,0.529216,0.532885,0.536305,0.539483,0.542429,0.54515,0.547652,0.549941,0.55202,0.553894,0.555565,0.557035,0.558304,0.55937,0.560234,0.560891,0.561339,0.561572,0.561584,0.561368,0.560915,0.560214,0.559256,0.558026,0.556511,0.554694,0.552557,0.550082,0.547246,0.544027,0.540398,0.536331,0.531797,0.526763,0.521194,0.515051,0.508293,0.500877,0.492756,0.483879,0.474192,0.463639,0.452158,0.439686,0.426154,0.411492,0.395624,0.378471,0.359953,0.339985,0.318481,0.295353,0.27051,0.243863,0.215325,0.18481,0.152235,0.117526,0.080617,0.0414544,0
0,0.0264742,0.0524282,0.0777738,0.102439,0.126367,0.149515,0.17185,0.193353,0.21401,0.233818,0.252778,0.270899,0.288193,0.304677,0.320369,0.335293,0.349471,0.362928,0.375692,0.387789,0.399245,0.410088,0.420344,0.43004,0.439202,0.447855,0.456022,0.463729,0.470996,0.477847,0.484301,0.490377,0.496096,0.501473,0.506525,0.511269,0.515717,0.519884,0.523782,0.527422,0.530813,0.533967,0.53689,0.53959,0.542073,0.544345,0.546411,0.548273,0.549934,0.551395,0.552658,0.553721,0.554582,0.55524,0.55569,0.555927,0.555945,0.555738,0.555296,0.554609,0.553667,0.552456,0.550962,0.54917,0.547061,0.544617,0.541816,0.538634,0.535048,0.531028,0.526545,0.521567,0.516058,0.509981,0.503296,0.495959,0.487923,0.479138,0.469552,0.459107,0.447744,0.435398,0.422003,0.407487,0.391777,0.374795,0.356461,0.336689,0.315397,0.292494,0.267894,0.241507,0.213246,0.183026,0.150766,0.116392,0.0798398,0.0410548,0
0,0.0261862,0.0518582,0.0769287,0.101327,0.124997,0.147895,0.169991,0.191264,0.211702,0.2313,0.250061,0.267992,0.285106,0.301419,0.31695,0.33172,0.345754,0.359076,0.371712,0.383687,0.39503,0.405766,0.415922,0.425524,0.434598,0.443167,0.451257,0.458891,0.466091,0.472878,0.479272,0.485293,0.49096,0.496289,0.501297,0.505999,0.510409,0.51454,0.518405,0.522014,0.525378,0.528506,0.531406,0.534086,0.536551,0.538806,0.540858,0.542707,0.544358,0.545811,0.547067,0.548126,0.548985,0.549643,0.550094,0.550336,0.55036,0.550161,0.54973,0.549056,0.54813,0.546937,0.545465,0.543697,0.541615,0.539201,0.536434,0.533291,0.529746,0.525772,0.521339,0.516416,0.510968,0.504957,0.498344,0.491084,0.483133,0.47444,0.464952,0.454615,0.443367,0.431147,0.417887,0.403517,0.387964,0.371151,0.352998,0.333422,0.312338,0.28966,0.2653,0.23917,0.211184,0.181257,0.14931,0.115269,0.0790692,0.0406587,0
0,0.025902,0.0512956,0.0760947,0.100229,0.123644,0.146297,0.168156,0.189203,0.209423,0.228814,0.247378,0.265121,0.282057,0.298201,0.313572,0.328192,0.342083,0.35527,0.367778,0.379635,0.390865,0.401495,0.411551,0.42106,0.430045,0.438533,0.446546,0.454107,0.46124,0.467963,0.474298,0.480265,0.48588,0.491161,0.496124,0.500785,0.505156,0.509252,0.513084,0.516663,0.519999,0.523102,0.525979,0.528637,0.531084,0.533323,0.53536,0.537197,0.538837,0.540282,0.541532,0.542586,0.543443,0.544099,0.544553,0.544798,0.544828,0.544637,0.544216,0.543556,0.542645,0.54147,0.540019,0.538274,0.53622,0.533836,0.531102,0.527996,0.524492,0.520563,0.516181,0.511312,0.505924,0.499978,0.493435,0.486253,0.478385,0.469782,0.460393,0.450162,0.43903,0.426933,0.413807,0.399582,0.384184,0.367538,0.349565,0.330182,0.309306,0.286851,0.262729,0.236854,0.20914,0.179504,0.147866,0.114155,0.0783052,0.0402659,0
0,0.0256215,0.0507404,0.0752716,0.0991459,0.122309,0.144719,0.166345,0.187167,0.207173,0.22636,0.244728,0.262286,0.279046,0.295023,0.310236,0.324706,0.338455,0.351509,0.363892,0.375629,0.386748,0.397273,0.40723,0.416646,0.425545,0.433951,0.441887,0.449377,0.456442,0.463102,0.469379,0.47529,0.480854,0.486088,0.491007,0.495626,0.499959,0.504019,0.507818,0.511367,0.514675,0.517753,0.520607,0.523244,0.525672,0.527895,0.529917,0.531741,0.533371,0.534807,0.53605,0.5371,0.537954,0.53861,0.539065,0.539313,0.539349,0.539166,0.538755,0.538107,0.537211,0.536054,0.534623,0.532902,0.530874,0.52852,0.525819,0.52275,0.519286,0.515402,0.511069,0.506254,0.500924,0.495043,0.48857,0.481464,0.473679,0.465166,0.455874,0.445748,0.43473,0.422756,0.409763,0.39568,0.380437,0.363957,0.346162,0.326971,0.3063,0.284065,0.26018,0.234557,0.207113,0.177765,0.146435,0.11305,0.0775478,0.0398765,0
0,0.0253447,0.0501924,0.074459,0.0980765,0.120991,0.143161,0.164556,0.185157,0.204952,0.223936,0.242111,0.259486,0.276072,0.291883,0.30694,0.321261,0.334871,0.347792,0.36005,0.371671,0.382678,0.393099,0.402959,0.412283,0.421095,0.42942,0.43728,0.444699,0.451697,0.458295,0.464513,0.47037,0.475883,0.481069,0.485943,0.490521,0.494816,0.498841,0.502607,0.506126,0.509407,0.512458,0.515289,0.517906,0.520315,0.522521,0.524528,0.52634,0.527959,0.529387,0.530623,0.531667,0.532519,0.533174,0.53363,0.533881,0.533923,0.533747,0.533346,0.532711,0.531829,0.53069,0.529278,0.52758,0.525578,0.523253,0.520585,0.517551,0.514128,0.510288,0.506003,0.501242,0.49597,0.490152,0.483749,0.476718,0.469015,0.460591,0.451395,0.441373,0.430467,0.418616,0.405754,0.391813,0.376722,0.360407,0.342789,0.323787,0.303321,0.281304,0.257653,0.232281,0.205104,0.176042,0.145016,0.111955,0.0767969,0.0394904,0
0,0.0250714,0.0496514,0.0736569,0.0970207,0.119689,0.141622,0.16279,0.183172,0.202758,0.221542,0.239527,0.25672,0.273133,0.288782,0.303683,0.317858,0.331329,0.34412,0.356254,0.367758,0.378656,0.388974,0.398737,0.407969,0.416696,0.42494,0.432725,0.440072,0.447004,0.45354,0.4597,0.465502,0.470965,0.476103,0.480934,0.485471,0.489727,0.493717,0.49745,0.500939,0.504192,0.507219,0.510026,0.512622,0.515012,0.517201,0.519194,0.520993,0.522601,0.52402,0.525249,0.526289,0.527137,0.527791,0.528248,0.528502,0.528549,0.52838,0.527989,0.527365,0.526498,0.525375,0.523984,0.522308,0.520331,0.518035,0.515399,0.512401,0.509017,0.505221,0.500984,0.496275,0.491061,0.485306,0.478971,0.472014,0.464392,0.456056,0.446956,0.437037,0.426243,0.414512,0.40178,0.38798,0.37304,0.356887,0.339444,0.320631,0.300367,0.278567,0.255147,0.230024,0.203113,0.174333,0.143609,0.11087,0.0760524,0.0391077,0
0,0.0248016,0.0491173,0.072865,0.0959783,0.118405,0.140104,0.161046,0.181212,0.200591,0.219177,0.236974,0.253988,0.270231,0.285717,0.300465,0.314495,0.327829,0.34049,0.352502,0.363891,0.37468,0.384895,0.394562,0.403704,0.412345,0.42051,0.428219,0.435497,0.442363,0.448837,0.454939,0.460688,0.466099,0.471191,0.475977,0.480473,0.484692,0.488647,0.492348,0.495806,0.499031,0.502033,0.504817,0.507392,0.509763,0.511935,0.513913,0.515699,0.517297,0.518706,0.519928,0.520963,0.521807,0.52246,0.522918,0.523175,0.523227,0.523065,0.522683,0.522071,0.521217,0.520111,0.518739,0.517085,0.515133,0.512865,0.510261,0.507299,0.503954,0.500201,0.496011,0.491354,0.486197,0.480503,0.474236,0.467353,0.459811,0.451562,0.442556,0.43274,0.422056,0.410444,0.397841,0.38418,0.36939,0.353399,0.336129,0.317503,0.297438,0.275853,0.252664,0.227786,0.201138,0.17264,0.142215,0.109793,0.0753144,0.0387282,0
0,0.0245353,0.0485899,0.072083,0.094949,0.117136,0.138604,0.159324,0.179276,0.198451,0.216842,0.234452,0.251289,0.267363,0.282689,0.297286,0.311172,0.32437,0.336903,0.348794,0.360068,0.370749,0.380863,0.390434,0.399487,0.408044,0.416129,0.423764,0.430972,0.437772,0.444185,0.45023,0.455925,0.461286,0.466331,0.471074,0.475529,0.47971,0.483629,0.487298,0.490726,0.493924,0.4969,0.499661,0.502215,0.504567,0.506723,0.508686,0.510459,0.512045,0.513445,0.51466,0.515689,0.516531,0.517182,0.51764,0.5179,0.517956,0.517801,0.517428,0.516827,0.515987,0.514897,0.513544,0.511912,0.509985,0.507744,0.505171,0.502243,0.498937,0.495226,0.491083,0.486477,0.481376,0.475745,0.469544,0.462734,0.455271,0.447108,0.438196,0.42848,0.417906,0.406412,0.393937,0.380414,0.365772,0.349941,0.332843,0.314402,0.294535,0.273163,0.250202,0.225568,0.199181,0.170961,0.140832,0.108726,0.0745827,0.0383521,0
0,0.0242722,0.0480691,0.0713108,0.0939325,0.115883,0.137122,0.157623,0.177364,0.196337,0.214535,0.231961,0.248622,0.26453,0.279698,0.294144,0.307888,0.320952,0.333357,0.345128,0.356289,0.366864,0.376877,0.386354,0.395317,0.40379,0.411796,0.419358,0.426496,0.433232,0.439584,0.445572,0.451213,0.456525,0.461523,0.466222,0.470637,0.47478,0.478665,0.482301,0.485699,0.488869,0.49182,0.494558,0.497091,0.499424,0.501563,0.503511,0.505271,0.506846,0.508237,0.509445,0.510468,0.511306,0.511956,0.512414,0.512676,0.512736,0.512588,0.512223,0.511633,0.510807,0.509733,0.508398,0.506787,0.504884,0.502671,0.500129,0.497235,0.493967,0.490298,0.486201,0.481646,0.4766,0.471029,0.464895,0.458157,0.450772,0.442695,0.433874,0.424259,0.413793,0.402416,0.390068,0.376681,0.362187,0.346513,0.329586,0.311327,0.291658,0.270496,0.247761,0.223369,0.19724,0.169296,0.139462,0.107669,0.0738574,0.0379792,0
0,0.0240124,0.0475548,0.0705482,0.0929286,0.114645,0.135659,0.155942,0.175476,0.194248,0.212256,0.2295,0.245987,0.26173,0.276741,0.291039,0.304643,0.317573,0.329853,0.341505,0.352553,0.363022,0.372936,0.382319,0.391194,0.399584,0.407512,0.415001,0.42207,0.428741,0.435032,0.440964,0.446552,0.451814,0.456766,0.461422,0.465796,0.469902,0.473752,0.477356,0.480724,0.483867,0.486792,0.489508,0.492019,0.494334,0.496455,0.498388,0.500135,0.501699,0.503081,0.504281,0.505298,0.506132,0.50678,0.507239,0.507503,0.507567,0.507425,0.507069,0.50649,0.505676,0.504618,0.503301,0.501711,0.499832,0.497646,0.495134,0.492274,0.489043,0.485415,0.481364,0.476859,0.471868,0.466357,0.460288,0.453621,0.446314,0.438321,0.429592,0.420076,0.409717,0.398456,0.386233,0.372981,0.358632,0.343116,0.326358,0.30828,0.288806,0.267853,0.245342,0.22119,0.195317,0.167646,0.138103,0.10662,0.0731383,0.0376095,0
0,0.0237559,0.0470469,0.069795,0.091937,0.113423,0.134214,0.154283,0.17361,0.192185,0.210004,0.227068,0.243384,0.258963,0.27382,0.287971,0.301435,0.314233,0.326388,0.337923,0.34886,0.359225,0.36904,0.378329,0.387116,0.395424,0.403275,0.410691,0.417692,0.424299,0.43053,0.436405,0.441941,0.447154,0.452059,0.456672,0.461007,0.465076,0.46889,0.472462,0.475801,0.478916,0.481816,0.484509,0.487,0.489295,0.491399,0.493317,0.495051,0.496604,0.497976,0.499168,0.50018,0.50101,0.501656,0.502114,0.50238,0.502449,0.502313,0.501965,0.501396,0.500595,0.499552,0.498253,0.496684,0.494828,0.492668,0.490186,0.487359,0.484165,0.480578,0.476571,0.472116,0.467179,0.461727,0.455723,0.449127,0.441897,0.433987,0.425348,0.41593,0.405677,0.394531,0.382432,0.369314,0.35511,0.339749,0.323157,0.30526,0.285979,0.265233,0.242943,0.219029,0.19341,0.16601,0.136756,0.105581,0.0724256,0.037243,0
0,0.0235025,0.0465452,0.0690511,0.0909576,0.112215,0.132786,0.152643,0.171767,0.190147,0.207779,0.224665,0.240811,0.256229,0.270933,0.284938,0.298264,0.310932,0.322964,0.334382,0.345209,0.35547,0.365187,0.374384,0.383085,0.391311,0.399085,0.406429,0.413362,0.419905,0.426077,0.431896,0.437379,0.442543,0.447403,0.451973,0.456268,0.4603,0.46408,0.46762,0.470929,0.474017,0.476892,0.479561,0.482031,0.484307,0.486395,0.488298,0.490018,0.491559,0.492922,0.494107,0.495113,0.495939,0.496583,0.49704,0.497308,0.49738,0.49725,0.49691,0.496351,0.495563,0.494535,0.493253,0.491704,0.489871,0.487738,0.485285,0.48249,0.479332,0.475786,0.471824,0.467417,0.462534,0.457141,0.4512,0.444674,0.43752,0.429692,0.421143,0.411822,0.401674,0.390642,0.378665,0.36568,0.351618,0.336411,0.319986,0.302267,0.283176,0.262636,0.240566,0.216887,0.19152,0.164389,0.135421,0.10455,0.071719,0.0368797,0
0,0.0232522,0.0460496,0.0683162,0.0899901,0.111023,0.131376,0.151023,0.169946,0.188133,0.20558,0.22229,0.238269,0.253527,0.268079,0.28194,0.29513,0.307669,0.319579,0.330881,0.3416,0.351757,0.361377,0.370483,0.379098,0.387243,0.394941,0.402213,0.409079,0.415559,0.421672,0.427435,0.432867,0.437982,0.442796,0.447324,0.451579,0.455574,0.45932,0.462827,0.466107,0.469168,0.472018,0.474664,0.477113,0.479371,0.481441,0.483329,0.485036,0.486566,0.487919,0.489096,0.490096,0.490918,0.491559,0.492016,0.492286,0.492361,0.492237,0.491904,0.491355,0.490579,0.489565,0.488301,0.486772,0.484962,0.482854,0.48043,0.477668,0.474546,0.471039,0.467121,0.462762,0.457932,0.452596,0.446719,0.440262,0.433182,0.425436,0.416976,0.407751,0.397707,0.386787,0.374932,0.362078,0.348158,0.333104,0.316842,0.2993,0.280399,0.260062,0.23821,0.214764,0.189647,0.162782,0.134098,0.103529,0.0710186,0.0365196,0
0,0.0230049,0.04556,0.0675901,0.0890343,0.109844,0.129983,0.149423,0.168146,0.186143,0.203408,0.219944,0.235757,0.250857,0.265259,0.278978,0.292032,0.304444,0.316232,0.32742,0.338031,0.348086,0.35761,0.366626,0.375155,0.38322,0.390843,0.398043,0.404843,0.41126,0.417314,0.423023,0.428402,0.433469,0.438238,0.442724,0.446939,0.450897,0.454609,0.458085,0.461336,0.464369,0.467194,0.469818,0.472246,0.474484,0.476538,0.47841,0.480104,0.481622,0.482966,0.484135,0.485129,0.485946,0.486585,0.487042,0.487313,0.487391,0.487272,0.486947,0.486408,0.485644,0.484644,0.483397,0.481887,0.480099,0.478017,0.475621,0.472891,0.469804,0.466336,0.462461,0.45815,0.453372,0.448094,0.44228,0.43589,0.428885,0.42122,0.412847,0.403717,0.393776,0.382968,0.371233,0.358508,0.344729,0.329826,0.313727,0.296359,0.277646,0.257511,0.235875,0.21266,0.18779,0.161188,0.132786,0.102517,0.0703243,0.0361627,0
0,0.0227606,0.0450763,0.0668729,0.0880899,0.10868,0.128606,0.147841,0.166368,0.184176,0.201261,0.217625,0.233274,0.248218,0.262471,0.276049,0.28897,0.301255,0.312923,0.323998,0.334502,0.344457,0.353886,0.362811,0.371256,0.379241,0.386789,0.393919,0.400653,0.407008,0.413004,0.418657,0.423986,0.429004,0.433729,0.438172,0.442349,0.44627,0.449948,0.453392,0.456614,0.45962,0.46242,0.465021,0.467428,0.469648,0.471684,0.473541,0.475222,0.476729,0.478062,0.479223,0.480211,0.481024,0.481661,0.482117,0.482389,0.48247,0.482356,0.482038,0.481508,0.480756,0.479771,0.478539,0.477049,0.475283,0.473226,0.470858,0.468159,0.465107,0.461678,0.457846,0.453582,0.448855,0.443634,0.437881,0.431559,0.424627,0.417042,0.408756,0.399719,0.38988,0.379183,0.367567,0.354971,0.341331,0.326577,0.310639,0.293444,0.274918,0.254982,0.23356,0.210575,0.185949,0.159609,0.131486,0.101513,0.0696361,0.0358089,0
0,0.0225193,0.0445985,0.0661642,0.0871569,0.107529,0.127245,0.146278,0.164611,0.182233,0.199139,0.215333,0.230819,0.245609,0.259715,0.273154,0.285943,0.298102,0.309652,0.320615,0.331013,0.340867,0.350202,0.359039,0.3674,0.375306,0.38278,0.38984,0.396508,0.402801,0.408739,0.414339,0.419616,0.424587,0.429267,0.433669,0.437806,0.441691,0.445335,0.448748,0.45194,0.45492,0.457695,0.460273,0.46266,0.464861,0.46688,0.468722,0.47039,0.471885,0.473208,0.474361,0.475343,0.476151,0.476785,0.47724,0.477513,0.477598,0.477488,0.477178,0.476657,0.475916,0.474944,0.473729,0.472257,0.470513,0.46848,0.46614,0.463472,0.460455,0.457064,0.453274,0.449056,0.444381,0.439215,0.433523,0.427268,0.420409,0.412902,0.404702,0.395759,0.386021,0.375432,0.363934,0.351466,0.337963,0.323357,0.307579,0.290556,0.272214,0.252476,0.231266,0.208508,0.184125,0.158044,0.130197,0.100519,0.068954,0.0354582,0
0,0.0222808,0.0441263,0.065464,0.0862349,0.106392,0.125901,0.144734,0.162874,0.180312,0.197042,0.213067,0.228393,0.24303,0.256991,0.270292,0.28295,0.294985,0.306418,0.31727,0.327562,0.337318,0.346559,0.355308,0.363586,0.371414,0.378814,0.385805,0.392408,0.39864,0.404521,0.410066,0.415293,0.420217,0.424852,0.429213,0.433312,0.43716,0.440771,0.444153,0.447316,0.450269,0.453019,0.455574,0.45794,0.460122,0.462125,0.463952,0.465606,0.467089,0.468403,0.469548,0.470523,0.471327,0.471958,0.472412,0.472686,0.472773,0.472669,0.472364,0.471852,0.471123,0.470164,0.468965,0.467512,0.465789,0.46378,0.461467,0.45883,0.455846,0.452493,0.448745,0.444573,0.439948,0.434837,0.429206,0.423017,0.416229,0.408801,0.400686,0.391835,0.382196,0.371715,0.360335,0.347993,0.334626,0.320167,0.304547,0.287694,0.269534,0.249992,0.228992,0.206459,0.182317,0.156493,0.128919,0.0995327,0.0682779,0.0351105,0
