SPACE_POINTS_X
50,51.5152,53.0303,54.5455,56.0606,57.5758,59.0909,60.6061,62.1212,63.6364,65.1515,66.6667,68.1818,69.697,71.2121,72.7273,74.2424,75.7576,77.2727,78.7879,80.303,81.8182,83.3333,84.8485,86.3636,87.8788,89.3939,90.9091,92.4242,93.9394,95.4545,96.9697,98.4848,100,101.515,103.03,104.545,106.061,107.576,109.091,110.606,112.121,113.636,115.152,116.667,118.182,119.697,121.212,122.727,124.242,125.758,127.273,128.788,130.303,131.818,133.333,134.848,136.364,137.879,139.394,140.909,142.424,143.939,145.455,146.97,148.485,150,151.515,153.03,154.545,156.061,157.576,159.091,160.606,162.121,163.636,165.152,166.667,168.182,169.697,171.212,172.727,174.242,175.758,177.273,178.788,180.303,181.818,183.333,184.848,186.364,187.879,189.394,190.909,192.424,193.939,195.455,196.97,198.485,200
SPACE_POINTS_Y
0,0.0204082,0.0408163,0.0612245,0.0816327,0.102041,0.122449,0.142857,0.163265,0.183673,0.204082,0.22449,0.244898,0.265306,0.285714,0.306122,0.326531,0.346939,0.367347,0.387755,0.408163,0.428571,0.44898,0.469388,0.489796,0.510204,0.530612,0.55102,0.571429,0.591837,0.612245,0.632653,0.653061,0.673469,0.693878,0.714286,0.734694,0.755102,0.77551,0.795918,0.816327,0.836735,0.857143,0.877551,0.897959,0.918367,0.938776,0.959184,0.979592,1
VALUES
0,0,0,0,0,0,0,0,0,0,0,0,0,0,0,0,0,0,0,0,0,0,0,0,0,0,0,0,0,0,0,0,0,0,0,0,0,0,0,0,0,0,0,0,0,0,0,0,0,0
0,8.01715e-31,1.06661e-27,3.60269e-25,5.44061e-23,4.61198e-21,2.47989e-19,9.12434e-18,2.41847e-16,4.79336e-15,7.30953e-14,8.77497e-13,8.45462e-12,6.64984e-11,4.33643e-10,2.37896e-09,1.11334e-08,4.50484e-08,1.59643e-07,5.01633e-07,1.41398e-06,3.61443e-06,8.4632e-06,1.83192e-05,3.69627e-05,7.004e-05,0.000125474,0.000213784,0.000348278,0.000545188,0.000824195,0.00121144,0.00175292,0.00256416,0.00398762,0.00702231,0.0143255,0.0321764,0.0736104,0.162195,0.334656,0.639571,1.13026,1.8542,2.8484,4.16082,5.94825,8.88745,16.4875,51.5152
0,5.37321e-30,6.73428e-27,2.14756e-24,3.06636e-22,2.45983e-20,1.25226e-18,4.36294e-17,1.09502e-15,2.05485e-14,2.96661e-13,3.37203e-12,3.07742e-11,2.29458e-10,1.42034e-09,7.40995e-09,3.30566e-08,1.27865e-07,4.34569e-07,1.31411e-06,3.57742e-06,8.86313e-06,2.01831e-05,4.26256e-05,8.41657e-05,0.000156498,0.000275785,0.000463219,0.000745336,0.00115414,0.00172765,0.00251382,0.00358943,0.00513372,0.00767208,0.0127679,0.0247015,0.0539021,0.122698,0.272731,0.570995,1.10915,1.99148,3.31376,5.14782,7.56268,10.7411,15.3811,24.4099,53.0303
0,3.70994e-29,4.37496e-26,1.31531e-23,1.77231e-21,1.34207e-19,6.44772e-18,2.11863e-16,5.01039e-15,8.85046e-14,1.20159e-12,1.28337e-11,1.10005e-10,7.70369e-10,4.48136e-09,2.19981e-08,9.25091e-08,3.38136e-07,1.08913e-06,3.13161e-06,8.13492e-06,1.9302e-05,4.22497e-05,8.60761e-05,0.000164519,0.000297077,0.000509943,0.00083664,0.00131826,0.00200343,0.0029486,0.00422201,0.00592448,0.00827413,0.0118958,0.0186688,0.0338521,0.0705807,0.157709,0.350499,0.740347,1.45604,2.64888,4.46212,7.00208,10.3489,14.6698,20.5835,30.4374,54.5455
0,2.58348e-28,2.85679e-25,8.07273e-23,1.02365e-20,7.29776e-19,3.30026e-17,1.02016e-15,2.26769e-14,3.76144e-13,4.79094e-12,4.79716e-11,3.85358e-10,2.52953e-09,1.38029e-08,6.36453e-08,2.51912e-07,8.68821e-07,2.64827e-06,7.22906e-06,1.78882e-05,4.05698e-05,8.51714e-05,0.00016698,0.000308102,0.000538716,0.000897973,0.00143445,0.0022061,0.00327977,0.00473113,0.00664827,0.00915296,0.0124902,0.0173414,0.0257639,0.0436046,0.085753,0.185611,0.408582,0.865429,1.71627,3.1546,5.36894,8.49999,12.6353,17.9074,24.8121,35.1696,56.0606
0,1.81977e-27,1.87974e-24,4.97587e-22,5.91936e-20,3.96123e-18,1.68136e-16,4.87538e-15,1.01575e-13,1.57767e-12,1.88008e-11,1.7603e-10,1.3221e-09,8.11784e-09,4.14819e-08,1.7944e-07,6.67891e-07,2.1724e-06,6.2651e-06,1.62367e-05,3.8279e-05,8.30032e-05,0.00016717,0.000315436,0.000561899,0.000951232,0.00153928,0.00239301,0.00358989,0.00521687,0.00736961,0.0101557,0.0137158,0.0183152,0.0246699,0.0349396,0.0553285,0.101869,0.211131,0.456039,0.96257,1.91689,3.54956,6.09128,9.71657,14.5202,20.5934,28.2971,38.9938,57.5758
0,1.30005e-26,1.2489e-23,3.08512e-21,3.4312e-19,2.14829e-17,8.53121e-16,2.31325e-14,4.50319e-13,6.52967e-12,7.25905e-11,6.33812e-10,4.43997e-09,2.54482e-08,1.21577e-07,4.92789e-07,1.72358e-06,5.28541e-06,1.44225e-05,3.54976e-05,7.97759e-05,0.0001655,0.000320008,0.000581616,0.00100099,0.00164182,0.00258079,0.00390668,0.00571899,0.00812606,0.0112438,0.0151982,0.0201466,0.02637,0.0346061,0.0470756,0.0702052,0.120786,0.237619,0.499218,1.04348,2.07801,3.86548,6.67507,10.7141,16.0856,22.8405,31.2084,42.1664,59.0909
0,9.44876e-26,8.39762e-23,1.92742e-20,1.99626e-18,1.16509e-16,4.31349e-15,1.08995e-13,1.97585e-12,2.66592e-11,2.75624e-10,2.23785e-09,1.45851e-08,7.78748e-08,3.47285e-07,1.3176e-06,4.32797e-06,1.25106e-05,3.23071e-05,7.55533e-05,0.000161969,0.000321738,0.000597804,0.00104753,0.00174348,0.00277324,0.00423831,0.00625219,0.00893801,0.0124258,0.0168507,0.0223551,0.0291092,0.0374053,0.047994,0.063133,0.0893932,0.144086,0.267614,0.542698,1.11659,2.2145,4.12663,7.15678,11.5436,17.3997,24.7397,33.6737,44.8605,60.6061
0,7.01198e-25,5.72911e-22,1.21556e-19,1.1672e-17,6.32401e-16,2.17423e-14,5.10028e-13,8.57813e-12,1.07318e-10,1.02848e-09,7.7421e-09,4.68275e-08,2.32447e-07,9.66217e-07,3.42821e-06,1.05711e-05,2.88052e-05,7.04213e-05,0.000156576,0.000320447,0.000610062,0.00109032,0.00184389,0.00297089,0.00458735,0.00682278,0.00981707,0.013717,0.018673,0.0248366,0.0323625,0.0414297,0.0523355,0.0658364,0.0842112,0.114128,0.173269,0.303228,0.589947,1.1881,2.33737,4.35146,7.56501,12.2461,18.5185,26.3654,35.7906,47.1955,62.1212
0,5.33775e-24,3.9772e-21,7.75408e-19,6.86751e-17,3.43819e-15,1.0929e-13,2.37003e-12,3.68345e-11,4.25671e-10,3.76822e-09,2.62194e-08,1.46802e-07,6.76171e-07,2.61639e-06,8.67508e-06,2.51066e-05,6.45036e-05,0.00014937,0.000315997,0.000617973,0.00112869,0.00194239,0.00317365,0.00495531,0.00743529,0.0107726,0.0151332,0.0206854,0.0275962,0.0360288,0.0461449,0.0581258,0.0722673,0.0893239,0.111584,0.145783,0.20988,0.346386,0.643778,1.26272,2.45485,4.55397,7.92201,12.8546,19.4875,27.7778,37.6354,49.254,63.6364
0,4.19492e-23,2.81902e-20,5.01385e-18,4.07153e-16,1.87356e-14,5.47926e-13,1.09337e-11,1.56337e-10,1.66208e-09,1.35416e-08,8.68216e-08,4.48881e-07,1.91503e-06,6.89017e-06,2.13383e-05,5.79614e-05,0.000140462,0.000308314,0.000621163,0.00116197,0.00203829,0.00338144,0.00534381,0.00809463,0.011815,0.0166923,0.0229153,0.030669,0.0401312,0.0514696,0.0648452,0.0804341,0.0985232,0.119857,0.146724,0.185904,0.255575,0.398976,0.706645,1.34416,2.57321,4.74479,8.24498,13.3948,20.3433,29.0262,39.269,51.0933,65.1515
0,3.43972e-22,2.04844e-19,3.29401e-17,2.43553e-15,1.0239e-13,2.73979e-12,5.00496e-11,6.55273e-10,6.38119e-09,4.76681e-08,2.80739e-07,1.33711e-06,5.27514e-06,1.76323e-05,5.09896e-05,0.000130026,0.0002974,0.000619316,0.00118953,0.00213092,0.00359434,0.00575497,0.00880689,0.0129566,0.0184161,0.0253969,0.0341038,0.0447309,0.0574576,0.0724476,0.0898522,0.109833,0.132661,0.159063,0.191316,0.236231,0.312159,0.462945,0.780843,1.43557,2.69735,4.93209,8.54721,13.8871,21.1148,30.1504,40.7428,52.7513,66.6667
0,3.00218e-21,1.53381e-18,2.20457e-16,1.47186e-14,5.61389e-13,1.36597e-11,2.27146e-10,2.70903e-09,2.40543e-08,1.64114e-07,8.85116e-07,3.87491e-06,1.41174e-05,4.38109e-05,0.000118304,0.000283353,0.0006122,0.00121077,0.00221967,0.00381262,0.00619161,0.00957976,0.014213,0.0203315,0.0281721,0.0379614,0.0499104,0.0642112,0.0810344,0.100529,0.122825,0.148064,0.17649,0.208804,0.247266,0.298704,0.38161,0.540342,0.868625,1.53974,2.83129,5.12222,8.83899,14.3474,21.8248,31.1814,42.1029,54.2506,68.1818
0,2.89794e-20,1.19129e-17,1.50735e-15,8.997e-14,3.08853e-12,6.78617e-11,1.02087e-09,1.10297e-08,8.88727e-08,5.5163e-07,2.71645e-06,1.09094e-05,3.66648e-05,0.000105608,0.000266373,0.000599682,0.00122516,0.00230401,0.0040369,0.0066575,0.0104231,0.0156039,0.0224724,0.0312936,0.0423175,0.055773,0.0718641,0.0907675,0.112632,0.137581,0.165715,0.197142,0.232074,0.271182,0.3167,0.375462,0.466076,0.633343,0.972272,1.65927,2.97844,5.32028,9.12834,14.7882,22.4913,32.1424,43.3832,55.7401,68.1818
0,3.27926e-19,9.68056e-17,1.05616e-14,5.56819e-13,1.7046e-11,3.35595e-10,4.5363e-09,4.41394e-08,3.21164e-07,1.80661e-06,8.10075e-06,2.97944e-05,9.23049e-05,0.000246777,0.000581756,0.00123228,0.00238358,0.00426826,0.00715771,0.0113497,0.0171546,0.0248817,0.0348277,0.0472675,0.0624479,0.0805835,0.101855,0.126409,0.15436,0.185793,0.220771,0.259361,0.301738,0.348533,0.401955,0.468833,0.56787,0.744253,1.09413,1.79668,3.14184,5.53047,9.42164,15.2192,23.1283,33.0511,44.5953,57.2357,71.2121
0,4.54812e-18,8.318e-16,7.6069e-14,3.49117e-12,9.43094e-11,1.64942e-09,1.98876e-08,1.73211e-07,1.13247e-06,5.75205e-06,2.34282e-05,7.88136e-05,0.000225004,0.000558576,0.00123187,0.00245823,0.00450842,0.0076991,0.0123764,0.0188978,0.0276149,0.0388594,0.0529326,0.0700983,0.0905794,0.114557,0.142172,0.173525,0.208684,0.247687,0.29055,0.337295,0.388053,0.443419,0.505565,0.581316,0.68945,0.875492,1.2366,1.95447,3.32429,5.75638,9.72402,15.6481,23.7472,33.9225,45.7529,58.6147,71.2121
0,7.55433e-17,7.64018e-15,5.64653e-13,2.21731e-11,5.22301e-10,8.03887e-09,8.57928e-08,6.64629e-07,3.88582e-06,1.77612e-05,6.558e-05,0.000201619,0.000530482,0.00122385,0.00252814,0.00476004,0.00829103,0.0135254,0.0208762,0.0307438,0.0434984,0.0594682,0.0789322,0.102118,0.129202,0.160311,0.195529,0.2349,0.278434,0.326114,0.377904,0.433779,0.493826,0.558598,0.630237,0.715557,0.833397,1.02958,1.40217,2.13512,3.52845,6.00114,10.0397,16.081,24.357,34.7689,46.8732,60.0212,74.2424
0,1.38719e-15,7.55191e-14,4.32489e-12,1.42482e-10,2.88858e-09,3.87337e-08,3.62962e-07,2.48545e-06,1.29354e-05,5.30505e-05,0.000177309,0.000498041,0.00120843,0.00259399,0.00502716,0.00894647,0.0148267,0.023147,0.0343636,0.0488885,0.0670764,0.089218,0.115539,0.146204,0.181319,0.22094,0.265081,0.313717,0.366796,0.424241,0.485963,0.551889,0.622064,0.697004,0.778821,0.874316,1.00238,1.2091,1.59334,2.34113,3.75688,6.26764,10.3723,16.5229,24.9646,35.6,47.9644,61.3348,74.2424
0,2.60598e-14,8.00467e-13,3.41309e-11,9.23773e-10,1.58962e-08,1.83779e-07,1.49994e-06,9.02436e-06,4.16375e-05,0.000152864,0.000462087,0.00118623,0.00265723,0.00531589,0.00968359,0.0163214,0.0257875,0.0386019,0.0552211,0.0760237,0.101306,0.131284,0.166097,0.205821,0.250474,0.300028,0.354416,0.413542,0.477288,0.54552,0.618097,0.694903,0.775944,0.861705,0.954271,1.06043,1.19913,1.41667,1.81265,2.57495,4.01206,6.5585,10.7248,16.9778,25.5757,36.4235,49.0386,62.6882,77.2727
0,4.76585e-13,8.94778e-12,2.76017e-10,6.01354e-09,8.66152e-08,8.54412e-07,6.0264e-06,3.16811e-05,0.000129145,0.000423762,0.00115844,0.00272049,0.00563546,0.0105284,0.018067,0.0289045,0.043633,0.0627544,0.0866663,0.11566,0.149927,0.18957,0.234619,0.28504,0.34075,0.40163,0.467533,0.538291,0.613726,0.693649,0.777877,0.866257,0.958763,1.05586,1.1596,1.27679,1.42639,1.65491,2.06259,2.83901,4.29639,6.87622,11.1,17.449,26.1947,37.2456,50.101,63.9644,77.2727
0,8.25219e-12,1.02722e-10,2.26451e-09,3.90227e-08,4.6428e-07,3.8692e-06,2.34153e-05,0.000107051,0.000384577,0.00112707,0.00278831,0.00600007,0.0115188,0.0201459,0.0326483,0.0496993,0.071844,0.099488,0.132901,0.172232,0.217528,0.268751,0.325799,0.388522,0.456736,0.530232,0.608788,0.692174,0.780157,0.872509,0.969012,1.06948,1.17388,1.28265,1.39784,1.52624,1.68687,1.92639,2.34562,3.13567,4.61217,7.22314,11.5005,17.9393,26.825,38.0715,51.161,65.2869,80.303
0,1.3311e-10,1.17603e-09,1.8582e-08,2.50009e-07,2.42884e-06,1.69498e-05,8.74686e-05,0.000346503,0.00109546,0.0028684,0.00643205,0.0127121,0.0226787,0.0372361,0.0571458,0.0829882,0.115158,0.153878,0.199227,0.251168,0.309574,0.374254,0.444975,0.521473,0.60347,0.690682,0.782824,0.879618,0.980794,1.08609,1.19528,1.30816,1.42467,1.54526,1.67197,1.8116,1.98321,2.2336,2.6641,3.46719,4.96162,7.60147,11.9285,18.4512,27.4693,38.9045,52.2225,66.5425,80.303
0,1.97841e-09,1.30698e-08,1.49946e-07,1.56313e-06,1.22865e-05,7.12777e-05,0.000312162,0.00106909,0.00297399,0.00696761,0.0141969,0.025848,0.0429903,0.0664757,0.0969015,0.134619,0.179765,0.232311,0.2921,0.358887,0.432368,0.512208,0.598054,0.689548,0.78634,0.88809,0.994472,1.10518,1.21992,1.33843,1.46046,1.58581,1.71443,1.84677,1.98488,2.13558,2.31793,2.57891,3.02026,3.83567,5.34678,8.01325,12.3861,18.9868,28.1296,39.7472,53.2942,67.8466,83.3333
0,2.68566e-08,1.37849e-07,1.1686e-06,9.41336e-06,5.94826e-05,0.000285349,0.00105739,0.00312866,0.00766798,0.0161167,0.0299407,0.0504047,0.0784434,0.114633,0.159228,0.212222,0.273425,0.342515,0.419095,0.502724,0.592948,0.689312,0.791376,0.898722,1.01095,1.12771,1.24864,1.37343,1.5018,1.63348,1.76823,1.90587,2.04635,2.19015,2.33932,2.5007,2.69341,2.96451,3.41614,4.24309,5.76955,8.46039,12.8754,19.5482,28.8076,40.6001,54.381,69.0901,83.3333
0,3.30213e-07,1.3543e-06,8.63986e-06,5.38445e-05,0.000272576,0.00107806,0.00337686,0.0086425,0.0187151,0.0354258,0.0602639,0.0942163,0.137767,0.190984,0.253637,0.325301,0.405438,0.493459,0.588764,0.690764,0.798901,0.912653,1.03154,1.15512,1.28298,1.41477,1.55016,1.68884,1.83055,1.97503,2.12209,2.27155,2.42341,2.57813,2.73782,2.90932,3.1118,3.39241,3.85363,4.6912,6.23164,8.94459,13.398,20.1372,29.505,41.4626,55.4834,70.5016,84.8485
0,3.6454e-06,1.21963e-05,5.95614e-05,0.000288364,0.00116877,0.00380949,0.0101003,0.0224309,0.0431103,0.0738685,0.115666,0.168764,0.232908,0.307522,0.391859,0.485106,0.586448,0.695109,0.810366,0.931563,1.05811,1.18947,1.32517,1.4648,1.60797,1.75437,1.90368,2.05565,2.21005,2.36666,2.5253,2.68585,2.84832,3.01321,3.18266,3.36353,3.57502,3.86438,4.33436,5.18154,6.73454,9.46735,13.9556,20.7557,30.2238,42.3345,56.5816,71.9723,86.3636
2.1638e-05,3.58649e-05,9.9197e-05,0.000376546,0.001425,0.00463448,0.012478,0.0281128,0.0544664,0.0934813,0.145917,0.211582,0.289688,0.379156,0.478819,0.587538,0.704256,0.828026,0.958012,1.09348,1.2338,1.37842,1.52685,1.67869,1.83357,1.99117,2.15122,2.31349,2.47775,2.64382,2.81153,2.98075,3.15139,3.32348,3.49758,3.67583,3.86513,4.08472,4.38192,4.85971,5.71542,7.27952,10.03,14.5495,21.4051,30.9657,43.218,57.668,73.4033,89.3939
0.00020451,0.000310105,0.000717875,0.00214736,0.00640237,0.016793,0.0375514,0.0723735,0.123266,0.190426,0.272817,0.368813,0.476656,0.594678,0.721402,0.855559,0.996077,1.14206,1.29275,1.44752,1.60585,1.76728,1.93144,2.09801,2.26671,2.4373,2.60959,2.78338,2.95855,3.13493,3.31243,3.49094,3.67041,3.85092,4.03305,4.21897,4.41562,4.64224,4.94625,5.43081,6.29387,7.86758,10.6335,15.1809,22.0868,31.7325,44.1164,58.7497,74.7102,90.9091
0.00167574,0.00232376,0.00454849,0.0108597,0.0257575,0.0549388,0.102937,0.171384,0.259204,0.363886,0.482602,0.612775,0.752256,0.899318,1.05259,1.211,1.37369,1.53996,1.70928,1.88118,2.05532,2.23138,2.40911,2.58831,2.76879,2.95041,3.13303,3.31655,3.50088,3.68591,3.8716,4.05787,4.24472,4.43225,4.62107,4.81338,5.01614,5.24862,5.55828,6.04848,6.91768,8.49949,11.2787,15.8507,22.8019,32.5257,45.0319,59.8382,76.0142,92.4242
0.0116044,0.014826,0.0247667,0.0478107,0.0913224,0.160329,0.254972,0.371584,0.505316,0.651858,0.807918,0.971124,1.13978,1.31267,1.48891,1.66782,1.84893,2.03182,2.21622,2.40187,2.5886,2.77623,2.96466,3.15377,3.34347,3.53369,3.72437,3.91546,4.1069,4.29867,4.49071,4.68302,4.87561,5.06861,5.26264,5.45994,5.66748,5.90454,6.21864,6.71326,7.58734,9.17574,11.9662,16.5596,23.5514,33.3461,45.9658,60.9349,77.3174,93.9394
0.0663683,0.0787188,0.11331,0.179466,0.280561,0.412482,0.5667,0.735166,0.912366,1.09501,1.2812,1.4698,1.66011,1.85167,2.04418,2.23743,2.43126,2.62555,2.82022,3.01521,3.21046,3.40592,3.60157,3.79737,3.99331,4.18937,4.38552,4.58175,4.77806,4.97443,5.17085,5.36733,5.56389,5.76068,5.95836,6.15916,6.37005,6.61036,6.9276,7.42539,8.30305,9.89656,12.6963,17.3081,24.3358,34.1949,46.9192,62.0412,78.6214,95.4545
0.303939,0.337469,0.423505,0.560787,0.733929,0.925674,1.12455,1.32541,1.52651,1.72739,1.92796,2.12825,2.3283,2.52815,2.72784,2.92739,3.12683,3.32617,3.52543,3.72462,3.92374,4.12281,4.32183,4.52079,4.71972,4.9186,5.11744,5.31625,5.51502,5.71375,5.91245,6.11113,6.30982,6.50868,6.70836,6.91111,7.1239,7.36606,7.68513,8.18481,9.06476,10.6619,13.4689,18.0964,25.1556,35.0727,47.893,63.1581,79.9274,96.9697
1.06832,1.12169,1.24834,1.42047,1.60844,1.79891,1.98945,2.18059,2.37276,2.56599,2.76016,2.95513,3.15075,3.34692,3.54354,3.74052,3.93782,4.13537,4.33314,4.53109,4.72921,4.92746,5.12582,5.32428,5.52283,5.72145,5.92013,6.11886,6.31764,6.51646,6.71531,6.9142,7.11315,7.31232,7.51236,7.7155,7.92872,8.17133,8.4909,8.99119,9.87214,11.4715,14.2841,18.9245,26.0111,35.9801,48.8879,64.2863,81.236,98.4848
2.72228,2.74203,2.78649,2.84689,2.92604,3.02799,3.15108,3.2908,3.44292,3.60425,3.77252,3.94613,4.12389,4.30496,4.48867,4.67454,4.86218,5.05131,5.24169,5.43312,5.62545,5.81856,6.01234,6.20671,6.40158,6.5969,6.79262,6.98869,7.18507,7.38172,7.57862,7.77575,7.97312,8.17087,8.36963,8.57163,8.78381,9.0255,9.34426,9.8439,10.7246,12.3248,15.1412,19.7921,26.9024,36.9174,49.9048,65.4263,82.5476,100
4.73219,4.68443,4.5868,4.50329,4.46622,4.4756,4.52238,4.5983,4.69691,4.81323,4.94346,5.08468,5.23468,5.39178,5.55466,5.72232,5.89394,6.06889,6.24666,6.42683,6.60907,6.7931,6.97868,7.16561,7.35374,7.54292,7.73304,7.92398,8.11567,8.30802,8.50097,8.69447,8.88849,9.08316,9.27908,9.47845,9.6882,9.92763,10.2443,10.7421,11.6213,13.2211,16.0396,20.6988,27.8292,37.8849,50.9439,66.5788,83.8624,101.515
5.86799,5.8959,5.94876,5.98112,5.98631,5.9849,5.9954,6.02605,6.0783,6.15065,6.24057,6.34548,6.46301,6.59114,6.7282,6.87277,7.02374,7.18014,7.34121,7.5063,7.67487,7.84648,8.02075,8.19736,8.37604,8.55655,8.73869,8.92229,9.1072,9.29329,9.48044,9.66856,9.85759,10.0476,10.2392,10.4346,10.6406,10.8765,11.1898,11.6846,12.5612,14.1593,16.9786,21.6439,28.7912,38.8826,52.0059,67.7441,85.1801,103.03
7.53325,7.52629,7.50886,7.5012,7.50084,7.50059,7.50191,7.51124,7.53402,7.57292,7.62839,7.69959,7.78513,7.88341,7.99287,8.11212,8.23987,8.37503,8.51667,8.66397,8.81624,8.97288,9.13339,9.29733,9.46432,9.63402,9.80617,9.98051,10.1568,10.3349,10.5146,10.6958,10.8784,11.0623,11.2483,11.4383,11.6393,11.8705,12.1795,12.6701,13.543,15.1384,17.957,22.6266,29.7879,39.9105,53.0911,68.9226,86.5001,104.545
8.99039,9.01087,9.01474,9.01607,9.01606,9.016,9.01599,9.01811,9.02633,9.04449,9.07512,9.11934,9.17721,9.24814,9.33118,9.42527,9.52931,9.64227,9.76319,9.89121,10.0256,10.1655,10.3106,10.4601,10.6137,10.771,10.9315,11.095,11.2612,11.4298,11.6007,11.7736,11.9484,12.1251,12.3042,12.4877,12.6827,12.9081,13.2116,13.6971,14.5653,16.1569,18.9737,23.6458,30.8186,40.9681,54.1997,70.1149,87.8215,106.061
10.4433,10.5332,10.5314,10.5312,10.5312,10.5312,10.5311,10.5315,10.5339,10.5413,10.5565,10.5817,10.6181,10.6663,10.7262,10.7972,10.8788,10.9701,11.0704,11.1788,11.2946,11.4171,11.5457,11.6798,11.8189,11.9626,12.1103,12.2618,12.4167,12.5747,12.7356,12.8991,13.065,13.2334,13.4046,13.5807,13.7686,13.9873,14.2845,14.7639,15.6266,17.2134,20.0272,24.7004,31.8822,42.0551,55.332,71.3217,89.143,107.576
11.6879,12.0487,12.0463,12.0464,12.0464,12.0464,12.0463,12.0464,12.0469,12.0496,12.0563,12.0695,12.0909,12.1218,12.1628,12.2142,12.2758,12.3473,12.4281,12.5175,12.6151,12.7201,12.832,12.9503,13.0743,13.2037,13.3379,13.4766,13.6194,13.7659,13.9159,14.0692,14.2254,14.3845,14.547,14.7149,14.8949,15.1061,15.3961,15.8687,16.725,18.3062,21.1161,25.789,32.9779,43.1707,56.4879,72.5442,90.4624,109.091
12.4609,13.5642,13.5616,13.5615,13.5615,13.5615,13.5615,13.5615,13.5616,13.5624,13.5651,13.5714,13.5832,13.6018,13.6286,13.6643,13.7091,13.7632,13.8265,13.8985,13.9788,14.0671,14.1627,14.2652,14.3741,14.489,14.6094,14.7349,14.8651,14.9996,15.1382,15.2806,15.4265,15.5758,15.7289,15.8878,16.0592,16.2623,16.5444,17.0096,17.8588,19.4337,22.2388,26.9103,34.1045,44.3143,57.6673,73.7844,91.7772,110.606
12.6034,15.0728,15.0767,15.0767,15.0767,15.0767,15.0767,15.0767,15.0767,15.0769,15.0778,15.0806,15.0866,15.0973,15.1139,15.1377,15.1692,15.2089,15.257,15.3135,15.3782,15.4509,15.5311,15.6186,15.7128,15.8134,15.9201,16.0323,16.1497,16.2721,16.3989,16.53,16.6652,16.8042,16.9474,17.0969,17.2593,17.4537,17.7274,18.1845,19.0261,20.594,23.3937,28.0627,35.2606,45.4849,58.8693,75.0452,93.0838,112.121
12.6034,16.5737,16.5917,16.5918,16.5918,16.5918,16.5918,16.5918,16.5918,16.5918,16.5922,16.5933,16.5962,16.6019,16.6118,16.6269,16.6483,16.6765,16.7121,16.7554,16.8064,16.8651,16.9312,17.0046,17.0849,17.1719,17.2652,17.3644,17.4692,17.5793,17.6944,17.8141,17.9383,18.0668,18.1999,18.3396,18.4926,18.6779,18.9429,19.3915,20.2249,21.7854,24.5789,29.2447,36.4449,46.6815,60.093,76.3244,94.4773,112.121
20.5919,18.1108,18.1069,18.107,18.107,18.107,18.107,18.107,18.107,18.107,18.107,18.1075,18.1088,18.1117,18.1173,18.1265,18.1405,18.16,18.1857,18.218,18.2573,18.3038,18.3573,18.418,18.4855,18.5596,18.6402,18.7269,18.8195,18.9177,19.0212,19.1296,19.2428,19.3607,19.4835,19.6133,19.7567,19.9327,20.1886,20.6283,21.4533,23.0059,25.7928,30.4545,37.656,47.9031,61.3379,77.6119,95.9305,115.152
18.3285,19.6265,19.6221,19.6221,19.6221,19.6221,19.6221,19.6221,19.6221,19.6221,19.6221,19.6223,19.6228,19.6242,19.6272,19.6327,19.6415,19.6545,19.6726,19.6962,19.7259,19.7619,19.8046,19.8538,19.9098,19.9722,20.041,20.116,20.1969,20.2836,20.3758,20.4732,20.5757,20.683,20.7957,20.9155,21.0492,21.2158,21.4624,21.8931,22.7093,24.2537,27.0335,31.6905,38.8924,49.1486,62.6042,78.9074,97.2776,116.667
21.0957,21.1388,21.1372,21.1373,21.1373,21.1373,21.1373,21.1373,21.1373,21.1373,21.1373,21.1373,21.1375,21.1382,21.1397,21.1428,21.1482,21.1567,21.169,21.1858,21.2077,21.2352,21.2686,21.308,21.3537,21.4056,21.4636,21.5278,21.5978,21.6737,21.7551,21.8419,21.9339,22.031,22.1336,22.2437,22.3677,22.5248,22.7621,23.1836,23.9909,25.5268,28.2992,32.9511,40.1524,50.4167,63.8923,80.2198,98.6148,118.182
21.2455,22.6599,22.6525,22.6524,22.6524,22.6524,22.6524,22.6524,22.6524,22.6524,22.6524,22.6524,22.6525,22.6528,22.6535,22.6552,22.6584,22.6637,22.6719,22.6837,22.6995,22.7201,22.7458,22.7769,22.8137,22.8562,22.9046,22.9589,23.019,23.0847,23.156,23.2328,23.3148,23.402,23.4949,23.5953,23.7099,23.8576,24.0856,24.498,25.2962,26.8235,29.5882,34.2346,41.4346,51.7059,65.2013,81.5527,99.9377,119.697
21.4692,24.1717,24.1677,24.1676,24.1676,24.1676,24.1676,24.1676,24.1676,24.1676,24.1676,24.1676,24.1676,24.1677,24.1681,24.1689,24.1708,24.174,24.1793,24.1873,24.1986,24.2137,24.2331,24.2573,24.2865,24.321,24.3609,24.4063,24.4573,24.5138,24.5757,24.643,24.7156,24.7934,24.8769,24.9681,25.0735,25.2121,25.4309,25.8341,26.6232,28.1419,30.8988,35.5393,42.7373,53.0144,66.5298,82.9116,101.24,121.212
21.4692,25.6793,25.6829,25.6827,25.6827,25.6827,25.6827,25.6827,25.6827,25.6827,25.6827,25.6827,25.6827,25.6828,25.6829,25.6834,25.6844,25.6863,25.6897,25.695,25.7028,25.7137,25.7282,25.7467,25.7696,25.7972,25.8297,25.8674,25.9102,25.9583,26.0117,26.0702,26.134,26.2029,26.2776,26.3599,26.4565,26.5861,26.796,27.1901,27.9703,29.4801,32.2292,36.8636,44.0591,54.3408,67.8752,84.2988,102.61,121.212
21.4678,27.183,27.198,27.1979,27.1979,27.1979,27.1979,27.1979,27.1979,27.1979,27.1979,27.1979,27.1979,27.1979,27.198,27.1982,27.1987,27.1998,27.2019,27.2054,27.2107,27.2184,27.229,27.243,27.2607,27.2825,27.3088,27.3396,27.3753,27.4159,27.4615,27.512,27.5676,27.6284,27.6947,27.7686,27.8567,27.9778,28.179,28.5643,29.3355,30.8366,33.5778,38.2059,45.3985,55.6836,69.2348,85.7058,104.106,122.727
21.4665,28.6816,28.7129,28.713,28.713,28.713,28.713,28.713,28.713,28.713,28.713,28.713,28.713,28.713,28.7131,28.7132,28.7134,28.7141,28.7153,28.7175,28.7211,28.7265,28.7341,28.7445,28.758,28.7751,28.796,28.821,28.8505,28.8844,28.923,28.9664,29.0146,29.0677,29.1262,29.1923,29.2724,29.3854,29.5782,29.9548,30.7172,32.2097,34.9429,39.5648,46.7541,57.0416,70.6066,87.1216,105.637,124.242
21.4651,30.1816,30.2275,30.2282,30.2282,30.2282,30.2282,30.2282,30.2282,30.2282,30.2282,30.2282,30.2282,30.2282,30.2282,30.2282,30.2284,30.2287,30.2294,30.2308,30.2332,30.2368,30.2423,30.2499,30.2601,30.2732,30.2897,30.3099,30.3339,30.3621,30.3946,30.4314,30.4729,30.519,30.5705,30.6292,30.7018,30.8071,30.9918,31.3601,32.1139,33.5978,36.3231,40.9386,48.1245,58.4137,71.9896,88.5396,107.208,125.758
38.3698,31.7666,31.7432,31.7433,31.7433,31.7433,31.7433,31.7433,31.7433,31.7433,31.7433,31.7433,31.7433,31.7433,31.7433,31.7433,31.7434,31.7436,31.744,31.7449,31.7464,31.7488,31.7526,31.7581,31.7657,31.7758,31.7886,31.8047,31.8241,31.8473,31.8744,31.9055,31.9409,31.9808,32.0257,32.0777,32.1433,32.2413,32.4184,32.7786,33.524,34.9995,37.7169,42.3261,49.5084,59.7987,73.3835,89.9559,108.734,128.788
27.7636,33.2641,33.2588,33.2585,33.2585,33.2585,33.2585,33.2585,33.2585,33.2585,33.2585,33.2585,33.2585,33.2585,33.2585,33.2585,33.2585,33.2586,33.2588,33.2593,33.2603,33.2619,33.2646,33.2685,33.274,33.2816,33.2916,33.3042,33.3198,33.3387,33.3611,33.3872,33.4173,33.4514,33.4904,33.5362,33.5954,33.6866,33.8565,34.2089,34.9461,36.4133,39.123,43.7259,50.9046,61.1957,74.7885,91.3769,110.161,130.303
34.3979,34.758,34.7736,34.7736,34.7736,34.7736,34.7736,34.7736,34.7736,34.7736,34.7736,34.7736,34.7736,34.7736,34.7736,34.7736,34.7736,34.7737,34.7738,34.7741,34.7747,34.7758,34.7775,34.7803,34.7843,34.79,34.7976,34.8074,34.8198,34.8351,34.8535,34.8752,34.9005,34.9297,34.9633,35.0035,35.0568,35.1416,35.3047,35.6497,36.3789,37.8379,40.5399,45.1366,52.3118,62.6035,76.2037,92.8102,111.577,131.818
34.3979,36.2798,36.2886,36.2888,36.2888,36.2888,36.2888,36.2888,36.2888,36.2888,36.2888,36.2888,36.2888,36.2888,36.2888,36.2888,36.2888,36.2888,36.2889,36.289,36.2894,36.2901,36.2913,36.2932,36.2961,36.3002,36.306,36.3136,36.3233,36.3356,36.3506,36.3685,36.3897,36.4144,36.4433,36.4784,36.5262,36.6052,36.7618,37.0997,37.8212,39.2722,41.9666,46.5571,53.7288,64.021,77.6278,94.2538,113.069,131.818
39.3874,37.8131,37.8039,37.8039,37.8039,37.8039,37.8039,37.8039,37.8039,37.8039,37.8039,37.8039,37.8039,37.8039,37.8039,37.8039,37.8039,37.8039,37.804,37.8041,37.8043,37.8047,37.8055,37.8068,37.8088,37.8118,37.8161,37.8219,37.8296,37.8393,37.8514,37.8661,37.8837,37.9045,37.9291,37.9597,38.0026,38.0762,38.2268,38.558,39.2719,40.715,43.4018,47.9862,55.1544,65.4472,79.0598,95.6999,114.606,134.848
36.3084,39.3228,39.3193,39.3191,39.3191,39.3191,39.3191,39.3191,39.3191,39.3191,39.3191,39.3191,39.3191,39.3191,39.3191,39.3191,39.3191,39.3191,39.3191,39.3192,39.3193,39.3195,39.32,39.3209,39.3223,39.3245,39.3276,39.332,39.3379,39.3456,39.3553,39.3672,39.3817,39.3991,39.42,39.4465,39.485,39.5537,39.6987,40.0234,40.73,42.1653,44.8445,49.4228,56.5877,66.8812,80.4996,97.149,116.047,136.364
38.558,40.8241,40.8343,40.8342,40.8342,40.8342,40.8342,40.8342,40.8342,40.8342,40.8342,40.8342,40.8342,40.8342,40.8342,40.8342,40.8342,40.8342,40.8342,40.8343,40.8343,40.8345,40.8348,40.8354,40.8363,40.8379,40.8402,40.8434,40.8479,40.8539,40.8616,40.8712,40.8831,40.8975,40.9152,40.9381,40.9725,41.0367,41.1765,41.495,42.1946,43.6221,46.2938,50.8661,58.0277,68.3219,81.9462,98.6083,117.479,137.879
38.558,42.3338,42.3492,42.3494,42.3494,42.3494,42.3494,42.3494,42.3494,42.3494,42.3494,42.3494,42.3494,42.3494,42.3494,42.3494,42.3494,42.3494,42.3494,42.3494,42.3494,42.3495,42.3497,42.3501,42.3507,42.3518,42.3534,42.3558,42.3592,42.3638,42.3698,42.3775,42.3871,42.399,42.4138,42.4335,42.4645,42.5245,42.6594,42.9721,43.6647,45.0846,47.7488,52.3149,59.4733,69.7684,83.3986,100.076,118.984,137.879
46.0307,43.8748,43.8645,43.8645,43.8645,43.8645,43.8645,43.8645,43.8645,43.8645,43.8645,43.8645,43.8645,43.8645,43.8645,43.8645,43.8645,43.8645,43.8645,43.8645,43.8645,43.8646,43.8647,43.8649,43.8653,43.866,43.8671,43.8689,43.8714,43.8748,43.8795,43.8856,43.8933,43.903,43.9154,43.9324,43.9601,44.0164,44.1468,44.4539,45.1398,46.552,49.2086,53.7686,60.9238,71.2199,84.856,101.544,120.533,140.909
41.9716,45.3833,45.3799,45.3797,45.3797,45.3797,45.3797,45.3797,45.3797,45.3797,45.3797,45.3797,45.3797,45.3797,45.3797,45.3797,45.3797,45.3797,45.3797,45.3797,45.3797,45.3797,45.3797,45.3798,45.3801,45.3805,45.3813,45.3825,45.3843,45.3869,45.3904,45.3952,45.4013,45.4092,45.4194,45.4339,45.4588,45.5117,45.6379,45.9397,46.619,48.0236,50.6726,55.2263,62.3783,72.6756,86.318,103.014,121.987,142.424
44.6278,46.8835,46.8949,46.8948,46.8948,46.8948,46.8948,46.8948,46.8948,46.8948,46.8948,46.8948,46.8948,46.8948,46.8948,46.8948,46.8948,46.8948,46.8948,46.8948,46.8948,46.8948,46.8948,46.8948,46.8949,46.8952,46.8957,46.8965,46.8977,46.8996,46.9022,46.9059,46.9107,46.917,46.9254,46.9378,46.9602,47.01,47.1323,47.4289,48.1017,49.4988,52.14,56.6873,63.836,74.1347,87.784,104.492,123.432,143.939
44.6278,48.3948,48.4097,48.41,48.41,48.41,48.41,48.41,48.41,48.41,48.41,48.41,48.41,48.41,48.41,48.41,48.41,48.41,48.41,48.41,48.4099,48.4099,48.4099,48.4098,48.4099,48.41,48.4102,48.4107,48.4115,48.4128,48.4147,48.4175,48.4212,48.4261,48.433,48.4435,48.4637,48.5108,48.6294,48.9211,49.5876,50.977,53.6103,58.1509,65.2963,75.5965,89.2529,105.976,124.95,143.939
52.1006,49.9364,49.9251,49.9251,49.9251,49.9251,49.9251,49.9251,49.9251,49.9251,49.9251,49.9251,49.9251,49.9251,49.9251,49.9251,49.9251,49.9251,49.9251,49.9251,49.9251,49.925,49.9249,49.9249,49.9248,49.9248,49.9249,49.9251,49.9256,49.9264,49.9278,49.9297,49.9325,49.9363,49.9418,49.9508,49.969,50.0136,50.1288,50.4158,51.076,52.4577,55.0829,59.6167,66.7585,77.0602,90.7239,107.459,126.507,146.97
47.7695,51.4432,51.4405,51.4403,51.4403,51.4403,51.4403,51.4403,51.4403,51.4403,51.4403,51.4403,51.4403,51.4403,51.4403,51.4403,51.4403,51.4403,51.4403,51.4402,51.4402,51.4401,51.44,51.4399,51.4398,51.4396,51.4396,51.4396,51.4398,51.4403,51.4411,51.4425,51.4445,51.4474,51.4517,51.4593,51.4758,51.5181,51.6301,51.9126,52.5665,53.9405,56.5574,61.084,68.2221,78.5253,92.1969,108.942,127.974,148.485
50.6754,52.943,52.9555,52.9555,52.9554,52.9554,52.9554,52.9554,52.9554,52.9554,52.9554,52.9554,52.9554,52.9554,52.9554,52.9554,52.9554,52.9554,52.9554,52.9553,52.9553,52.9552,52.955,52.9549,52.9547,52.9545,52.9543,52.9542,52.9542,52.9543,52.9548,52.9556,52.9569,52.9591,52.9625,52.9689,52.9838,53.024,53.133,53.4111,54.0589,55.425,58.0333,62.5525,69.6865,79.9911,93.6711,110.431,129.431,150
50.6754,54.4557,54.4703,54.4706,54.4706,54.4706,54.4706,54.4706,54.4706,54.4706,54.4706,54.4706,54.4706,54.4706,54.4706,54.4706,54.4706,54.4705,54.4705,54.4704,54.4704,54.4702,54.4701,54.4699,54.4696,54.4693,54.469,54.4688,54.4686,54.4685,54.4685,54.4689,54.4698,54.4712,54.4738,54.4792,54.4928,54.5311,54.6373,54.9111,55.5527,56.9109,59.5103,64.0217,71.1513,81.4572,95.1457,111.925,130.96,150
58.1625,55.9978,55.9857,55.9857,55.9857,55.9857,55.9857,55.9857,55.9857,55.9857,55.9857,55.9857,55.9857,55.9857,55.9857,55.9857,55.9857,55.9857,55.9856,55.9855,55.9854,55.9853,55.985,55.9848,55.9845,55.9841,55.9837,55.9833,55.983,55.9826,55.9824,55.9825,55.9828,55.9837,55.9856,55.99,56.0025,56.0391,56.1426,56.4123,57.0477,58.3978,60.9881,65.4913,72.6161,82.9229,96.6199,113.415,132.527,153.03
53.5654,57.5026,57.5011,57.5009,57.5009,57.5009,57.5009,57.5009,57.5009,57.5009,57.5009,57.5009,57.5009,57.5009,57.5009,57.5009,57.5008,57.5008,57.5007,57.5006,57.5004,57.5002,57.5,57.4997,57.4993,57.4988,57.4984,57.4978,57.4973,57.4968,57.4963,57.496,57.496,57.4964,57.4977,57.5014,57.5128,57.5478,57.6488,57.9144,58.5437,59.8856,62.4664,66.961,74.0805,84.388,98.0934,114.904,134.007,154.545
56.7385,59.0014,59.0161,59.0161,59.0161,59.0161,59.0161,59.0161,59.0161,59.0161,59.0161,59.0161,59.016,59.016,59.016,59.016,59.016,59.0159,59.0158,59.0156,59.0154,59.0152,59.0149,59.0145,59.014,59.0135,59.0129,59.0123,59.0116,59.0109,59.0102,59.0097,59.0093,59.0093,59.01,59.0131,59.0235,59.0571,59.1557,59.4173,60.0404,61.3739,63.945,68.4305,75.5443,85.852,99.5659,116.396,135.48,156.061
56.7385,60.5132,60.5309,60.5312,60.5312,60.5312,60.5312,60.5312,60.5312,60.5312,60.5312,60.5312,60.5312,60.5312,60.5312,60.5311,60.5311,60.531,60.5308,60.5307,60.5304,60.5301,60.5297,60.5292,60.5287,60.5281,60.5274,60.5266,60.5258,60.5249,60.524,60.5232,60.5226,60.5222,60.5225,60.5249,60.5346,60.5668,60.6631,60.9207,61.5378,62.8627,65.4237,69.8996,77.0072,87.3147,101.036,117.889,137.024,156.061
65.341,62.0552,62.0463,62.0464,62.0464,62.0464,62.0464,62.0464,62.0464,62.0464,62.0464,62.0464,62.0463,62.0463,62.0463,62.0463,62.0462,62.046,62.0459,62.0456,62.0453,62.0449,62.0444,62.0439,62.0432,62.0425,62.0417,62.0408,62.0399,62.0388,62.0378,62.0368,62.0358,62.0351,62.035,62.037,62.0458,62.0768,62.1709,62.4247,63.0355,64.3518,66.9024,71.3682,78.4689,88.7757,102.504,119.375,138.607,159.091
61.4668,63.5626,63.5616,63.5615,63.5615,63.5615,63.5615,63.5615,63.5615,63.5615,63.5615,63.5615,63.5615,63.5615,63.5614,63.5613,63.5612,63.5611,63.5608,63.5605,63.5601,63.5597,63.5591,63.5584,63.5577,63.5568,63.5559,63.5549,63.5538,63.5526,63.5514,63.5501,63.549,63.548,63.5476,63.549,63.5572,63.587,63.679,63.929,64.5337,65.841,68.3808,72.836,79.9294,90.235,103.97,120.855,140.108,160.606
66.0839,65.0728,65.0766,65.0767,65.0767,65.0767,65.0767,65.0767,65.0767,65.0767,65.0767,65.0766,65.0766,65.0766,65.0765,65.0764,65.0763,65.076,65.0757,65.0754,65.0749,65.0743,65.0736,65.0729,65.072,65.071,65.07,65.0689,65.0676,65.0663,65.0648,65.0634,65.062,65.0608,65.06,65.0611,65.0686,65.0973,65.1873,65.4336,66.032,67.3303,69.8589,74.303,81.3884,91.6922,105.434,122.333,141.606,162.121
66.2093,66.5945,66.5918,66.5918,66.5918,66.5918,66.5918,66.5918,66.5918,66.5918,66.5918,66.5918,66.5918,66.5917,66.5916,66.5915,66.5913,66.591,66.5906,66.5901,66.5895,66.5889,66.5881,66.5872,66.5862,66.5851,66.5839,66.5826,66.5812,66.5797,66.5781,66.5765,66.5749,66.5734,66.5724,66.5731,66.58,66.6077,66.6957,66.9383,67.5305,68.8195,71.3367,75.7691,82.8459,93.1474,106.895,123.808,143.101,163.636
68.2244,68.1058,68.107,68.107,68.107,68.107,68.107,68.107,68.107,68.107,68.107,68.1069,68.1069,68.1068,68.1067,68.1065,68.1062,68.1058,68.1053,68.1048,68.1041,68.1033,68.1023,68.1013,68.1001,68.0989,68.0976,68.0962,68.0946,68.093,68.0912,68.0894,68.0876,68.0859,68.0846,68.0849,68.0914,68.1181,68.2041,68.4431,69.029,70.3087,72.814,77.2342,84.3017,94.6003,108.354,125.28,144.594,165.152
69.581,69.6227,69.6221,69.6221,69.6221,69.6221,69.6221,69.6221,69.6221,69.6221,69.6221,69.6221,69.622,69.6219,69.6217,69.6214,69.621,69.6206,69.62,69.6193,69.6185,69.6175,69.6164,69.6152,69.6139,69.6125,69.611,69.6095,69.6078,69.606,69.604,69.602,69.6,69.5982,69.5966,69.5967,69.6026,69.6284,69.7126,69.9479,70.5275,71.7977,74.2909,78.6983,85.7559,96.0509,109.809,126.749,146.082,166.667
71.1005,71.1379,71.1373,71.1373,71.1373,71.1373,71.1373,71.1373,71.1373,71.1373,71.1372,71.1372,71.1371,71.1369,71.1367,71.1363,71.1358,71.1352,71.1345,71.1337,71.1327,71.1316,71.1303,71.129,71.1275,71.1259,71.1243,71.1226,71.1208,71.1188,71.1166,71.1144,71.1123,71.1102,71.1085,71.1082,71.1137,71.1386,71.221,71.4527,72.026,73.2866,75.7672,80.1614,87.2083,97.499,111.262,128.216,147.567,168.182
72.485,72.6544,72.6524,72.6524,72.6524,72.6524,72.6524,72.6524,72.6524,72.6524,72.6523,72.6523,72.6521,72.6519,72.6515,72.6511,72.6505,72.6497,72.6489,72.6478,72.6467,72.6454,72.644,72.6425,72.6408,72.6391,72.6373,72.6354,72.6335,72.6313,72.629,72.6266,72.6243,72.622,72.62,72.6195,72.6246,72.6487,72.7293,72.9575,73.5244,74.7752,77.243,81.6235,88.6591,98.9447,112.713,129.679,149.047,169.697
73.6457,74.1714,74.1676,74.1676,74.1676,74.1676,74.1676,74.1676,74.1676,74.1675,74.1675,74.1673,74.1671,74.1668,74.1663,74.1657,74.165,74.1641,74.163,74.1618,74.1605,74.159,74.1574,74.1557,74.1539,74.152,74.15,74.148,74.1459,74.1436,74.141,74.1384,74.136,74.1335,74.1314,74.1306,74.1353,74.1586,74.2374,74.4622,75.0228,76.2636,78.7184,83.0846,90.1082,100.388,114.16,131.14,150.522,171.212
74.3471,75.6872,75.6828,75.6827,75.6827,75.6827,75.6827,75.6827,75.6827,75.6826,75.6825,75.6823,75.682,75.6816,75.681,75.6802,75.6793,75.6782,75.677,75.6756,75.674,75.6724,75.6706,75.6687,75.6667,75.6646,75.6624,75.6603,75.658,75.6555,75.6528,75.65,75.6474,75.6448,75.6424,75.6415,75.6458,75.6683,75.7454,75.9667,76.5209,77.7518,80.1932,84.5447,91.5557,101.829,115.604,132.599,151.991,172.727
74.4826,77.1972,77.198,77.1979,77.1979,77.1979,77.1979,77.1979,77.1978,77.1977,77.1975,77.1972,77.1968,77.1962,77.1955,77.1945,77.1934,77.1921,77.1906,77.189,77.1873,77.1854,77.1834,77.1813,77.1791,77.1768,77.1745,77.1722,77.1698,77.1672,77.1643,77.1613,77.1584,77.1557,77.1532,77.152,77.156,77.1777,77.2532,77.4711,78.0189,79.2396,81.6674,86.0039,93.0016,103.267,117.044,134.055,153.452,174.242
74.3474,78.6996,78.713,78.713,78.713,78.713,78.713,78.713,78.7129,78.7128,78.7125,78.7121,78.7115,78.7107,78.7098,78.7086,78.7072,78.7057,78.704,78.7022,78.7002,78.6981,78.6959,78.6936,78.6912,78.6887,78.6863,78.6838,78.6813,78.6785,78.6754,78.6722,78.6692,78.6663,78.6636,78.6622,78.6659,78.6869,78.7608,78.9753,79.5168,80.7273,83.1412,87.4621,94.446,104.703,118.481,135.511,154.906,175.758
74.3474,80.2032,80.2279,80.2282,80.2282,80.2282,80.2282,80.2281,80.228,80.2277,80.2273,80.2267,80.2259,80.225,80.2238,80.2224,80.2207,80.219,80.2171,80.215,80.2128,80.2105,80.2081,80.2056,80.203,80.2003,80.1976,80.195,80.1924,80.1895,80.1862,80.1828,80.1796,80.1766,80.1738,80.1722,80.1755,80.1958,80.2682,80.4793,81.0145,82.2147,84.6146,88.9196,95.8891,106.137,119.915,136.963,156.422,175.758
86.1276,81.7552,81.7433,81.7433,81.7433,81.7433,81.7433,81.7432,81.7429,81.7426,81.742,81.7412,81.7401,81.7389,81.7376,81.7359,81.7339,81.7319,81.7297,81.7274,81.725,81.7225,81.7198,81.7171,81.7143,81.7115,81.7086,81.7058,81.7031,81.7001,81.6967,81.693,81.6897,81.6865,81.6836,81.6818,81.6848,81.7045,81.7753,81.9831,82.5119,83.7018,86.0874,90.3762,97.331,107.569,121.344,138.406,157.968,178.788
80.4685,83.2586,83.2586,83.2585,83.2585,83.2584,83.2584,83.2582,83.2578,83.2572,83.2564,83.2553,83.254,83.2526,83.2509,83.249,83.2466,83.2444,83.2419,83.2394,83.2367,83.234,83.2311,83.2282,83.2252,83.2222,83.2192,83.2163,83.2134,83.2104,83.2068,83.2029,83.1994,83.1961,83.193,83.1911,83.1938,83.2129,83.2822,83.4866,84.0092,85.1887,87.5599,91.8321,98.7717,108.999,122.77,139.84,159.434,180.303
86.2075,84.7693,84.7736,84.7736,84.7736,84.7736,84.7734,84.773,84.7725,84.7716,84.7705,84.7691,84.7675,84.7658,84.7639,84.7616,84.7589,84.7564,84.7537,84.7509,84.748,84.7451,84.742,84.7389,84.7357,84.7325,84.7294,84.7263,84.7234,84.7203,84.7165,84.7123,84.7088,84.7053,84.7021,84.7,84.7024,84.7209,84.7888,84.99,85.5063,86.6754,89.032,93.2873,100.211,110.428,124.194,141.269,160.893,181.818
85.6867,86.2925,86.2888,86.2888,86.2887,86.2886,86.2883,86.2877,86.2869,86.2857,86.2842,86.2825,86.2806,86.2785,86.2763,86.2738,86.2707,86.2679,86.265,86.2619,86.2588,86.2556,86.2524,86.2491,86.2457,86.2424,86.2391,86.2359,86.2329,86.2297,86.2259,86.2214,86.2177,86.2141,86.2108,86.2086,86.2108,86.2286,86.2951,86.4931,87.0032,88.1618,90.5036,94.7419,101.65,111.855,125.616,142.692,162.343,183.333
87.9914,87.8025,87.8039,87.8039,87.8038,87.8035,87.803,87.8021,87.8009,87.7993,87.7974,87.7953,87.793,87.7906,87.7882,87.7854,87.7819,87.7788,87.7757,87.7724,87.7691,87.7657,87.7623,87.7588,87.7553,87.7518,87.7484,87.7451,87.742,87.7388,87.7349,87.7301,87.7263,87.7226,87.7192,87.7168,87.7188,87.7361,87.8011,87.996,88.4999,89.648,91.975,96.1958,103.088,113.281,127.035,144.11,163.784,184.848
89.1805,89.321,89.319,89.319,89.3187,89.3182,89.3173,89.316,89.3143,89.3123,89.31,89.3075,89.3048,89.3021,89.2995,89.2965,89.2925,89.2892,89.2858,89.2823,89.2788,89.2753,89.2717,89.268,89.2644,89.2607,89.2572,89.2538,89.2507,89.2475,89.2435,89.2384,89.2344,89.2307,89.2272,89.2247,89.2264,89.2432,89.3069,89.4987,89.9963,91.134,93.446,97.6492,104.525,114.707,128.454,145.523,165.214,186.364
90.5847,90.8369,90.8341,90.8339,90.8334,90.8324,90.831,90.8292,90.827,90.8246,90.8219,90.819,90.8159,90.8129,90.8101,90.8069,90.8024,90.7989,90.7953,90.7917,90.788,90.7843,90.7805,90.7767,90.7729,90.7692,90.7655,90.762,90.7589,90.7558,90.7517,90.7463,90.7422,90.7384,90.7348,90.7322,90.7337,90.7499,90.8123,91.0011,91.4926,92.6198,94.9167,99.1021,105.961,116.131,129.871,146.933,166.631,187.879
91.5932,92.3545,92.349,92.3485,92.3475,92.346,92.344,92.3416,92.3389,92.336,92.3328,92.3296,92.3262,92.323,92.32,92.3167,92.3117,92.308,92.3042,92.3004,92.2966,92.2927,92.2888,92.2849,92.281,92.2771,92.2734,92.2698,92.2667,92.2636,92.2596,92.2538,92.2496,92.2457,92.242,92.2393,92.2406,92.2564,92.3175,92.5032,92.9887,94.1055,96.3872,100.554,107.397,117.556,131.289,148.339,168.033,189.394
92.1166,93.8694,93.8635,93.8623,93.8606,93.8584,93.8558,93.8529,93.8497,93.8464,93.8429,93.8393,93.8357,93.8322,93.8291,93.8259,93.8203,93.8164,93.8125,93.8086,93.8046,93.8006,93.7966,93.7926,93.7886,93.7846,93.7808,93.7772,93.774,93.771,93.7672,93.7608,93.7566,93.7526,93.7489,93.7461,93.7472,93.7625,93.8223,94.0051,94.4846,95.5909,97.8574,102.006,108.831,118.979,132.707,149.745,169.417,190.909
92.1159,95.3771,95.3768,95.3748,95.3724,95.3695,95.3663,95.3629,95.3594,95.3557,95.352,95.3481,95.3443,95.3406,95.3375,95.3344,95.3282,95.3242,95.3201,95.3161,95.312,95.3079,95.3038,95.2997,95.2956,95.2916,95.2877,95.284,95.2808,95.278,95.2744,95.2675,95.2632,95.2591,95.2553,95.2525,95.2535,95.2683,95.3269,95.5068,95.9803,97.0762,99.3274,103.458,110.266,120.402,134.126,151.152,170.781,192.424
91.9684,96.8762,96.8878,96.8854,96.8823,96.879,96.8754,96.8717,96.8679,96.864,96.86,96.856,96.852,96.8482,96.8451,96.8422,96.8354,96.8313,96.8271,96.823,96.8188,96.8147,96.8105,96.8063,96.8022,96.7981,96.7941,96.7904,96.7872,96.7846,96.7813,96.7738,96.7694,96.7653,96.7615,96.7585,96.7593,96.7737,96.8311,97.0082,97.4758,98.5614,100.797,104.909,111.699,121.825,135.545,152.564,172.121,193.939
91.9684,98.3726,98.3959,98.3935,98.3903,98.3867,98.383,98.3792,98.3752,98.3712,98.3671,98.363,98.3588,98.355,98.3519,98.3494,98.342,98.3377,98.3335,98.3293,98.3251,98.3209,98.3166,98.3124,98.3083,98.3041,98.3001,98.2964,98.2932,98.2907,98.2879,98.2796,98.2752,98.2711,98.2672,98.2642,98.2649,98.2788,98.3351,98.5093,98.9712,100.046,102.267,106.36,113.132,123.247,136.965,153.98,173.5,193.939
108.328,99.9195,99.902,99.8996,99.8965,99.893,99.8893,99.8855,99.8815,99.8774,99.8732,99.8691,99.8649,99.861,99.858,99.8561,99.8478,99.8435,99.8393,99.835,99.8308,99.8265,99.8223,99.8181,99.8139,99.8097,99.8056,99.8019,99.7987,99.7964,99.7942,99.7851,99.7806,99.7765,99.7726,99.7696,99.7701,99.7836,99.8388,100.01,100.466,101.531,103.737,107.811,114.565,124.668,138.386,155.402,174.881,196.97
108.328,101.438,101.407,101.404,101.402,101.398,101.395,101.391,101.387,101.383,101.379,101.374,101.37,101.366,101.363,101.362,101.353,101.349,101.345,101.34,101.336,101.332,101.327,101.323,101.319,101.315,101.311,101.307,101.304,101.302,101.3,101.29,101.286,101.282,101.278,101.275,101.275,101.288,101.342,101.511,101.961,103.016,105.206,109.261,115.997,126.089,139.808,156.83,176.227,196.97
109.338,102.954,102.919,102.916,102.913,102.91,102.907,102.903,102.899,102.895,102.89,102.886,102.882,102.878,102.875,102.875,102.865,102.861,102.856,102.852,102.848,102.844,102.839,102.835,102.831,102.827,102.823,102.819,102.816,102.813,102.813,102.802,102.797,102.793,102.789,102.786,102.787,102.8,102.853,103.021,103.47,104.521,106.706,110.755,117.484,127.572,141.292,158.316,177.685,197.98
