SPACE_POINTS_X
50,51.5152,53.0303,54.5455,56.0606,57.5758,59.0909,60.6061,62.1212,63.6364,65.1515,66.6667,68.1818,69.697,71.2121,72.7273,74.2424,75.7576,77.2727,78.7879,80.303,81.8182,83.3333,84.8485,86.3636,87.8788,89.3939,90.9091,92.4242,93.9394,95.4545,96.9697,98.4848,100,101.515,103.03,104.545,106.061,107.576,109.091,110.606,112.121,113.636,115.152,116.667,118.182,119.697,121.212,122.727,124.242,125.758,127.273,128.788,130.303,131.818,133.333,134.848,136.364,137.879,139.394,140.909,142.424,143.939,145.455,146.97,148.485,150,151.515,153.03,154.545,156.061,157.576,159.091,160.606,162.121,163.636,165.152,166.667,168.182,169.697,171.212,172.727,174.242,175.758,177.273,178.788,180.303,181.818,183.333,184.848,186.364,187.879,189.394,190.909,192.424,193.939,195.455,196.97,198.485,200
SPACE_POINTS_Y
0,0.0204082,0.0408163,0.0612245,0.0816327,0.102041,0.122449,0.142857,0.163265,0.183673,0.204082,0.22449,0.244898,0.265306,0.285714,0.306122,0.326531,0.346939,0.367347,0.387755,0.408163,0.428571,0.44898,0.469388,0.489796,0.510204,0.530612,0.55102,0.571429,0.591837,0.612245,0.632653,0.653061,0.673469,0.693878,0.714286,0.734694,0.755102,0.77551,0.795918,0.816326,0.836735,0.857143,0.877551,0.897959,0.918367,0.938775,0.959184,0.979592,1
VALUES
0,0,0,0,0,0,0,0,0,0,0,0,0,0,0,0,0,0,0,0,0,0,0,0,0,0,0,0,0,0,0,0,0,0,0,0,0,0,0,0,0,0,0,0,0,0,0,0,0,0
0,8.01717e-31,1.06661e-27,3.6027e-25,5.44063e-23,4.612e-21,2.4799e-19,9.12437e-18,2.41847e-16,4.79337e-15,7.30954e-14,8.77499e-13,8.45465e-12,6.64986e-11,4.33644e-10,2.37896e-09,1.11334e-08,4.50485e-08,1.59643e-07,5.01634e-07,1.41398e-06,3.61444e-06,8.46321e-06,1.83192e-05,3.69627e-05,7.004e-05,0.000125474,0.000213784,0.000348278,0.000545188,0.000824194,0.00121143,0.00175288,0.00256395,0.00398669,0.007019,0.0143154,0.0321484,0.0735374,0.162007,0.334166,0.638282,1.12695,1.84613,2.83016,4.12332,5.88065,8.7915,16.4099,51.5152
0,5.37323e-30,6.73429e-27,2.14756e-24,3.06637e-22,2.45984e-20,1.25226e-18,4.36295e-17,1.09502e-15,2.05486e-14,2.96661e-13,3.37203e-12,3.07743e-11,2.29459e-10,1.42034e-09,7.40997e-09,3.30567e-08,1.27865e-07,4.3457e-07,1.31411e-06,3.57743e-06,8.86315e-06,2.01831e-05,4.26256e-05,8.41657e-05,0.000156498,0.000275785,0.00046322,0.000745336,0.00115414,0.00172765,0.00251382,0.00358939,0.00513347,0.00767082,0.012763,0.0246858,0.0538576,0.122582,0.272437,0.570246,1.1072,1.98644,3.30121,5.1186,7.50022,10.6214,15.1916,24.226,53.0303
0,3.70995e-29,4.37497e-26,1.31532e-23,1.77232e-21,1.34208e-19,6.44775e-18,2.11863e-16,5.01041e-15,8.85048e-14,1.20159e-12,1.28337e-11,1.10006e-10,7.70371e-10,4.48137e-09,2.19982e-08,9.25093e-08,3.38136e-07,1.08914e-06,3.13162e-06,8.13494e-06,1.9302e-05,4.22498e-05,8.60761e-05,0.000164519,0.000297077,0.000509945,0.000836643,0.00131826,0.00200343,0.0029486,0.00422202,0.00592447,0.00827394,0.0118945,0.0186635,0.0338336,0.0705262,0.157566,0.350143,0.739469,1.45383,2.6432,4.44778,6.96777,10.2729,14.5159,20.3104,30.1047,54.5455
0,2.58348e-28,2.8568e-25,8.07275e-23,1.02365e-20,7.29779e-19,3.30028e-17,1.02016e-15,2.2677e-14,3.76145e-13,4.79095e-12,4.79716e-11,3.85359e-10,2.52953e-09,1.38029e-08,6.36455e-08,2.51913e-07,8.68822e-07,2.64828e-06,7.22909e-06,1.78882e-05,4.05699e-05,8.51714e-05,0.00016698,0.000308102,0.000538716,0.000897976,0.00143446,0.0022061,0.00327977,0.00473113,0.00664828,0.00915298,0.0124901,0.0173404,0.0257588,0.0435853,0.0856929,0.185448,0.408182,0.864481,1.714,3.14893,5.35464,8.46499,12.5553,17.7387,24.4831,34.6228,56.0606
0,1.81977e-27,1.87975e-24,4.97588e-22,5.91937e-20,3.96125e-18,1.68137e-16,4.87541e-15,1.01576e-13,1.57768e-12,1.88008e-11,1.7603e-10,1.3221e-09,8.11785e-09,4.1482e-08,1.79441e-07,6.67893e-07,2.1724e-06,6.26512e-06,1.62368e-05,3.82791e-05,8.30033e-05,0.00016717,0.000315436,0.000561898,0.000951233,0.00153928,0.00239301,0.00358989,0.00521686,0.00736959,0.0101557,0.0137158,0.0183153,0.0246694,0.0349355,0.0553102,0.101807,0.210957,0.455605,0.961568,1.91462,3.54421,6.0781,9.68388,14.443,20.4259,27.9582,38.2936,56.0606
0,1.30006e-26,1.2489e-23,3.08513e-21,3.43121e-19,2.1483e-17,8.53125e-16,2.31326e-14,4.50321e-13,6.52969e-12,7.25907e-11,6.33813e-10,4.43997e-09,2.54482e-08,1.21577e-07,4.92791e-07,1.72358e-06,5.28542e-06,1.44225e-05,3.54978e-05,7.97762e-05,0.0001655,0.000320008,0.000581615,0.00100099,0.00164183,0.0025808,0.0039067,0.00571898,0.00812605,0.0112438,0.0151982,0.0201467,0.0263703,0.0346062,0.0470729,0.0701896,0.120727,0.237439,0.498756,1.04242,2.07572,3.86049,6.66346,10.6856,16.0158,22.6834,30.8934,41.5322,57.5758
0,9.44879e-26,8.39765e-23,1.92743e-20,1.99626e-18,1.16509e-16,4.31351e-15,1.08995e-13,1.97586e-12,2.66593e-11,2.75625e-10,2.23786e-09,1.45852e-08,7.78749e-08,3.47285e-07,1.31761e-06,4.32798e-06,1.25106e-05,3.23072e-05,7.55537e-05,0.000161969,0.000321739,0.000597805,0.00104753,0.00174348,0.00277325,0.00423832,0.00625222,0.00893801,0.0124258,0.0168507,0.022355,0.0291093,0.0374057,0.0479947,0.0631321,0.0893818,0.144032,0.267437,0.542217,1.11547,2.21214,4.12187,7.14671,11.52,17.3406,24.5977,33.3826,44.3631,59.0909
0,7.01201e-25,5.72913e-22,1.21557e-19,1.1672e-17,6.32404e-16,2.17424e-14,5.1003e-13,8.57817e-12,1.07319e-10,1.02848e-09,7.74213e-09,4.68277e-08,2.32447e-07,9.66217e-07,3.42822e-06,1.05711e-05,2.88052e-05,7.04215e-05,0.000156577,0.000320449,0.000610063,0.00109032,0.00184389,0.00297088,0.00458735,0.00682281,0.00981712,0.013717,0.018673,0.0248365,0.0323624,0.0414297,0.052336,0.0658378,0.0842124,0.114122,0.173227,0.303064,0.589465,1.18693,2.3349,4.34673,7.55607,12.2273,18.4721,26.244,35.5111,46.7754,62.1212
0,5.33778e-24,3.97722e-21,7.7541e-19,6.86754e-17,3.4382e-15,1.0929e-13,2.37004e-12,3.68347e-11,4.25673e-10,3.76823e-09,2.62195e-08,1.46803e-07,6.76173e-07,2.61639e-06,8.6751e-06,2.51067e-05,6.45036e-05,0.000149371,0.000315999,0.000617976,0.00112869,0.00194239,0.00317364,0.00495529,0.0074353,0.0107727,0.0151333,0.0206854,0.0275961,0.0360287,0.0461449,0.0581258,0.0722679,0.0893259,0.111587,0.145783,0.209852,0.346245,0.643316,1.26152,2.45224,4.54906,7.91358,12.8396,19.4542,27.6849,37.3755,48.6988,63.6364
0,4.19497e-23,2.81903e-20,5.01387e-18,4.07154e-16,1.87357e-14,5.47929e-13,1.09337e-11,1.56338e-10,1.66209e-09,1.35416e-08,8.6822e-08,4.48883e-07,1.91504e-06,6.89016e-06,2.13383e-05,5.79614e-05,0.000140462,0.000308315,0.000621167,0.00116198,0.0020383,0.00338144,0.00534379,0.00809461,0.011815,0.0166924,0.0229154,0.0306691,0.0401311,0.0514693,0.0648451,0.0804341,0.0985239,0.11986,0.146729,0.185911,0.255564,0.39887,0.706229,1.34298,2.57049,4.73956,8.2364,13.382,20.3212,28.967,39.0679,50.4696,63.6364
0,3.43984e-22,2.04845e-19,3.29402e-17,2.43554e-15,1.0239e-13,2.73981e-12,5.00498e-11,6.55276e-10,6.38121e-09,4.76683e-08,2.8074e-07,1.33712e-06,5.27516e-06,1.76323e-05,5.09897e-05,0.000130026,0.0002974,0.000619318,0.00118954,0.00213093,0.00359435,0.00575497,0.00880687,0.0129565,0.0184161,0.025397,0.034104,0.0447309,0.0574575,0.0724472,0.089852,0.109833,0.132662,0.159066,0.191323,0.236245,0.312168,0.462882,0.780499,1.43446,2.69458,4.92649,8.53794,13.8747,21.1002,30.1225,40.6274,52.269,65.1515
0,3.00252e-21,1.53382e-18,2.20458e-16,1.47187e-14,5.61393e-13,1.36598e-11,2.27147e-10,2.70904e-09,2.40544e-08,1.64114e-07,8.85119e-07,3.87493e-06,1.41175e-05,4.38109e-05,0.000118305,0.000283353,0.0006122,0.00121077,0.00221968,0.00381264,0.00619163,0.00957976,0.0142129,0.0203314,0.0281721,0.0379615,0.0499106,0.0642113,0.0810343,0.100528,0.122825,0.148064,0.176491,0.208807,0.247275,0.298725,0.381639,0.540329,0.868376,1.53875,2.82857,5.11632,8.82871,14.3338,21.8131,31.1763,42.0702,53.9902,66.6667
0,2.89902e-20,1.1913e-17,1.50735e-15,8.99705e-14,3.08855e-12,6.78621e-11,1.02087e-09,1.10297e-08,8.88731e-08,5.51631e-07,2.71646e-06,1.09094e-05,3.6665e-05,0.000105608,0.000266374,0.000599682,0.00122515,0.00230402,0.00403693,0.00665755,0.0104232,0.0156039,0.0224723,0.0312934,0.0423175,0.0557733,0.0718644,0.0907676,0.112632,0.13758,0.165714,0.197141,0.232075,0.271185,0.31671,0.375489,0.466125,0.633385,0.972139,1.65847,2.9759,5.31426,9.11703,14.7721,22.4778,32.1489,43.4156,55.6702,68.1818
0,3.28245e-19,9.68056e-17,1.05616e-14,5.56822e-13,1.70461e-11,3.35598e-10,4.53632e-09,4.41396e-08,3.21165e-07,1.80661e-06,8.10079e-06,2.97946e-05,9.23053e-05,0.000246778,0.000581758,0.00123228,0.00238358,0.00426827,0.00715776,0.0113498,0.0171547,0.0248818,0.0348276,0.0472673,0.0624479,0.0805839,0.101855,0.126409,0.15436,0.185792,0.22077,0.25936,0.301738,0.348537,0.401966,0.468865,0.567938,0.744349,1.09412,1.79612,3.13962,5.52457,9.40952,15.2001,23.1095,33.0574,44.6703,57.3464,69.697
0,4.55688e-18,8.31797e-16,7.60692e-14,3.49119e-12,9.431e-11,1.64943e-09,1.98877e-08,1.73212e-07,1.13247e-06,5.75207e-06,2.34283e-05,7.8814e-05,0.000225004,0.000558578,0.00123187,0.00245823,0.0045084,0.00769911,0.0123765,0.0188979,0.027615,0.0388594,0.0529324,0.0700979,0.0905794,0.114558,0.142172,0.173525,0.208684,0.247687,0.290549,0.337294,0.388054,0.443422,0.505577,0.581352,0.689534,0.875642,1.23674,1.9542,3.32251,5.75089,9.71153,15.6262,23.721,33.9183,45.8374,58.9232,72.7273
0,7.57676e-17,7.64011e-15,5.64654e-13,2.21732e-11,5.22305e-10,8.03893e-09,8.57934e-08,6.64633e-07,3.88583e-06,1.77613e-05,6.55804e-05,0.00020162,0.000530484,0.00122385,0.00252815,0.00476004,0.008291,0.0135254,0.0208763,0.030744,0.0434986,0.0594683,0.0789319,0.102117,0.129201,0.160311,0.19553,0.2349,0.278434,0.326113,0.377904,0.433778,0.493826,0.558602,0.630249,0.715595,0.833495,1.02978,1.40244,2.13516,3.52723,5.99636,10.0274,16.057,24.3228,34.7477,46.9371,60.2997,74.2424
0,1.39253e-15,7.55178e-14,4.32489e-12,1.42483e-10,2.8886e-09,3.8734e-08,3.62964e-07,2.48546e-06,1.29354e-05,5.30506e-05,0.00017731,0.000498044,0.00120843,0.002594,0.00502718,0.00894648,0.0148266,0.023147,0.0343638,0.0488889,0.0670767,0.0892182,0.115539,0.146203,0.181319,0.220941,0.265082,0.313718,0.366796,0.424239,0.485962,0.551888,0.622065,0.697008,0.778833,0.874357,1.00249,1.20934,1.59375,2.34149,3.7563,6.26383,10.3608,16.4979,24.9233,35.5588,47.9952,61.6219,75.7576
0,2.6177e-14,8.00445e-13,3.41308e-11,9.23774e-10,1.58963e-08,1.8378e-07,1.49995e-06,9.02443e-06,4.16376e-05,0.000152864,0.000462089,0.00118624,0.00265724,0.00531591,0.00968362,0.0163214,0.0257874,0.0386019,0.0552214,0.0760242,0.101306,0.131284,0.166096,0.20582,0.250474,0.30003,0.354418,0.413544,0.477288,0.545518,0.618096,0.694902,0.775945,0.861708,0.954283,1.06048,1.19925,1.41695,1.81318,2.57564,4.01218,6.55589,10.7148,16.9531,25.5291,36.3621,49.0237,62.8946,77.2727
0,4.78964e-13,8.94743e-12,2.76017e-10,6.01354e-09,8.66157e-08,8.54419e-07,6.02643e-06,3.16813e-05,0.000129146,0.000423762,0.00115844,0.00272051,0.00563548,0.0105284,0.0180671,0.0289045,0.0436328,0.0627544,0.0866668,0.115661,0.149927,0.189571,0.234618,0.285038,0.340749,0.401632,0.467536,0.538293,0.613725,0.693647,0.777875,0.866255,0.958763,1.05586,1.15961,1.27683,1.42651,1.65522,2.06323,2.84001,4.29722,6.87497,11.0921,17.426,26.1455,37.1667,50.0348,64.1184,78.7879
0,8.29659e-12,1.02717e-10,2.2645e-09,3.90227e-08,4.64283e-07,3.86923e-06,2.34154e-05,0.000107052,0.000384578,0.00112708,0.00278833,0.00600012,0.0115189,0.020146,0.0326484,0.0496994,0.0718435,0.0994878,0.132902,0.172234,0.217529,0.268751,0.325798,0.38852,0.456735,0.530235,0.608792,0.692175,0.780156,0.872506,0.96901,1.06948,1.17388,1.28265,1.39785,1.52628,1.68699,1.92672,2.34636,3.13696,4.61372,7.22334,11.495,17.9193,26.7762,37.9801,51.0422,65.2889,80.303
0,1.33869e-10,1.17596e-09,1.85819e-08,2.50009e-07,2.42886e-06,1.69499e-05,8.74689e-05,0.000346507,0.00109547,0.0028684,0.00643209,0.0127122,0.0226788,0.0372362,0.057146,0.0829884,0.115157,0.153878,0.199228,0.25117,0.309576,0.374255,0.444974,0.52147,0.603469,0.690685,0.782829,0.87962,0.980793,1.08609,1.19528,1.30816,1.42467,1.54526,1.67198,1.81164,1.98333,2.23395,2.66491,3.46872,4.96383,7.60314,11.9257,18.4352,27.4238,38.8077,52.0638,66.3969,81.8182
0,1.99024e-09,1.30691e-08,1.49945e-07,1.56313e-06,1.22866e-05,7.12783e-05,0.000312163,0.0010691,0.002974,0.00696761,0.014197,0.0258483,0.0429905,0.0664759,0.096902,0.134619,0.179764,0.232311,0.292102,0.358889,0.432371,0.512209,0.598052,0.689544,0.786338,0.888094,0.994478,1.10518,1.21992,1.33842,1.46045,1.58581,1.71443,1.84677,1.98489,2.13561,2.31805,2.57926,3.02111,3.83742,5.3496,8.01636,12.3862,18.9756,28.09,39.6512,53.1146,67.5502,81.8182
0,2.70237e-08,1.37842e-07,1.16859e-06,9.41334e-06,5.94829e-05,0.000285351,0.00105739,0.0031287,0.00766801,0.0161167,0.0299408,0.0504052,0.0784439,0.114634,0.159228,0.212223,0.273423,0.342514,0.419097,0.502729,0.592952,0.689314,0.791374,0.898715,1.01095,1.12771,1.24864,1.37343,1.5018,1.63347,1.76822,1.90586,2.04635,2.19015,2.33933,2.50074,2.69352,2.96486,3.41703,4.245,5.77291,8.46484,12.8783,19.5422,28.776,40.5105,54.1914,68.8474,83.3333
0,3.32341e-07,1.35425e-06,8.63977e-06,5.38443e-05,0.000272577,0.00107807,0.00337687,0.00864261,0.0187152,0.0354258,0.0602641,0.0942172,0.137768,0.190984,0.253639,0.325302,0.405435,0.493458,0.588766,0.69077,0.798906,0.912656,1.03154,1.15511,1.28298,1.41478,1.55017,1.68885,1.83055,1.97502,2.12208,2.27155,2.42341,2.57813,2.73783,2.90935,3.1119,3.39275,3.85454,4.69323,6.23545,8.95027,13.4037,20.1367,29.4829,41.385,55.285,70.1671,84.8485
0,3.66961e-06,1.21962e-05,5.95608e-05,0.000288363,0.00116877,0.00380951,0.0101003,0.0224312,0.0431105,0.0738685,0.115667,0.168765,0.232909,0.307523,0.391861,0.485107,0.586444,0.695106,0.81037,0.931571,1.05811,1.18947,1.32517,1.46479,1.60797,1.75437,1.90369,2.05566,2.21004,2.36664,2.52529,2.68584,2.84832,3.01321,3.18266,3.36356,3.57512,3.86471,4.33526,5.18365,6.73871,9.47411,13.9639,20.7604,30.2118,42.2746,56.395,71.5143,86.3636
0,3.60226e-05,9.91975e-05,0.000376543,0.001425,0.00463451,0.0124782,0.0281127,0.054467,0.0934819,0.145917,0.211583,0.289691,0.379158,0.478821,0.587541,0.704259,0.828021,0.958008,1.09349,1.23381,1.37843,1.52685,1.67868,1.83355,1.99116,2.15123,2.3135,2.47776,2.64382,2.81152,2.98074,3.15138,3.32348,3.49758,3.67583,3.86516,4.08481,4.38222,4.8606,5.71757,7.28396,10.0376,14.5601,21.4149,30.9637,43.1785,57.5191,72.8961,87.8788
0,0.00031075,0.000717887,0.00214734,0.00640234,0.0167931,0.0375518,0.0723732,0.123267,0.190428,0.272817,0.368814,0.47666,0.594683,0.721404,0.855564,0.996081,1.14205,1.29274,1.44753,1.60586,1.7673,1.93145,2.098,2.26669,2.43729,2.6096,2.78341,2.95856,3.13493,3.31241,3.49092,3.67039,3.85092,4.03305,4.21898,4.41564,4.64232,4.94653,5.43166,6.29602,7.8722,10.6419,15.1936,22.1012,31.7397,44.0962,58.6522,74.3221,89.3939
0,0.0023227,0.00454855,0.0108596,0.0257574,0.0549391,0.102938,0.171383,0.259207,0.363888,0.482602,0.612776,0.752263,0.899325,1.0526,1.21101,1.37369,1.53995,1.70927,1.88119,2.05533,2.23139,2.40912,2.5883,2.76877,2.95039,3.13305,3.31658,3.50089,3.68591,3.87158,4.05785,4.24469,4.43224,4.62107,4.81338,5.01616,5.2487,5.55854,6.04929,6.9198,8.50421,11.2877,15.8652,22.8205,32.5411,45.028,59.785,75.8054,90.9091
0.0118155,0.0148256,0.024767,0.0478105,0.0913219,0.160329,0.254975,0.371582,0.505324,0.651862,0.807919,0.971122,1.13979,1.31268,1.48891,1.66784,1.84893,2.03181,2.21621,2.40188,2.58862,2.77626,2.96467,3.15376,3.34344,3.53367,3.72438,3.91549,4.10692,4.29867,4.49069,4.683,4.87558,5.0686,5.26265,5.45995,5.6675,5.90461,6.21888,6.71402,7.58938,9.18047,11.9756,16.5756,23.5736,33.3692,45.9756,60.9102,77.2496,93.9394
0.0663449,0.0787204,0.113312,0.179466,0.280559,0.412484,0.566709,0.735161,0.91238,1.09502,1.2812,1.4698,1.66012,1.85168,2.04419,2.23744,2.43127,2.62554,2.82021,3.01521,3.21048,3.40595,3.60158,3.79736,3.99328,4.18934,4.38553,4.58179,4.77808,4.97443,5.17083,5.3673,5.56386,5.76067,5.95837,6.15916,6.37007,6.61042,6.92781,7.42609,8.305,9.90123,12.7059,17.3252,24.3613,34.2251,46.9414,62.0347,78.5757,95.4545
0.303942,0.337474,0.423512,0.560786,0.733925,0.925677,1.12458,1.3254,1.52653,1.72739,1.92796,2.12824,2.32831,2.52816,2.72784,2.9274,3.12685,3.32616,3.52541,3.72462,3.92377,4.12284,4.32184,4.52078,4.71967,4.91856,5.11745,5.31628,5.51504,5.71375,5.91242,6.11109,6.30978,6.50867,6.70837,6.91111,7.12393,7.36612,7.68532,8.18545,9.0666,10.6665,13.4786,18.1143,25.1839,35.1094,47.9271,63.1689,79.9008,96.9697
1.06833,1.12171,1.24835,1.42046,1.60844,1.79891,1.98949,2.18058,2.37279,2.566,2.76017,2.95512,3.15077,3.34694,3.54354,3.74053,3.93784,4.13534,4.33312,4.5311,4.72924,4.92749,5.12584,5.32427,5.52278,5.7214,5.92014,6.1189,6.31767,6.51647,6.71528,6.91416,7.11311,7.31231,7.51237,7.7155,7.92874,8.17138,8.49107,8.99177,9.87385,11.4759,14.2936,18.9429,26.0416,36.0226,48.9335,64.314,81.2268,98.4848
2.72229,2.74207,2.78653,2.84688,2.92602,3.028,3.15115,3.29078,3.44295,3.60427,3.77253,3.94612,4.12392,4.30498,4.48867,4.67455,4.86221,5.05129,5.24166,5.43313,5.62548,5.8186,6.01236,6.20669,6.40152,6.59685,6.79262,6.98873,7.18509,7.38172,7.57858,7.7757,7.97307,8.17086,8.36965,8.57163,8.78384,9.02556,9.34441,9.84442,10.7262,12.329,15.1505,19.8107,26.9345,36.965,49.9612,65.4711,82.5554,100
4.73225,4.68449,4.58682,4.50328,4.46618,4.47561,4.52249,4.59828,4.69694,4.81326,4.94346,5.08466,5.23471,5.39181,5.55467,5.72234,5.89397,6.06886,6.24662,6.42684,6.60911,6.79315,6.9787,7.16559,7.35367,7.54286,7.73304,7.92403,8.1157,8.30803,8.50093,8.69441,8.88844,9.08315,9.2791,9.47845,9.68823,9.92768,10.2444,10.7425,11.6227,13.225,16.0486,20.7172,27.8624,37.9367,51.0107,66.6409,83.8877,101.515
5.86841,5.89588,5.9488,5.98111,5.98625,5.98491,5.99552,6.02602,6.07834,6.15068,6.24057,6.34545,6.46304,6.59119,6.7282,6.8728,7.02378,7.18011,7.34117,7.50631,7.67491,7.84654,8.02078,8.19733,8.37595,8.55648,8.73869,8.92234,9.10723,9.29329,9.48039,9.6685,9.85754,10.0476,10.2393,10.4346,10.6406,10.8765,11.19,11.685,12.5625,14.1629,16.9871,21.6619,28.8249,38.9378,52.082,67.8238,85.2245,103.03
7.53622,7.52619,7.50889,7.50117,7.50077,7.50059,7.50208,7.51122,7.53407,7.57295,7.62838,7.69958,7.78517,7.88346,7.99289,8.11215,8.23991,8.375,8.51662,8.66399,8.81629,8.97295,9.13342,9.2973,9.46422,9.63394,9.80617,9.98057,10.1568,10.3349,10.5146,10.6957,10.8783,11.0623,11.2483,11.4383,11.6394,11.8706,12.1796,12.6705,13.5442,15.1416,17.965,22.6439,29.8215,39.9679,53.1754,69.0203,86.5664,104.545
9.00831,9.01064,9.01488,9.01607,9.01599,9.01598,9.01617,9.01809,9.02637,9.04453,9.07511,9.11933,9.17726,9.2482,9.33121,9.4253,9.52936,9.64223,9.76314,9.89123,10.0256,10.1656,10.3106,10.4601,10.6136,10.7709,10.9315,11.0951,11.2612,11.4299,11.6007,11.7735,11.9483,12.1251,12.3042,12.4878,12.6827,12.9082,13.2117,13.6974,14.5664,16.1598,18.9811,23.6623,30.8515,41.0267,54.2908,70.2306,87.9138,106.061
10.5329,10.5322,10.5315,10.5312,10.5311,10.5312,10.5314,10.5314,10.5339,10.5414,10.5565,10.5817,10.6182,10.6664,10.7262,10.7973,10.8789,10.9701,11.0704,11.1788,11.2947,11.4172,11.5458,11.6798,11.8188,11.9625,12.1103,12.2619,12.4167,12.5747,12.7356,12.899,13.065,13.2334,13.4046,13.5807,13.7686,13.9874,14.2846,14.7642,15.6275,17.216,20.034,24.7159,31.914,42.1137,55.428,71.4546,89.2669,107.576
12.0464,12.0463,12.0466,12.0463,12.0463,12.0464,12.0466,12.0464,12.0469,12.0496,12.0563,12.0695,12.0909,12.1219,12.1629,12.2143,12.2759,12.3472,12.428,12.5175,12.6152,12.7202,12.8321,12.9503,13.0742,13.2035,13.3379,13.4766,13.6194,13.7659,13.9159,14.0691,14.2253,14.3845,14.5471,14.7149,14.8949,15.1062,15.3962,15.869,16.7258,18.3086,21.1223,25.8034,33.0081,43.2284,56.5868,72.6923,90.6258,109.091
13.5618,13.5616,13.5615,13.5615,13.5614,13.5615,13.5618,13.5615,13.5616,13.5625,13.5651,13.5715,13.5832,13.6019,13.6287,13.6643,13.7092,13.7632,13.8264,13.8985,13.9789,14.0672,14.1628,14.2652,14.374,14.4889,14.6094,14.735,14.8651,14.9997,15.1382,15.2805,15.4264,15.5758,15.7289,15.8878,16.0593,16.2624,16.5446,17.0099,17.8596,19.4358,22.2444,26.9235,34.1328,44.3701,57.7668,73.9435,91.9904,110.606
15.0769,15.0766,15.0767,15.0767,15.0766,15.0767,15.077,15.0767,15.0768,15.077,15.0778,15.0807,15.0867,15.0974,15.114,15.1378,15.1693,15.2088,15.2569,15.3136,15.3783,15.451,15.5312,15.6186,15.7127,15.8133,15.92,16.0324,16.1498,16.2721,16.3989,16.53,16.6651,16.8042,16.9475,17.0969,17.2594,17.4538,17.7276,18.1848,19.0268,20.5959,23.3987,28.0747,35.2868,45.5379,58.9676,75.2078,93.3605,112.121
16.5921,16.5919,16.592,16.5918,16.5917,16.5919,16.5921,16.5919,16.5919,16.592,16.5922,16.5933,16.5963,16.6021,16.6119,16.6271,16.6484,16.6764,16.7121,16.7555,16.8065,16.8652,16.9313,17.0046,17.0848,17.1717,17.2651,17.3645,17.4693,17.5793,17.6943,17.8141,17.9382,18.0668,18.1999,18.3397,18.4927,18.6781,18.9431,19.3918,20.2256,21.7871,24.5834,29.2555,36.4689,46.7311,60.1887,76.4851,94.7356,113.636
18.1072,18.1072,18.1071,18.1068,18.1069,18.107,18.1073,18.107,18.1071,18.1071,18.1071,18.1075,18.1089,18.1119,18.1174,18.1267,18.1407,18.1599,18.1856,18.218,18.2575,18.3039,18.3575,18.418,18.4853,18.5594,18.6402,18.727,18.8196,18.9177,19.0211,19.1295,19.2427,19.3607,19.4836,19.6134,19.7569,19.9329,20.1888,20.6287,21.454,23.0075,25.7967,30.4642,37.6777,47.9487,61.4298,77.7749,96.1152,115.152
19.6222,19.6225,19.6224,19.6218,19.622,19.6222,19.6224,19.6221,19.6222,19.6223,19.6222,19.6223,19.623,19.6245,19.6274,19.6329,19.6417,19.6545,19.6725,19.6962,19.726,19.7621,19.8047,19.8539,19.9096,19.972,20.0409,20.1161,20.197,20.2837,20.3757,20.4732,20.5756,20.683,20.7957,20.9156,21.0494,21.216,21.4627,21.8936,22.71,24.2552,27.037,31.6992,38.9119,49.1897,62.6904,79.077,97.4986,116.667
21.1365,21.1374,21.1372,21.137,21.137,21.1372,21.1375,21.1372,21.1374,21.1374,21.1373,21.1373,21.1377,21.1384,21.1398,21.143,21.1484,21.1566,21.1688,21.1858,21.2079,21.2354,21.2687,21.3081,21.3535,21.4054,21.4636,21.5279,21.5979,21.6737,21.7551,21.8418,21.9338,22.031,22.1337,22.2438,22.3679,22.5251,22.7625,23.1842,23.9917,25.5283,28.3024,32.9589,40.1698,50.4531,63.9701,80.391,98.8847,118.182
22.6463,22.6527,22.6525,22.6521,22.6522,22.6524,22.6527,22.6523,22.6526,22.6525,22.6525,22.6524,22.6527,22.653,22.6537,22.6554,22.6586,22.6636,22.6718,22.6837,22.6997,22.7203,22.7459,22.7769,22.8135,22.856,22.9046,22.959,23.019,23.0847,23.156,23.2327,23.3147,23.402,23.4949,23.5954,23.7101,23.8579,24.0861,24.4986,25.2971,26.8249,29.5912,34.2416,41.4502,51.7377,65.2684,81.717,100.272,119.697
24.1339,24.1683,24.1676,24.1673,24.1674,24.1676,24.1679,24.1675,24.1678,24.1677,24.1676,24.1676,24.1678,24.1679,24.1682,24.1691,24.171,24.1739,24.1792,24.1873,24.1987,24.2139,24.2333,24.2573,24.2863,24.3208,24.3608,24.4065,24.4574,24.5138,24.5757,24.643,24.7155,24.7934,24.877,24.9683,25.0738,25.2125,25.4315,25.8349,26.6243,28.1434,30.9016,35.5456,42.7514,53.0424,66.585,83.0552,101.66,121.212
25.534,25.6845,25.6831,25.6824,25.6825,25.6827,25.6832,25.6827,25.683,25.6829,25.6827,25.6827,25.6829,25.683,25.6831,25.6836,25.6846,25.6862,25.6895,25.695,25.703,25.7139,25.7284,25.7467,25.7694,25.7969,25.8296,25.8675,25.9103,25.9583,26.0116,26.0702,26.1339,26.2029,26.2777,26.3601,26.4568,26.5865,26.7966,27.1911,27.9715,29.4818,32.2318,36.8693,44.0718,54.3658,67.9192,84.4061,103.045,122.727
26.6734,27.201,27.1978,27.1976,27.1977,27.1979,27.1984,27.1978,27.1981,27.198,27.1979,27.1978,27.1981,27.1981,27.1981,27.1984,27.1989,27.1997,27.2017,27.2054,27.2109,27.2186,27.2292,27.243,27.2605,27.2822,27.3087,27.3397,27.3754,27.4159,27.4614,27.512,27.5676,27.6284,27.6948,27.7688,27.8571,27.9783,28.1797,28.5654,29.337,30.8385,33.5804,38.2111,45.4101,55.7066,69.2706,85.7711,104.426,124.242
27.2826,28.7158,28.7131,28.7128,28.7128,28.7129,28.7136,28.7131,28.7134,28.7132,28.713,28.713,28.7133,28.7133,28.7132,28.7134,28.7137,28.714,28.7151,28.7175,28.7213,28.7267,28.7343,28.7445,28.7578,28.7748,28.7959,28.8212,28.8506,28.8845,28.923,28.9663,29.0145,29.0677,29.1264,29.1925,29.2728,29.3859,29.579,29.9561,30.719,32.2119,34.9457,39.5695,46.7647,57.0632,70.6383,87.1522,105.798,125.758
27.3219,30.2235,30.2284,30.228,30.228,30.2281,30.2287,30.2281,30.2285,30.2283,30.2282,30.2281,30.2284,30.2284,30.2284,30.2285,30.2286,30.2286,30.2293,30.2308,30.2334,30.2371,30.2425,30.2499,30.2598,30.2729,30.2896,30.31,30.334,30.3621,30.3945,30.4314,30.4728,30.5191,30.5706,30.6294,30.7022,30.8076,30.9927,31.3616,32.116,33.6004,36.3261,40.9431,48.1341,58.4343,72.0209,88.5528,107.159,127.273
27.3219,31.7246,31.7435,31.7434,31.7428,31.7433,31.744,31.7433,31.7436,31.7435,31.7434,31.7433,31.7436,31.7436,31.7435,31.7436,31.7437,31.7435,31.7439,31.7449,31.7466,31.7491,31.7529,31.7582,31.7655,31.7754,31.7885,31.8048,31.8243,31.8474,31.8743,31.9055,31.9409,31.9808,32.0259,32.0779,32.1437,32.2419,32.4194,32.7803,33.5265,35.0026,37.7203,42.3304,49.5171,59.8185,73.4165,89.9723,108.593,127.273
35.8129,33.2594,33.2585,33.2585,33.258,33.2583,33.2591,33.2584,33.2588,33.2586,33.2585,33.2586,33.2588,33.2588,33.2587,33.2588,33.2588,33.2585,33.2587,33.2594,33.2605,33.2622,33.2648,33.2685,33.2738,33.2813,33.2914,33.3043,33.3199,33.3388,33.361,33.3872,33.4172,33.4515,33.4906,33.5365,33.5959,33.6873,33.8576,34.2109,34.949,36.417,39.1269,43.7302,50.9123,61.2142,74.8234,91.4049,110.07,130.303
35.8129,34.7784,34.7738,34.7737,34.7732,34.7734,34.7743,34.7736,34.774,34.7738,34.7737,34.7737,34.7739,34.774,34.7738,34.7739,34.7739,34.7736,34.7736,34.7742,34.7749,34.776,34.7778,34.7804,34.784,34.7896,34.7974,34.8075,34.82,34.8352,34.8534,34.8752,34.9006,34.9298,34.9636,35.0038,35.0573,35.1424,35.306,35.6519,36.3823,37.8424,40.5446,45.1412,52.3186,62.6204,76.24,92.8488,111.529,130.303
35.0146,36.291,36.2889,36.2887,36.2883,36.2886,36.2894,36.2888,36.2892,36.2889,36.2888,36.2888,36.2891,36.2891,36.289,36.2891,36.2891,36.2887,36.2887,36.2891,36.2896,36.2903,36.2915,36.2932,36.2958,36.2998,36.3058,36.3137,36.3235,36.3357,36.3505,36.3685,36.3897,36.4145,36.4435,36.4787,36.5267,36.606,36.7633,37.1023,37.8252,39.2775,41.9722,46.5621,53.7348,64.0359,77.6648,94.3036,113.029,133.333
35.0146,37.7952,37.8042,37.8036,37.8035,37.8039,37.8047,37.8039,37.8044,37.804,37.8039,37.8039,37.8043,37.8043,37.8042,37.8042,37.8043,37.8038,37.8038,37.8041,37.8046,37.805,37.8057,37.8069,37.8085,37.8114,37.8159,37.8221,37.8297,37.8394,37.8513,37.8661,37.8837,37.9046,37.9294,37.9601,38.0032,38.0771,38.2284,38.5608,39.2765,40.7212,43.4086,47.9921,55.1599,65.4597,79.0962,95.7675,114.513,133.333
35.0196,39.2967,39.319,39.3186,39.3187,39.3191,39.3198,39.319,39.3196,39.3192,39.3191,39.319,39.3194,39.3195,39.3194,39.3194,39.3194,39.319,39.3189,39.3192,39.3196,39.3198,39.3203,39.321,39.322,39.3241,39.3274,39.3322,39.338,39.3457,39.3552,39.3672,39.3818,39.3993,39.4203,39.4469,39.4856,39.5546,39.7004,40.0265,40.7352,42.1725,44.8527,49.4299,56.593,66.8909,80.5327,97.2342,116.127,134.848
44.2099,40.8455,40.8343,40.8339,40.834,40.8343,40.835,40.834,40.8348,40.8344,40.8342,40.8341,40.8345,40.8346,40.8345,40.8345,40.8346,40.8341,40.834,40.8343,40.8347,40.8348,40.8351,40.8355,40.836,40.8374,40.84,40.8436,40.848,40.854,40.8615,40.8712,40.8831,40.8977,40.9155,40.9385,40.9732,41.0377,41.1783,41.4985,42.2004,43.6305,46.3036,50.8747,58.0331,68.3289,81.9739,98.6945,117.702,137.879
40.2342,42.3508,42.3497,42.3489,42.3494,42.3495,42.3503,42.3492,42.35,42.3496,42.3494,42.3492,42.3497,42.3498,42.3497,42.3497,42.3498,42.3493,42.3492,42.3494,42.3498,42.3499,42.35,42.3502,42.3503,42.3513,42.3532,42.3559,42.3593,42.3639,42.3697,42.3775,42.3872,42.3992,42.4142,42.434,42.4651,42.5255,42.6614,42.9758,43.6712,45.0942,47.7604,52.3255,59.4795,69.7729,83.4198,100.152,119.188,139.394
44.8353,43.8606,43.8644,43.864,43.8643,43.8647,43.8655,43.8644,43.8651,43.8648,43.8644,43.8644,43.8648,43.8649,43.8648,43.8649,43.8649,43.8644,43.8643,43.8646,43.8649,43.865,43.865,43.865,43.8649,43.8655,43.8669,43.869,43.8715,43.875,43.8794,43.8856,43.8934,43.9033,43.9158,43.9328,43.9608,44.0175,44.1488,44.4579,45.1469,46.563,49.2223,53.7816,60.9314,71.2224,84.8703,101.612,120.674,140.909
45.0387,45.3825,45.3798,45.3793,45.3793,45.3798,45.3807,45.3796,45.3803,45.38,45.3795,45.3796,45.3799,45.38,45.3799,45.38,45.38,45.3796,45.3794,45.3797,45.38,45.3801,45.3801,45.3799,45.3797,45.38,45.381,45.3826,45.3845,45.387,45.3904,45.3952,45.4014,45.4094,45.4198,45.4344,45.4595,45.5129,45.6401,45.944,46.6269,48.036,50.6885,55.2421,62.3879,72.6767,86.3249,103.075,122.159,142.424
46.9918,46.8944,46.8952,46.8945,46.8943,46.8949,46.8959,46.8948,46.8954,46.8953,46.8947,46.8947,46.8951,46.8951,46.895,46.8952,46.8952,46.8947,46.8945,46.8948,46.8951,46.8952,46.8951,46.8949,46.8945,46.8947,46.8954,46.8966,46.8979,46.8997,46.9022,46.9059,46.9108,46.9173,46.9258,46.9383,46.9609,47.0112,47.1346,47.4336,48.1103,49.5126,52.1584,56.7064,63.8485,74.1353,87.7832,104.538,123.644,143.939
48.3874,48.4113,48.4103,48.4098,48.4096,48.41,48.411,48.41,48.4105,48.4105,48.4098,48.4098,48.4102,48.4103,48.4102,48.4104,48.4104,48.4099,48.4096,48.4099,48.4102,48.4103,48.4102,48.4099,48.4094,48.4095,48.41,48.4108,48.4117,48.413,48.4147,48.4175,48.4213,48.4264,48.4334,48.444,48.4645,48.512,48.6318,48.9261,49.5969,50.9923,53.6313,58.1738,65.3125,75.5975,89.2448,106.003,125.126,145.455
49.93,49.9252,49.9255,49.9248,49.925,49.9252,49.9262,49.9252,49.9257,49.9257,49.9249,49.925,49.9254,49.9254,49.9252,49.9255,49.9255,49.925,49.9248,49.925,49.9253,49.9254,49.9253,49.9249,49.9244,49.9243,49.9246,49.9252,49.9258,49.9266,49.9277,49.9298,49.9326,49.9366,49.9423,49.9514,49.9699,50.0149,50.1313,50.421,51.086,52.4745,55.1067,59.6437,66.7793,77.063,90.7095,107.469,126.608,146.97
51.4389,51.4403,51.4403,51.4396,51.44,51.4402,51.4414,51.4403,51.4408,51.441,51.4401,51.4402,51.4406,51.4405,51.4404,51.4406,51.4406,51.4402,51.4399,51.4402,51.4404,51.4405,51.4403,51.4399,51.4393,51.4391,51.4393,51.4397,51.44,51.4404,51.4411,51.4425,51.4446,51.4477,51.4522,51.4599,51.4767,51.5194,51.6327,51.9181,52.5772,53.9589,56.584,61.1156,68.2482,78.5313,92.177,108.936,128.086,148.485
52.951,52.9566,52.9558,52.955,52.9552,52.9553,52.9565,52.9554,52.9559,52.9562,52.9553,52.9554,52.9558,52.9557,52.9555,52.9558,52.9557,52.9553,52.955,52.9553,52.9555,52.9555,52.9554,52.9549,52.9542,52.9539,52.954,52.9543,52.9544,52.9545,52.9547,52.9557,52.9571,52.9594,52.963,52.9694,52.9847,53.0254,53.1357,53.4169,54.0702,55.4449,58.063,62.5889,69.7189,80.0019,93.6473,110.404,129.562,150
54.4464,54.4714,54.4708,54.47,54.47,54.4705,54.4717,54.4705,54.4711,54.4714,54.4705,54.4706,54.471,54.4709,54.4706,54.4709,54.4709,54.4704,54.4702,54.4704,54.4706,54.4706,54.4704,54.4699,54.4691,54.4688,54.4688,54.4689,54.4687,54.4686,54.4685,54.469,54.47,54.4715,54.4743,54.4798,54.4937,54.5325,54.6401,54.9171,55.5647,56.9322,59.543,64.0633,71.1909,81.4744,95.1201,111.873,131.033,151.515
55.8835,55.9875,55.9861,55.9852,55.9853,55.9856,55.9868,55.9855,55.9863,55.9865,55.9857,55.9858,55.9861,55.986,55.9858,55.986,55.986,55.9855,55.9853,55.9855,55.9856,55.9856,55.9854,55.9848,55.984,55.9835,55.9834,55.9835,55.9831,55.9828,55.9824,55.9826,55.983,55.9841,55.9861,55.9907,56.0034,56.0405,56.1454,56.4184,57.0603,58.4206,61.0239,65.5383,72.6635,82.9484,96.5956,113.343,132.5,153.03
57.1439,57.5048,57.5012,57.5007,57.5002,57.5008,57.502,57.5006,57.5015,57.5017,57.5009,57.501,57.5013,57.5012,57.501,57.5012,57.5012,57.5006,57.5004,57.5005,57.5007,57.5006,57.5003,57.4997,57.4988,57.4983,57.4981,57.498,57.4975,57.4969,57.4963,57.4962,57.4962,57.4968,57.4982,57.502,57.5137,57.5492,57.6517,57.9207,58.5568,59.9098,62.5053,67.0136,74.1365,84.4234,98.0735,114.816,133.959,154.545
58.008,59.0211,59.0163,59.0158,59.0154,59.0162,59.0172,59.0158,59.0167,59.0167,59.016,59.0162,59.0165,59.0164,59.0161,59.0163,59.0163,59.0157,59.0155,59.0156,59.0157,59.0155,59.0152,59.0145,59.0136,59.0129,59.0126,59.0124,59.0118,59.011,59.0102,59.0098,59.0095,59.0097,59.0106,59.0137,59.0245,59.0585,59.1586,59.4238,60.0541,61.3996,63.9869,68.4888,75.6094,85.899,99.5538,116.291,135.409,156.061
58.2915,60.5337,60.5314,60.5307,60.5303,60.5314,60.5322,60.531,60.5318,60.5318,60.5312,60.5313,60.5317,60.5316,60.5313,60.5315,60.5314,60.5307,60.5305,60.5306,60.5306,60.5304,60.53,60.5292,60.5282,60.5274,60.5271,60.5267,60.526,60.5251,60.5241,60.5234,60.5228,60.5226,60.5231,60.5256,60.5355,60.5683,60.666,60.9275,61.552,62.8897,65.4686,69.9637,77.0818,87.3747,101.036,117.772,136.849,157.576
58.1911,62.0382,62.047,62.0459,62.0456,62.0467,62.0473,62.0461,62.047,62.047,62.0464,62.0464,62.0469,62.0467,62.0465,62.0466,62.0466,62.0458,62.0455,62.0456,62.0456,62.0452,62.0447,62.0438,62.0428,62.0419,62.0414,62.041,62.04,62.039,62.0378,62.0369,62.0361,62.0356,62.0356,62.0376,62.0468,62.0783,62.1739,62.4315,63.0502,64.38,66.9501,71.4381,78.5535,88.85,102.52,119.26,138.275,159.091
58.1911,63.537,63.5621,63.5606,63.5609,63.5621,63.5624,63.5613,63.5621,63.562,63.5616,63.5615,63.562,63.5619,63.5615,63.5617,63.5617,63.5608,63.5604,63.5605,63.5604,63.56,63.5593,63.5584,63.5572,63.5562,63.5556,63.5551,63.554,63.5528,63.5514,63.5503,63.5493,63.5485,63.5482,63.5497,63.5582,63.5885,63.682,63.936,64.5487,65.8704,68.4314,72.9117,80.0241,90.3244,104.004,120.755,139.763,159.091
69.7945,65.0804,65.0766,65.0762,65.0761,65.077,65.0775,65.0765,65.0773,65.0772,65.0767,65.0766,65.0772,65.077,65.0766,65.0768,65.0768,65.0758,65.0753,65.0753,65.0752,65.0746,65.0739,65.0728,65.0715,65.0704,65.0697,65.069,65.0677,65.0664,65.0649,65.0636,65.0623,65.0612,65.0607,65.0618,65.0696,65.0989,65.1903,65.4406,66.0474,67.3608,69.9122,74.3844,81.4935,91.7978,105.489,122.253,141.278,162.121
69.7945,66.6025,66.5922,66.5917,66.5908,66.592,66.5928,66.5917,66.5923,66.5924,66.5919,66.5917,66.5924,66.5922,66.5917,66.5919,66.5918,66.5907,66.5901,66.5901,66.5899,66.5892,66.5882,66.5871,66.5856,66.5844,66.5836,66.5828,66.5814,66.5799,66.5781,66.5767,66.5752,66.5739,66.573,66.5738,66.581,66.6093,66.6988,66.9454,67.5462,68.851,71.3925,75.856,82.9613,93.2696,106.973,123.752,142.774,162.121
65.0724,68.1085,68.108,68.1068,68.1057,68.107,68.1077,68.107,68.1075,68.1076,68.1071,68.1068,68.1075,68.1074,68.1067,68.1069,68.1068,68.1055,68.1049,68.1047,68.1044,68.1036,68.1025,68.1012,68.0995,68.0982,68.0973,68.0964,68.0948,68.0931,68.0912,68.0896,68.0878,68.0864,68.0852,68.0857,68.0924,68.1196,68.2072,68.4503,69.045,70.3411,72.8723,77.3265,84.4275,94.7396,108.456,125.254,144.297,165.152
65.0724,69.6101,69.6229,69.622,69.621,69.6222,69.6228,69.6222,69.6227,69.6228,69.6224,69.6219,69.6226,69.6225,69.6218,69.6218,69.6217,69.6203,69.6195,69.6192,69.6188,69.6179,69.6166,69.6151,69.6133,69.6119,69.6108,69.6097,69.608,69.6062,69.6041,69.6022,69.6003,69.5986,69.5973,69.5974,69.6037,69.63,69.7157,69.9552,70.5437,71.8309,74.3514,78.7958,85.8919,96.2076,109.938,126.756,145.803,165.152
72.51,71.136,71.1378,71.1369,71.1362,71.1373,71.1379,71.1372,71.1379,71.138,71.1375,71.137,71.1378,71.1376,71.1368,71.1367,71.1365,71.1349,71.1339,71.1336,71.133,71.132,71.1305,71.1288,71.1268,71.1253,71.1241,71.1229,71.1209,71.1189,71.1167,71.1147,71.1126,71.1107,71.1091,71.1089,71.1147,71.1402,71.2241,71.46,72.0424,73.3204,75.8298,80.2638,87.3543,97.6733,111.418,128.26,147.335,168.182
72.51,72.6513,72.6532,72.6519,72.6515,72.6526,72.6532,72.6523,72.653,72.6532,72.6527,72.6521,72.6529,72.6526,72.6517,72.6515,72.6511,72.6494,72.6482,72.6478,72.6471,72.6459,72.6441,72.6423,72.6401,72.6384,72.6371,72.6357,72.6337,72.6314,72.6291,72.6268,72.6245,72.6225,72.6207,72.6203,72.6257,72.6502,72.7324,72.9648,73.541,74.8096,77.3075,81.7306,88.8148,99.1365,112.895,129.763,148.852,168.182
73.6826,74.1676,74.1685,74.1668,74.1672,74.1676,74.1684,74.1675,74.1683,74.1683,74.1678,74.1672,74.1678,74.1675,74.1665,74.1662,74.1657,74.1638,74.1624,74.1617,74.1609,74.1595,74.1576,74.1555,74.1532,74.1513,74.1498,74.1484,74.1461,74.1437,74.1411,74.1387,74.1363,74.134,74.132,74.1314,74.1363,74.1601,74.2405,74.4694,75.0394,76.2986,78.7845,83.196,90.2734,100.597,114.37,131.266,150.396,171.212
73.6826,75.6763,75.6832,75.6823,75.6822,75.6827,75.6836,75.6826,75.6835,75.6833,75.6828,75.6823,75.6827,75.6824,75.6811,75.6806,75.68,75.678,75.6763,75.6755,75.6744,75.6729,75.6707,75.6685,75.6659,75.6639,75.6623,75.6607,75.6583,75.6556,75.6528,75.6503,75.6477,75.6452,75.6431,75.6422,75.6468,75.6698,75.7485,75.9739,76.5376,77.7871,80.2607,84.6601,91.7299,102.055,115.842,132.767,151.927,171.212
77.3406,77.1953,77.1988,77.1976,77.1973,77.1978,77.199,77.1977,77.1987,77.1984,77.1977,77.1972,77.1976,77.1971,77.1956,77.1949,77.1941,77.1919,77.1899,77.1889,77.1876,77.1859,77.1836,77.1811,77.1784,77.1761,77.1744,77.1727,77.1701,77.1672,77.1642,77.1615,77.1588,77.1562,77.1539,77.1527,77.157,77.1793,77.2563,77.4783,78.0357,79.2753,81.7362,86.1229,93.1843,103.51,117.31,134.266,153.488,174.242
77.3406,78.7074,78.7138,78.7128,78.7126,78.7129,78.7142,78.7127,78.7139,78.7135,78.7127,78.7121,78.7123,78.7117,78.7099,78.7089,78.7079,78.7055,78.7033,78.702,78.7005,78.6986,78.6961,78.6934,78.6904,78.688,78.6862,78.6844,78.6816,78.6785,78.6753,78.6725,78.6695,78.6668,78.6643,78.663,78.6669,78.6884,78.7639,78.9824,79.5335,80.7632,83.2111,87.5844,94.6368,104.963,118.775,135.759,155.039,174.242
81.8293,80.2347,80.2292,80.228,80.2279,80.2279,80.2294,80.2279,80.2288,80.2285,80.2275,80.2267,80.2268,80.2259,80.224,80.2226,80.2214,80.2188,80.2164,80.2148,80.2131,80.2109,80.2083,80.2054,80.2022,80.1996,80.1976,80.1957,80.1927,80.1894,80.1861,80.1831,80.1799,80.1771,80.1745,80.1729,80.1765,80.1974,80.2712,80.4864,81.0312,82.2507,84.6853,89.0448,96.0874,106.413,120.236,137.246,156.622,177.273
80.3719,81.7434,81.744,81.7432,81.7427,81.7433,81.7447,81.7429,81.7437,81.7435,81.7423,81.7411,81.7411,81.7399,81.7377,81.736,81.7346,81.7317,81.729,81.7272,81.7253,81.7229,81.72,81.7169,81.7135,81.7108,81.7087,81.7067,81.7035,81.6999,81.6964,81.6933,81.69,81.687,81.6843,81.6825,81.6858,81.706,81.7783,81.9901,82.5286,83.738,86.1589,90.5039,97.536,107.86,121.694,138.726,158.129,178.788
84.0991,83.2567,83.2591,83.2582,83.2576,83.2585,83.2601,83.2581,83.2584,83.2582,83.2567,83.2552,83.255,83.2535,83.2511,83.249,83.2473,83.2442,83.2412,83.2392,83.237,83.2344,83.2313,83.228,83.2244,83.2215,83.2193,83.2172,83.2139,83.2101,83.2064,83.2031,83.1997,83.1966,83.1937,83.1918,83.1948,83.2143,83.2851,83.4937,84.0258,85.2249,87.6318,91.9619,98.9828,109.305,123.149,140.203,159.632,180.303
84.3848,84.7762,84.7742,84.7728,84.7728,84.7735,84.7753,84.7731,84.7731,84.7726,84.7709,84.769,84.7685,84.7667,84.7642,84.7616,84.7595,84.7562,84.753,84.7507,84.7483,84.7455,84.7422,84.7387,84.7348,84.7319,84.7296,84.7274,84.7239,84.7199,84.716,84.7126,84.7091,84.7058,84.7028,84.7007,84.7034,84.7224,84.7917,84.997,85.5228,86.7115,89.1043,93.4188,100.428,110.747,124.602,141.677,161.134,181.818
86.4331,86.2878,86.2894,86.2876,86.2878,86.2885,86.2901,86.2878,86.2875,86.2867,86.2846,86.2823,86.2816,86.2795,86.2767,86.2737,86.2712,86.2677,86.2643,86.2617,86.2592,86.256,86.2526,86.2489,86.2448,86.2417,86.2394,86.2372,86.2336,86.2293,86.2253,86.2217,86.218,86.2146,86.2115,86.2093,86.2118,86.2301,86.298,86.5,87.0196,88.1978,90.5762,94.8748,101.871,112.187,126.051,143.148,162.633,183.333
87.7602,87.8056,87.8048,87.8031,87.8032,87.8033,87.8047,87.8024,87.8015,87.8003,87.7978,87.7951,87.7941,87.7917,87.7886,87.7852,87.7824,87.7786,87.775,87.7721,87.7694,87.7661,87.7626,87.7586,87.7544,87.7511,87.7487,87.7465,87.7428,87.7382,87.7341,87.7303,87.7266,87.7231,87.7199,87.7175,87.7197,87.7375,87.8039,88.0028,88.5161,89.6839,92.0476,96.3298,103.313,113.624,127.497,144.616,164.129,184.848
89.3311,89.3198,89.3198,89.3182,89.3179,89.3182,89.3187,89.3163,89.315,89.3133,89.3103,89.3072,89.3059,89.3033,89.3,89.2962,89.293,89.2889,89.2852,89.2821,89.2792,89.2757,89.272,89.2679,89.2634,89.2601,89.2576,89.2554,89.2517,89.2467,89.2425,89.2386,89.2347,89.2312,89.2279,89.2254,89.2274,89.2446,89.3096,89.5054,90.0125,91.1698,93.5186,97.784,104.753,115.059,128.94,146.081,165.623,186.364
90.8321,90.8357,90.8356,90.8334,90.8324,90.8325,90.8324,90.8297,90.8277,90.8255,90.8222,90.8186,90.817,90.8143,90.8107,90.8065,90.803,90.7986,90.7947,90.7914,90.7883,90.7846,90.7809,90.7766,90.772,90.7685,90.766,90.7639,90.7601,90.7548,90.7504,90.7464,90.7425,90.7389,90.7355,90.7329,90.7346,90.7513,90.815,91.0077,91.5086,92.6554,94.9893,99.2373,106.192,116.492,130.381,147.543,167.115,187.879
92.3504,92.3514,92.3496,92.3486,92.3466,92.3459,92.3454,92.3423,92.3394,92.3369,92.3331,92.3293,92.3273,92.3245,92.3208,92.3161,92.3123,92.3077,92.3036,92.3001,92.2969,92.2931,92.2892,92.2848,92.28,92.2765,92.274,92.272,92.2681,92.2624,92.258,92.2539,92.2499,92.2462,92.2427,92.24,92.2416,92.2578,92.3201,92.5097,93.0046,94.1408,96.4595,100.69,107.629,117.923,131.819,149.003,168.605,189.394
93.8649,93.8662,93.8647,93.8625,93.8597,93.8583,93.8573,93.854,93.8501,93.8474,93.8432,93.839,93.8368,93.8338,93.8303,93.8249,93.8209,93.816,93.8118,93.8082,93.8049,93.8009,93.797,93.7925,93.7876,93.784,93.7814,93.7795,93.7758,93.7696,93.7651,93.7609,93.7569,93.7531,93.7496,93.7467,93.7481,93.7638,93.8249,94.0115,94.5003,95.6261,97.9295,102.142,109.065,119.352,133.254,150.459,170.093,190.909
95.3802,95.3797,95.3781,95.3745,95.3715,95.3697,95.3677,95.3644,95.3596,95.3567,95.3522,95.3478,95.3455,95.3424,95.339,95.333,95.3288,95.3238,95.3194,95.3158,95.3123,95.3082,95.3042,95.2997,95.2947,95.291,95.2883,95.2867,95.2831,95.2764,95.2717,95.2676,95.2634,95.2596,95.2561,95.2532,95.2543,95.2696,95.3295,95.5131,95.9959,97.1111,99.3992,103.593,110.5,120.779,134.687,151.913,171.578,192.424
96.8953,96.891,96.8889,96.8846,96.8817,96.879,96.8768,96.8738,96.8679,96.8649,96.8602,96.8557,96.8533,96.8501,96.8471,96.8404,96.836,96.8308,96.8264,96.8227,96.8192,96.8149,96.8109,96.8063,96.8012,96.7975,96.7948,96.7933,96.7901,96.7828,96.778,96.7738,96.7697,96.7658,96.7622,96.7592,96.7602,96.775,96.8336,97.0144,97.4913,98.596,100.869,105.044,111.934,122.204,136.117,153.363,173.061,193.939
98.4104,98.3993,98.3985,98.3918,98.3899,98.3869,98.3845,98.3818,98.3753,98.3721,98.3673,98.3627,98.3602,98.357,98.3545,98.3471,98.3426,98.3373,98.3327,98.329,98.3254,98.3212,98.317,98.3125,98.3073,98.3035,98.3009,98.2995,98.2967,98.2887,98.2838,98.2796,98.2754,98.2716,98.268,98.2649,98.2658,98.2801,98.3375,98.5155,98.9865,100.081,102.338,106.495,113.367,123.627,137.544,154.811,174.541,195.455
99.9256,99.9046,99.9041,99.8972,99.8961,99.8929,99.8909,99.889,99.8813,99.8784,99.8735,99.8688,99.8663,99.8631,99.8612,99.853,99.8484,99.8432,99.8385,99.8347,99.8311,99.8268,99.8226,99.8181,99.8129,99.809,99.8064,99.8052,99.8031,99.7941,99.7893,99.785,99.7808,99.777,99.7734,99.7703,99.771,99.7849,99.8412,100.016,100.481,101.565,103.807,107.945,114.799,125.049,138.97,156.256,176.019,196.97
101.441,101.409,101.41,101.402,101.402,101.398,101.396,101.395,101.386,101.384,101.379,101.374,101.372,101.369,101.367,101.358,101.354,101.348,101.344,101.34,101.336,101.332,101.328,101.323,101.318,101.314,101.312,101.31,101.309,101.299,101.294,101.29,101.286,101.282,101.278,101.275,101.276,101.289,101.345,101.517,101.976,103.05,105.276,109.395,116.231,126.47,140.393,157.699,177.495,198.485
102.956,102.921,102.923,102.914,102.914,102.91,102.908,102.908,102.898,102.896,102.891,102.886,102.884,102.88,102.88,102.87,102.866,102.86,102.856,102.852,102.848,102.844,102.84,102.835,102.83,102.826,102.823,102.822,102.822,102.811,102.806,102.802,102.798,102.794,102.79,102.787,102.788,102.801,102.856,103.027,103.485,104.555,106.776,110.888,117.718,127.953,141.878,159.19,178.997,200
