SPACE_POINTS
0,0.0317333,0.0634665,0.0951998,0.126933,0.158666,0.1904,0.222133,0.253866,0.285599,0.317333,0.349066,0.380799,0.412532,0.444266,0.475999,0.507732,0.539465,0.571199,0.602932,0.634665,0.666398,0.698132,0.729865,0.761598,0.793332,0.825065,0.856798,0.888531,0.920265,0.951998,0.983731,1.01546,1.0472,1.07893,1.11066,1.1424,1.17413,1.20586,1.2376,1.26933,1.30106,1.3328,1.36453,1.39626,1.428,1.45973,1.49146,1.5232,1.55493,1.58666,1.6184,1.65013,1.68186,1.7136,1.74533,1.77706,1.8088,1.84053,1.87226,1.904,1.93573,1.96746,1.9992,2.03093,2.06266,2.0944,2.12613,2.15786,2.18959,2.22133,2.25306,2.28479,2.31653,2.34826,2.37999,2.41173,2.44346,2.47519,2.50693,2.53866,2.57039,2.60213,2.63386,2.66559,2.69733,2.72906,2.76079,2.79253,2.82426,2.85599,2.88773,2.91946,2.95119,2.98293,3.01466,3.04639,3.07813,3.10986,3.14159
TIME_POINTS
0,0.0383838,0.0767677,0.115152,0.153535,0.191919,0.230303,0.268687,0.307071,0.345455,0.383838,0.422222,0.460606,0.49899,0.537374,0.575758,0.614141,0.652525,0.690909,0.729293,0.767677,0.806061,0.844444,0.882828,0.921212,0.959596,0.99798,1.03636,1.07475,1.11313,1.15152,1.1899,1.22828,1.26667,1.30505,1.34343,1.38182,1.4202,1.45859,1.49697,1.53535,1.57374,1.61212,1.65051,1.68889,1.72727,1.76566,1.80404,1.84242,1.88081,1.91919,1.95758,1.99596,2.03434,2.07273,2.11111,2.14949,2.18788,2.22626,2.26465,2.30303,2.34141,2.3798,2.41818,2.45657,2.49495,2.53333,2.57172,2.6101,2.64848,2.68687,2.72525,2.76364,2.80202,2.8404,2.87879,2.91717,2.95556,2.99394,3.03232,3.07071,3.10909,3.14747,3.18586,3.22424,3.26263,3.30101,3.33939,3.37778,3.41616,3.45455,3.49293,3.53131,3.5697,3.60808,3.64646,3.68485,3.72323,3.76162,3.8
VALUES
3,2.99849,2.99396,2.98642,2.97586,2.96232,2.94579,2.92629,2.90385,2.87848,2.85021,2.81908,2.7851,2.74833,2.70878,2.66651,2.62155,2.57395,2.52376,2.47103,2.41581,2.35816,2.29813,2.23579,2.1712,2.10442,2.03553,1.96458,1.89166,1.81683,1.74017,1.66176,1.58168,1.5,1.41681,1.3322,1.24624,1.15904,1.07066,0.981204,0.890761,0.799421,0.707277,0.61442,0.520945,0.426945,0.332515,0.23775,0.142746,0.0475978,-0.047598,-0.142746,-0.23775,-0.332515,-0.426944,-0.520945,-0.61442,-0.707277,-0.799422,-0.890761,-0.981204,-1.07066,-1.15904,-1.24625,-1.3322,-1.41681,-1.5,-1.58168,-1.66176,-1.74017,-1.81683,-1.89166,-1.96458,-2.03553,-2.10442,-2.1712,-2.23579,-2.29813,-2.35816,-2.41581,-2.47103,-2.52376,-2.57395,-2.62155,-2.66651,-2.70878,-2.74833,-2.7851,-2.81908,-2.85021,-2.87848,-2.90385,-2.92629,-2.94579,-2.96232,-2.97586,-2.98642,-2.99396,-2.99849,-3
2.99152,2.99013,2.98645,2.98041,2.97196,2.96108,2.94772,2.93186,2.91345,2.89245,2.86881,2.8425,2.81347,2.78167,2.74706,2.7096,2.66927,2.62603,2.57986,2.53075,2.47871,2.42373,2.36583,2.30504,2.24141,2.17498,2.10583,2.03402,1.95964,1.8828,1.80361,1.72218,1.63865,1.55316,1.46586,1.37689,1.28643,1.19462,1.10164,1.00765,0.912827,0.817327,0.721316,0.624953,0.528392,0.431782,0.335263,0.238967,0.143019,0.0475349,-0.047381,-0.141633,-0.235135,-0.327811,-0.419596,-0.510433,-0.600274,-0.689078,-0.776815,-0.863457,-0.948984,-1.03338,-1.11663,-1.19873,-1.27967,-1.35943,-1.43801,-1.5154,-1.59157,-1.6665,-1.74017,-1.81255,-1.88359,-1.95326,-2.02149,-2.08822,-2.15339,-2.21692,-2.27872,-2.33871,-2.39677,-2.45282,-2.50674,-2.55841,-2.60773,-2.65457,-2.69882,-2.74036,-2.77907,-2.81485,-2.84758,-2.87716,-2.9035,-2.92652,-2.94612,-2.96226,-2.97485,-2.98385,-2.98921,-2.99083
2.96838,2.96765,2.96488,2.96025,2.95375,2.94534,2.93496,2.9225,2.90788,2.891,2.87174,2.85001,2.82567,2.79861,2.76873,2.7359,2.70004,2.66105,2.61884,2.57335,2.52452,2.47232,2.41673,2.35774,2.29537,2.22967,2.1607,2.08854,2.0133,1.93509,1.85407,1.77038,1.68422,1.59577,1.50523,1.41283,1.3188,1.22335,1.12673,1.02918,0.930928,0.832211,0.733255,0.634278,0.53549,0.437086,0.339249,0.242144,0.145923,0.0507169,-0.0433606,-0.136215,-0.22777,-0.317969,-0.406773,-0.494161,-0.580127,-0.664683,-0.747851,-0.829668,-0.910178,-0.989433,-1.06749,-1.14442,-1.22027,-1.29511,-1.36899,-1.44198,-1.5141,-1.58539,-1.65589,-1.72558,-1.79447,-1.86253,-1.92974,-1.99603,-2.06133,-2.12555,-2.1886,-2.25034,-2.31066,-2.36939,-2.42638,-2.48147,-2.53446,-2.58519,-2.63347,-2.67911,-2.72191,-2.76171,-2.79832,-2.83157,-2.86131,-2.88739,-2.90968,-2.92805,-2.9424,-2.95267,-2.95886,-2.96112
2.93486,2.93415,2.93228,2.92896,2.92417,2.91787,2.90999,2.90041,2.88901,2.87563,2.86011,2.84229,2.82199,2.79904,2.77326,2.7445,2.71259,2.67738,2.63874,2.59656,2.55075,2.50122,2.44793,2.39086,2.33,2.26539,2.19709,2.12518,2.04978,1.97104,1.88911,1.80419,1.71651,1.62628,1.53377,1.43923,1.34296,1.24524,1.14635,1.04659,0.946256,0.84563,0.74499,0.644603,0.544721,0.445576,0.347385,0.250341,0.154613,0.0603461,-0.0323397,-0.123351,-0.212622,-0.30011,-0.385799,-0.469699,-0.551838,-0.632268,-0.711059,-0.788296,-0.864078,-0.938513,-1.01172,-1.08381,-1.15492,-1.22515,-1.29463,-1.36344,-1.4317,-1.49947,-1.56682,-1.63378,-1.70039,-1.76663,-1.83249,-1.89791,-1.96283,-2.02715,-2.09075,-2.15348,-2.21519,-2.2757,-2.3348,-2.39227,-2.4479,-2.50145,-2.55268,-2.60134,-2.64719,-2.69,-2.72951,-2.76553,-2.79783,-2.82621,-2.85051,-2.87059,-2.88634,-2.89772,-2.90467,-2.9069
2.89345,2.8929,2.89141,2.88905,2.8856,2.88093,2.87493,2.86749,2.85846,2.84768,2.83495,2.82006,2.80282,2.78299,2.76038,2.73477,2.70597,2.6738,2.63808,2.59867,2.55545,2.50832,2.45721,2.40208,2.34291,2.27974,2.21261,2.14162,2.06689,1.98858,1.90686,1.82195,1.73409,1.64354,1.55058,1.45552,1.35866,1.26034,1.16086,1.06058,0.959809,0.858873,0.758083,0.657736,0.55811,0.459465,0.362037,0.266034,0.171641,0.0790081,-0.0117409,-0.100515,-0.187254,-0.271928,-0.354537,-0.43511,-0.513703,-0.590394,-0.665285,-0.738495,-0.81016,-0.880428,-0.949454,-1.0174,-1.08442,-1.15068,-1.21633,-1.2815,-1.34632,-1.41091,-1.47535,-1.5397,-1.604,-1.66828,-1.73251,-1.79665,-1.86063,-1.92435,-1.98768,-2.05047,-2.11253,-2.17366,-2.23363,-2.2922,-2.34912,-2.4041,-2.45688,-2.50717,-2.55469,-2.59916,-2.64031,-2.67789,-2.71164,-2.74137,-2.76689,-2.78804,-2.80471,-2.81672,-2.82387,-2.8262
2.84606,2.84583,2.84465,2.84265,2.83986,2.83613,2.83127,2.82511,2.81749,2.80822,2.79712,2.78398,2.76858,2.75068,2.73005,2.70648,2.67975,2.64966,2.61602,2.57869,2.53751,2.49238,2.44322,2.38998,2.33265,2.27124,2.2058,2.13644,2.06327,1.98644,1.90616,1.82263,1.73611,1.64686,1.55518,1.46139,1.3658,1.26876,1.1706,1.07167,0.972312,0.872854,0.773622,0.674922,0.577045,0.480258,0.384803,0.290896,0.198721,0.108434,0.0201558,-0.0660243,-0.150051,-0.231901,-0.311582,-0.389134,-0.464622,-0.538142,-0.609806,-0.679753,-0.748134,-0.815113,-0.880865,-0.945567,-1.0094,-1.07253,-1.13514,-1.19738,-1.25938,-1.32128,-1.38317,-1.44513,-1.5072,-1.56942,-1.63177,-1.69421,-1.75667,-1.81905,-1.88122,-1.94301,-2.00424,-2.0647,-2.12415,-2.18233,-2.23898,-2.29381,-2.34652,-2.39682,-2.44442,-2.48902,-2.53033,-2.56811,-2.6021,-2.63209,-2.65788,-2.67928,-2.69605,-2.70804,-2.71526,-2.71783
2.79435,2.79388,2.7929,2.79104,2.78827,2.78461,2.77994,2.77407,2.76679,2.75792,2.74726,2.7346,2.71974,2.70246,2.68256,2.65981,2.63401,2.60497,2.5725,2.53645,2.49669,2.45311,2.40563,2.35421,2.29882,2.23949,2.17627,2.10925,2.03854,1.9643,1.88672,1.80599,1.72237,1.63611,1.54751,1.45686,1.36447,1.27067,1.1758,1.08019,0.984155,0.888031,0.792127,0.69674,0.602152,0.508619,0.416379,0.325638,0.236576,0.149342,0.0640537,-0.0192029,-0.100374,-0.179437,-0.256401,-0.331302,-0.404208,-0.475206,-0.544411,-0.611953,-0.677981,-0.742654,-0.80614,-0.868612,-0.930243,-0.991204,-1.05166,-1.11175,-1.17163,-1.2314,-1.29117,-1.35102,-1.41098,-1.47108,-1.53131,-1.59164,-1.65199,-1.71226,-1.77234,-1.83206,-1.89124,-1.94967,-2.00713,-2.06337,-2.11812,-2.17112,-2.22206,-2.27068,-2.31669,-2.35981,-2.39978,-2.43636,-2.46929,-2.49834,-2.52329,-2.5439,-2.56003,-2.57168,-2.57882,-2.58105
2.73803,2.73763,2.73627,2.73415,2.73103,2.72679,2.72138,2.71474,2.7067,2.69708,2.68568,2.6723,2.65676,2.63889,2.61849,2.59539,2.56942,2.54042,2.50823,2.47271,2.43376,2.39129,2.34523,2.29554,2.24221,2.18527,2.12477,2.06078,1.99341,1.92282,1.84915,1.7726,1.6934,1.61177,1.52797,1.44227,1.35495,1.2663,1.17663,1.08622,0.99537,0.904375,0.813513,0.723051,0.633241,0.544317,0.456491,0.369953,0.284867,0.20137,0.119574,0.0395596,-0.0386177,-0.114932,-0.189383,-0.261996,-0.332823,-0.401934,-0.469421,-0.535393,-0.599971,-0.663289,-0.725487,-0.78671,-0.847103,-0.906809,-0.965962,-1.02469,-1.08311,-1.14131,-1.19938,-1.25737,-1.31533,-1.37326,-1.43115,-1.48896,-1.54663,-1.60407,-1.66116,-1.71775,-1.77369,-1.82879,-1.88284,-1.93562,-1.98691,-2.03645,-2.084,-2.12932,-2.17215,-2.21227,-2.24943,-2.28339,-2.31392,-2.34077,-2.36377,-2.38279,-2.3978,-2.40864,-2.41506,-2.41725
2.67655,2.67605,2.67434,2.67139,2.66733,2.66201,2.65526,2.64701,2.63722,2.62578,2.61256,2.59739,2.58012,2.5606,2.53868,2.51425,2.48718,2.45736,2.42469,2.38907,2.35042,2.30869,2.26384,2.21584,2.1647,2.11044,2.05312,1.9928,1.92958,1.86358,1.79494,1.72382,1.65039,1.57485,1.49741,1.41828,1.3377,1.25591,1.17314,1.08964,1.00564,0.92139,0.837112,0.753025,0.669339,0.586248,0.50393,0.422544,0.342232,0.263114,0.18529,0.10884,0.0338181,-0.0397379,-0.111814,-0.182415,-0.251563,-0.3193,-0.385679,-0.450769,-0.514648,-0.577405,-0.639133,-0.699928,-0.759887,-0.819106,-0.877675,-0.935677,-0.993186,-1.05026,-1.10696,-1.16331,-1.21932,-1.275,-1.33032,-1.38524,-1.4397,-1.49362,-1.54691,-1.59943,-1.65106,-1.70165,-1.75103,-1.79902,-1.84545,-1.89013,-1.93286,-1.97346,-2.01172,-2.04745,-2.08043,-2.11046,-2.13736,-2.16098,-2.18125,-2.19807,-2.21126,-2.22064,-2.22633,-2.22831
2.60842,2.60754,2.60533,2.6015,2.59602,2.58902,2.58041,2.57007,2.55791,2.5439,2.52803,2.51021,2.49036,2.46839,2.44422,2.41775,2.38893,2.35771,2.32404,2.28787,2.2492,2.20799,2.16424,2.11795,2.06915,2.01786,1.96414,1.90805,1.84966,1.78906,1.72636,1.66168,1.59515,1.5269,1.45708,1.38586,1.31338,1.23982,1.16535,1.09014,1.01436,0.938169,0.861739,0.785228,0.708785,0.632553,0.556667,0.48125,0.406412,0.332253,0.25886,0.186308,0.114656,0.0439529,-0.0257658,-0.0944763,-0.162166,-0.228833,-0.294484,-0.359134,-0.422806,-0.485527,-0.547327,-0.60824,-0.6683,-0.727541,-0.785992,-0.843681,-0.900629,-0.956852,-1.01235,-1.06714,-1.12119,-1.17448,-1.22699,-1.27866,-1.32945,-1.37928,-1.42808,-1.47576,-1.52221,-1.56735,-1.61106,-1.65322,-1.69371,-1.73241,-1.7692,-1.80393,-1.83646,-1.86664,-1.89433,-1.91943,-1.94187,-1.96158,-1.97846,-1.99233,-2.00312,-2.01093,-2.01569,-2.01715
2.53108,2.53018,2.52712,2.52224,2.51535,2.50639,2.49548,2.48263,2.4678,2.45094,2.43203,2.41111,2.38821,2.36332,2.33645,2.30757,2.27669,2.24379,2.20891,2.17205,2.13324,2.09252,2.04991,2.00546,1.95919,1.91115,1.8614,1.80998,1.75694,1.70235,1.64628,1.58879,1.52995,1.46985,1.40856,1.34616,1.28275,1.21841,1.15322,1.08728,1.02067,0.953494,0.885828,0.817765,0.749391,0.680792,0.612051,0.543248,0.474462,0.405768,0.337238,0.268941,0.200942,0.133305,0.0660888,-0.000650551,-0.06686,-0.132489,-0.19749,-0.261818,-0.325429,-0.388282,-0.450336,-0.511554,-0.571896,-0.631326,-0.689805,-0.747296,-0.80376,-0.859159,-0.913452,-0.966595,-1.01855,-1.06927,-1.1187,-1.1668,-1.21352,-1.25881,-1.30262,-1.34489,-1.38558,-1.42463,-1.46199,-1.49762,-1.53145,-1.56343,-1.59348,-1.62153,-1.64753,-1.67143,-1.69321,-1.71285,-1.73033,-1.74555,-1.75843,-1.76897,-1.77727,-1.78325,-1.78671,-1.78799
2.44232,2.44109,2.4375,2.43136,2.42294,2.41218,2.39901,2.38355,2.36592,2.34616,2.32428,2.30033,2.2744,2.24659,2.21699,2.18569,2.15276,2.11827,2.08228,2.04487,2.0061,1.96606,1.9248,1.8824,1.83892,1.79442,1.74893,1.70251,1.65518,1.60698,1.55793,1.50806,1.45737,1.40587,1.35359,1.30053,1.24668,1.19207,1.13668,1.08053,1.02362,0.965971,0.907581,0.848472,0.788663,0.72818,0.667053,0.605321,0.543025,0.480217,0.416952,0.353296,0.289317,0.225094,0.160709,0.0962533,0.0318205,-0.0324897,-0.0965736,-0.160323,-0.223627,-0.286376,-0.348454,-0.409751,-0.470152,-0.529548,-0.587831,-0.644897,-0.700646,-0.754982,-0.807818,-0.85907,-0.908663,-0.956529,-1.00261,-1.04685,-1.08921,-1.12966,-1.16818,-1.20475,-1.23936,-1.27202,-1.30273,-1.33149,-1.35831,-1.38319,-1.40614,-1.4272,-1.44641,-1.46383,-1.47952,-1.49346,-1.50565,-1.5161,-1.5249,-1.53214,-1.53775,-1.54163,-1.54406,-1.54484
2.33939,2.33791,2.33368,2.32667,2.3168,2.3043,2.28924,2.27159,2.25148,2.22909,2.20458,2.17804,2.1496,2.11936,2.08752,2.05424,2.01969,1.984,1.94733,1.90977,1.87146,1.83249,1.79296,1.75298,1.7126,1.6719,1.63093,1.58971,1.54827,1.50661,1.46471,1.42254,1.38007,1.33726,1.29403,1.25033,1.20609,1.16123,1.11569,1.06937,1.02223,0.974175,0.92516,0.875128,0.824037,0.771855,0.718562,0.664156,0.608644,0.552055,0.494428,0.435823,0.376313,0.315989,0.254956,0.193333,0.131255,0.0688653,0.00632156,-0.0562113,-0.118562,-0.180552,-0.242001,-0.302726,-0.362548,-0.421288,-0.478772,-0.534834,-0.589318,-0.642078,-0.692978,-0.741901,-0.788742,-0.833412,-0.875842,-0.91598,-0.953794,-0.989267,-1.0224,-1.05322,-1.08175,-1.10802,-1.1321,-1.15403,-1.17389,-1.19178,-1.2078,-1.22209,-1.23476,-1.24591,-1.25561,-1.26392,-1.27098,-1.27693,-1.28187,-1.28578,-1.28867,-1.2908,-1.29205,-1.2924
2.21988,2.21841,2.21364,2.20587,2.19511,2.18131,2.16471,2.14549,2.1237,2.09948,2.07306,2.04466,2.01451,1.98276,1.9496,1.91525,1.87992,1.84382,1.80717,1.77015,1.73291,1.69559,1.65831,1.62117,1.58426,1.54765,1.51138,1.47547,1.43993,1.40474,1.36984,1.33517,1.30066,1.26619,1.23166,1.19693,1.16188,1.12637,1.09024,1.05336,1.0156,0.976808,0.936873,0.89568,0.853134,0.809152,0.763675,0.716659,0.668087,0.617962,0.566312,0.51319,0.458672,0.402856,0.345866,0.287846,0.22896,0.169392,0.109339,0.0490137,-0.0113603,-0.0715512,-0.131323,-0.190436,-0.248653,-0.30574,-0.361469,-0.415625,-0.468003,-0.518415,-0.566693,-0.612686,-0.656268,-0.697337,-0.735817,-0.771655,-0.804823,-0.83532,-0.863161,-0.888387,-0.911053,-0.931238,-0.949039,-0.964583,-0.978023,-0.989527,-0.999274,-1.00742,-1.01412,-1.01951,-1.02374,-1.02704,-1.0296,-1.03153,-1.03287,-1.03376,-1.03445,-1.03487,-1.03501,-1.03517
2.08239,2.08067,2.07583,2.0676,2.0563,2.04199,2.02468,2.00461,1.98203,1.9571,1.92997,1.90088,1.87014,1.838,1.80472,1.77051,1.73561,1.70024,1.66466,1.62909,1.59374,1.55877,1.52433,1.49054,1.45748,1.42522,1.39378,1.36319,1.33342,1.30444,1.27618,1.24854,1.22141,1.19465,1.16809,1.14158,1.11493,1.08794,1.06043,1.0322,1.00306,0.972835,0.941349,0.908448,0.873992,0.837865,0.799973,0.760247,0.718643,0.675149,0.62978,0.582583,0.533632,0.483032,0.430917,0.377446,0.322804,0.267198,0.210856,0.154022,0.0969546,0.0399221,-0.0168003,-0.0729347,-0.128204,-0.182335,-0.235066,-0.286146,-0.335338,-0.38243,-0.427227,-0.469563,-0.509296,-0.546315,-0.580538,-0.611908,-0.640401,-0.666017,-0.688783,-0.708755,-0.726021,-0.740701,-0.752948,-0.762943,-0.77088,-0.776957,-0.781358,-0.784268,-0.785895,-0.78648,-0.786284,-0.785523,-0.78433,-0.782836,-0.781276,-0.77988,-0.778632,-0.777592,-0.777065,-0.776783
1.92576,1.92413,1.91921,1.91119,1.89992,1.88571,1.8687,1.84894,1.82665,1.80215,1.77566,1.74738,1.71754,1.68645,1.6544,1.6217,1.58858,1.55529,1.52204,1.48908,1.4566,1.42482,1.39391,1.36398,1.33513,1.30743,1.28089,1.25552,1.23129,1.20814,1.18598,1.1647,1.14417,1.12422,1.10467,1.08534,1.066,1.04644,1.02645,1.00579,0.984248,0.961614,0.937691,0.912295,0.885265,0.856459,0.825763,0.79309,0.758383,0.721616,0.682795,0.641959,0.599181,0.554563,0.508242,0.460382,0.411175,0.360838,0.30961,0.25775,0.20553,0.153234,0.101155,0.049589,-0.00117153,-0.0508388,-0.0991327,-0.14579,-0.190563,-0.233227,-0.27358,-0.311447,-0.346682,-0.379166,-0.40881,-0.435558,-0.45938,-0.480284,-0.498311,-0.513543,-0.526096,-0.536123,-0.543802,-0.549318,-0.552862,-0.554627,-0.554831,-0.553724,-0.551587,-0.54869,-0.545245,-0.541422,-0.537436,-0.533571,-0.53004,-0.526869,-0.524205,-0.522337,-0.521105,-0.520712
1.75029,1.74882,1.74423,1.73666,1.72629,1.71302,1.69712,1.67884,1.65824,1.63554,1.61102,1.58499,1.55766,1.52927,1.50006,1.47035,1.44043,1.41055,1.38094,1.35179,1.32329,1.29564,1.26898,1.24347,1.2192,1.19623,1.17459,1.15428,1.13525,1.11743,1.10073,1.08503,1.07018,1.05602,1.04237,1.02902,1.01576,1.00237,0.988621,0.974288,0.959146,0.942977,0.92558,0.906765,0.886362,0.864225,0.840233,0.814292,0.786338,0.756338,0.724294,0.690236,0.654229,0.616372,0.576791,0.535645,0.493119,0.449423,0.404789,0.359468,0.313726,0.267841,0.222097,0.176782,0.132181,0.0885747,0.046234,0.00541475,-0.0336426,-0.0707196,-0.10562,-0.138169,-0.168223,-0.195662,-0.220398,-0.242376,-0.261576,-0.27802,-0.291767,-0.302914,-0.311587,-0.317929,-0.322094,-0.324249,-0.324586,-0.323328,-0.32074,-0.317093,-0.312631,-0.307551,-0.30206,-0.296424,-0.290933,-0.285767,-0.280998,-0.276844,-0.273567,-0.271082,-0.269545,-0.269091
1.55735,1.55595,1.55208,1.54552,1.53648,1.52512,1.51141,1.49556,1.47786,1.45842,1.43739,1.41504,1.39166,1.36749,1.34273,1.31759,1.29233,1.26719,1.24242,1.2182,1.19472,1.17209,1.15046,1.12993,1.1106,1.09254,1.07577,1.06029,1.04608,1.03305,1.02113,1.01018,1.00007,0.990651,0.981742,0.973161,0.964714,0.956196,0.947401,0.938118,0.928143,0.917278,0.905333,0.892134,0.877524,0.861367,0.843547,0.823977,0.802594,0.779364,0.754284,0.72738,0.698705,0.668344,0.63641,0.60304,0.568401,0.532677,0.496074,0.458818,0.421144,0.383299,0.345536,0.308109,0.271275,0.23528,0.200365,0.166761,0.134681,0.104324,0.0758695,0.0494756,0.0252779,0.00338013,-0.0161439,-0.0332532,-0.0479474,-0.0602572,-0.0702435,-0.0779875,-0.0835854,-0.0871491,-0.0888133,-0.0887483,-0.0871646,-0.0842962,-0.0803639,-0.0755642,-0.0700779,-0.0641269,-0.0579844,-0.0519011,-0.0460151,-0.0404405,-0.0354321,-0.03121,-0.027726,-0.0251431,-0.0236615,-0.0230532
1.34908,1.34812,1.34498,1.33999,1.33295,1.32405,1.31348,1.30122,1.28743,1.27236,1.25617,1.23896,1.22091,1.20228,1.18328,1.16408,1.14485,1.12575,1.10696,1.08867,1.07104,1.05419,1.03821,1.02318,1.00915,0.996161,0.984251,0.973421,0.963651,0.954893,0.947073,0.940094,0.933837,0.92817,0.92295,0.918021,0.913223,0.908392,0.903359,0.897955,0.892016,0.885379,0.877893,0.869416,0.859821,0.848994,0.836842,0.823291,0.808291,0.79181,0.773843,0.754409,0.73355,0.711331,0.68784,0.663189,0.637504,0.610934,0.583643,0.555808,0.527614,0.499258,0.470938,0.442857,0.415217,0.388214,0.362044,0.336889,0.312925,0.290317,0.269209,0.249729,0.23198,0.216038,0.201952,0.189739,0.179398,0.170908,0.164233,0.159326,0.156118,0.154509,0.15436,0.155504,0.157774,0.161017,0.165096,0.169855,0.175085,0.180552,0.186082,0.191579,0.196903,0.201808,0.206137,0.209922,0.212985,0.215133,0.216562,0.216953
1.12912,1.12845,1.1265,1.12317,1.11872,1.11297,1.10609,1.09823,1.0894,1.07966,1.06921,1.0582,1.04669,1.03477,1.0226,1.01035,0.998146,0.986091,0.974267,0.962771,0.951717,0.941214,0.93134,0.922147,0.913661,0.905895,0.898855,0.892541,0.886942,0.882035,0.877776,0.874107,0.870951,0.868218,0.865806,0.86361,0.861515,0.859407,0.857174,0.854702,0.85188,0.848603,0.84477,0.840285,0.835066,0.829036,0.822134,0.814309,0.805525,0.795762,0.785016,0.773295,0.760628,0.747057,0.732639,0.717446,0.701562,0.685082,0.668114,0.65077,0.633174,0.615452,0.597735,0.580156,0.562849,0.545948,0.529582,0.513879,0.498958,0.484928,0.471882,0.459899,0.449037,0.439337,0.430826,0.423518,0.417425,0.412545,0.408869,0.406359,0.404948,0.404542,0.405041,0.406354,0.408406,0.411117,0.414364,0.417985,0.421831,0.425817,0.429887,0.433903,0.437671,0.44112,0.444278,0.446966,0.449043,0.45067,0.451597,0.451926
0.901543,0.901241,0.900515,0.899276,0.897501,0.895382,0.892764,0.889718,0.88639,0.882752,0.878782,0.874583,0.870265,0.865846,0.861326,0.856753,0.852215,0.84779,0.843511,0.839395,0.835462,0.83174,0.828282,0.825125,0.822296,0.819794,0.817612,0.815734,0.814148,0.81284,0.811801,0.811013,0.810452,0.810087,0.809877,0.809775,0.809731,0.809695,0.809614,0.80944,0.809127,0.808632,0.807915,0.806939,0.805671,0.804081,0.802145,0.799843,0.797161,0.794089,0.790625,0.786772,0.782541,0.777946,0.77301,0.767758,0.762223,0.756441,0.750452,0.7443,0.738031,0.731696,0.725347,0.71904,0.71283,0.706777,0.700934,0.695357,0.69009,0.685172,0.680634,0.676495,0.672777,0.669492,0.66666,0.664302,0.662431,0.661051,0.660142,0.659669,0.659587,0.659867,0.660493,0.661458,0.662726,0.664224,0.665869,0.667613,0.669461,0.671394,0.673309,0.675103,0.676797,0.678427,0.679841,0.680977,0.681984,0.682674,0.683069,0.683262
0.670967,0.671218,0.671672,0.672584,0.673785,0.675255,0.677131,0.679247,0.681573,0.684193,0.687058,0.69006,0.69318,0.696457,0.699868,0.703336,0.706801,0.710249,0.713691,0.717118,0.720489,0.723761,0.726901,0.7299,0.732766,0.73551,0.738131,0.740622,0.742972,0.745179,0.747246,0.749193,0.751041,0.752818,0.754553,0.756268,0.757989,0.759737,0.76153,0.763389,0.765335,0.76739,0.769577,0.771918,0.774434,0.777143,0.78006,0.7832,0.786569,0.790173,0.794012,0.798083,0.802377,0.806881,0.811579,0.816452,0.821474,0.826621,0.831865,0.837175,0.842523,0.847878,0.853213,0.858499,0.863709,0.868816,0.87379,0.878598,0.883207,0.887583,0.891695,0.895522,0.89905,0.902279,0.905213,0.907852,0.910193,0.91222,0.913922,0.9153,0.916382,0.917208,0.917813,0.918201,0.918362,0.918305,0.918083,0.917772,0.91739,0.916901,0.916315,0.915739,0.915225,0.914682,0.91414,0.91376,0.913409,0.913105,0.913016,0.912886
0.44254,0.443075,0.44491,0.447767,0.451865,0.456996,0.463091,0.470224,0.478209,0.48691,0.496325,0.506373,0.516875,0.527696,0.538778,0.550049,0.561382,0.572631,0.583691,0.594495,0.604992,0.615115,0.624785,0.633928,0.6425,0.650484,0.657887,0.664724,0.671012,0.676772,0.682032,0.68683,0.691226,0.695292,0.699112,0.702781,0.706395,0.710047,0.713836,0.717852,0.722184,0.726916,0.73213,0.737904,0.744307,0.751401,0.759242,0.767871,0.777318,0.7876,0.79872,0.810666,0.823413,0.836923,0.851142,0.866005,0.881438,0.897356,0.913666,0.93027,0.947064,0.963943,0.980797,0.997512,1.01397,1.03007,1.04568,1.06069,1.07499,1.08851,1.10115,1.11287,1.12361,1.13334,1.14203,1.14964,1.15615,1.16157,1.16592,1.16926,1.17166,1.17317,1.17383,1.1737,1.17287,1.17147,1.16962,1.16739,1.16482,1.16205,1.15923,1.15646,1.15371,1.15113,1.1489,1.14693,1.1453,1.1442,1.14342,1.14324
0.220836,0.221812,0.224687,0.22953,0.236102,0.244545,0.254623,0.266193,0.279261,0.293623,0.309041,0.325415,0.342628,0.360451,0.378655,0.397082,0.41561,0.434079,0.452293,0.470078,0.487307,0.503887,0.519742,0.534789,0.548948,0.562157,0.574394,0.585674,0.596036,0.605535,0.614239,0.622222,0.629572,0.636397,0.64282,0.64898,0.655031,0.661134,0.667448,0.674133,0.681343,0.689221,0.6979,0.707507,0.718152,0.729933,0.742935,0.757222,0.772839,0.789814,0.808148,0.827824,0.848801,0.871017,0.894388,0.918814,0.944174,0.970334,0.997145,1.02445,1.05207,1.07984,1.10756,1.13504,1.16209,1.18852,1.21413,1.23876,1.26225,1.28446,1.30528,1.32459,1.34231,1.35836,1.37265,1.38516,1.39587,1.40483,1.41209,1.41771,1.42175,1.42427,1.42538,1.42524,1.42403,1.42188,1.4189,1.41524,1.41111,1.40673,1.40219,1.3976,1.39317,1.38911,1.38539,1.38217,1.37966,1.37772,1.37659,1.37619
0.0103017,0.0116306,0.0154369,0.0217844,0.0306062,0.0416685,0.0550414,0.0704663,0.0877196,0.106734,0.127291,0.149088,0.171918,0.195626,0.219966,0.244648,0.269434,0.294144,0.318606,0.342617,0.365967,0.38849,0.410067,0.430618,0.450078,0.468387,0.485503,0.501409,0.516136,0.52975,0.542348,0.554046,0.564973,0.575269,0.585088,0.594599,0.603986,0.613449,0.62319,0.633418,0.644334,0.656132,0.66899,0.683071,0.698519,0.715457,0.733988,0.754191,0.776121,0.799805,0.825245,0.852418,0.881268,0.911716,0.943657,0.976962,1.01148,1.04702,1.08342,1.12043,1.15785,1.19543,1.23292,1.27007,1.30661,1.34232,1.37695,1.4103,1.44217,1.47237,1.50074,1.52712,1.55136,1.57336,1.59307,1.61044,1.6255,1.63826,1.64876,1.65704,1.6632,1.66736,1.66972,1.67044,1.66968,1.66759,1.66438,1.66032,1.65564,1.65049,1.64503,1.63957,1.63431,1.6293,1.62476,1.62093,1.61775,1.61543,1.61405,1.61352
-0.185367,-0.183922,-0.17933,-0.171892,-0.161513,-0.148344,-0.13264,-0.114398,-0.0938847,-0.0713949,-0.0470613,-0.0211051,0.00613664,0.0343821,0.0634304,0.0930411,0.12291,0.152752,0.182347,0.211514,0.240071,0.267816,0.294572,0.320208,0.344653,0.367866,0.389824,0.410518,0.429962,0.448203,0.465333,0.481481,0.496802,0.51147,0.525667,0.539587,0.553432,0.567411,0.581746,0.59666,0.612378,0.629117,0.647084,0.666466,0.687427,0.710107,0.734619,0.761047,0.789448,0.819849,0.852248,0.88661,0.922874,0.960948,1.00071,1.04201,1.08467,1.12849,1.17324,1.21867,1.2645,1.31047,1.35629,1.40166,1.44631,1.48997,1.53239,1.5733,1.61248,1.6497,1.68473,1.71742,1.7476,1.77519,1.80011,1.82234,1.84185,1.85864,1.87273,1.88421,1.89323,1.89995,1.90451,1.90705,1.90778,1.90693,1.9048,1.90158,1.89745,1.89268,1.88758,1.88235,1.8771,1.87213,1.86767,1.86372,1.86052,1.85821,1.8567,1.85629
-0.36371,-0.362009,-0.357139,-0.348914,-0.337659,-0.323309,-0.306057,-0.286182,-0.263737,-0.238976,-0.212236,-0.183707,-0.153596,-0.122234,-0.0899464,-0.0569672,-0.0235154,0.0101345,0.0436879,0.076907,0.109614,0.141654,0.172868,0.203101,0.232231,0.260193,0.286969,0.312577,0.337049,0.36043,0.382793,0.404244,0.424926,0.445015,0.464706,0.484205,0.503725,0.52348,0.543683,0.564551,0.5863,0.609143,0.63328,0.658901,0.686175,0.715244,0.746225,0.779202,0.81423,0.85133,0.890494,0.931682,0.974826,1.01982,1.06654,1.11481,1.16444,1.21522,1.2669,1.31921,1.37187,1.4246,1.47711,1.5291,1.5803,1.63041,1.67916,1.72627,1.77147,1.81453,1.85523,1.8934,1.92892,1.96168,1.99158,2.01855,2.04256,2.06361,2.08177,2.09716,2.10987,2.12003,2.12777,2.13327,2.1368,2.13859,2.13884,2.13773,2.13556,2.13264,2.12915,2.12526,2.12127,2.11743,2.11378,2.11057,2.10799,2.10597,2.10483,2.10437
-0.522952,-0.521273,-0.516211,-0.507902,-0.496264,-0.481619,-0.46393,-0.4434,-0.420325,-0.394795,-0.367026,-0.337359,-0.306027,-0.27321,-0.239191,-0.204294,-0.168767,-0.132808,-0.0966298,-0.0604902,-0.024622,0.0108089,0.0456799,0.0798838,0.113309,0.14586,0.177484,0.208177,0.237978,0.266954,0.295178,0.32274,0.349751,0.376346,0.402692,0.428979,0.455407,0.482179,0.509496,0.537553,0.566536,0.596626,0.627997,0.660807,0.695206,0.731321,0.769257,0.809094,0.850878,0.894627,0.940326,0.98793,1.03736,1.08851,1.14123,1.19536,1.25071,1.30705,1.36415,1.42175,1.47959,1.53742,1.59495,1.6519,1.70799,1.76294,1.81646,1.86827,1.91814,1.96585,2.01122,2.05408,2.09428,2.13169,2.16621,2.19776,2.22633,2.25197,2.27472,2.29463,2.31177,2.32625,2.33825,2.34797,2.3556,2.36128,2.36522,2.3677,2.36898,2.3692,2.36856,2.36738,2.36584,2.36402,2.3622,2.36056,2.35905,2.35798,2.35726,2.35703
-0.662736,-0.661146,-0.656236,-0.648158,-0.636964,-0.622644,-0.605499,-0.585516,-0.56287,-0.537854,-0.510571,-0.481187,-0.450001,-0.417254,-0.383097,-0.34774,-0.31146,-0.274496,-0.237014,-0.199167,-0.161138,-0.123127,-0.0852815,-0.0477004,-0.010444,0.026427,0.0628524,0.098791,0.134241,0.169242,0.203869,0.238206,0.272345,0.306383,0.340431,0.374621,0.409102,0.444034,0.479586,0.515915,0.553173,0.591498,0.631017,0.671847,0.71409,0.757837,0.803165,0.850129,0.898763,0.949074,1.00104,1.05461,1.10969,1.16619,1.22395,1.28283,1.34264,1.40318,1.46426,1.52565,1.58713,1.64846,1.7094,1.76967,1.82903,1.88721,1.94398,1.99911,2.0524,2.10365,2.15271,2.1994,2.24355,2.28506,2.32384,2.35987,2.39312,2.42358,2.45126,2.47618,2.49843,2.51814,2.53544,2.55043,2.56322,2.574,2.58301,2.59041,2.59631,2.6009,2.60447,2.60714,2.60899,2.61029,2.61118,2.61165,2.61197,2.61212,2.61216,2.61222
-0.783737,-0.782177,-0.777761,-0.770283,-0.759974,-0.746833,-0.730878,-0.712376,-0.691318,-0.667821,-0.642149,-0.614398,-0.58466,-0.553162,-0.520124,-0.485663,-0.4499,-0.413032,-0.375263,-0.336727,-0.297519,-0.257747,-0.217551,-0.177053,-0.136335,-0.0954342,-0.0543737,-0.013182,0.0281097,0.0694878,0.11097,0.152607,0.194464,0.236611,0.279118,0.322048,0.365476,0.409486,0.454169,0.499629,0.545963,0.59326,0.641597,0.69104,0.74164,0.793436,0.846458,0.90072,0.956226,1.01296,1.07088,1.12994,1.19005,1.25112,1.31301,1.37561,1.43877,1.50233,1.56613,1.62999,1.69372,1.75713,1.82,1.88212,1.94329,2.00333,2.06206,2.11931,2.1749,2.22869,2.28049,2.33017,2.37762,2.42276,2.46553,2.50589,2.54377,2.57913,2.61197,2.64235,2.67033,2.69596,2.71925,2.7403,2.75924,2.77622,2.7913,2.80455,2.81614,2.82627,2.83499,2.84236,2.84861,2.85382,2.85798,2.86132,2.86385,2.86555,2.86664,2.86692
-0.88729,-0.886038,-0.882081,-0.875657,-0.866563,-0.855035,-0.841034,-0.82456,-0.805831,-0.784826,-0.76158,-0.736288,-0.709035,-0.679833,-0.648806,-0.616123,-0.581864,-0.546072,-0.508843,-0.470322,-0.430615,-0.389772,-0.347838,-0.304888,-0.261015,-0.216294,-0.170763,-0.124435,-0.0773263,-0.0294669,0.0191057,0.068366,0.118314,0.168963,0.220336,0.272449,0.325309,0.378917,0.433279,0.488403,0.544308,0.601015,0.658544,0.716901,0.776089,0.836092,0.896887,0.958441,1.02071,1.08364,1.14719,1.21128,1.27584,1.3408,1.40608,1.47157,1.53717,1.60278,1.66827,1.73351,1.79835,1.86265,1.92628,1.9891,2.05099,2.11184,2.17152,2.22991,2.28687,2.34229,2.39606,2.44809,2.49834,2.54672,2.59316,2.63759,2.67994,2.7202,2.7584,2.79451,2.82851,2.86038,2.89015,2.91789,2.94364,2.96738,2.98914,3.00903,3.02712,3.04339,3.05787,3.07072,3.08195,3.0915,3.09956,3.10611,3.1111,3.11475,3.11683,3.11759
-0.975777,-0.974693,-0.971481,-0.966068,-0.958598,-0.948881,-0.937114,-0.923219,-0.907148,-0.889049,-0.868873,-0.84657,-0.822243,-0.79594,-0.767605,-0.737251,-0.704972,-0.670809,-0.634746,-0.596788,-0.557002,-0.515464,-0.472204,-0.427232,-0.380571,-0.332285,-0.282453,-0.231134,-0.178364,-0.124176,-0.0686171,-0.011758,0.0463205,0.105545,0.165856,0.227202,0.289532,0.352784,0.416885,0.481758,0.547325,0.613518,0.680272,0.74753,0.815228,0.883303,0.951682,1.02028,1.08903,1.15784,1.22663,1.29533,1.36389,1.43225,1.50034,1.56812,1.63552,1.70246,1.76888,1.8347,1.89985,1.96426,2.02789,2.09068,2.15257,2.21351,2.27343,2.33224,2.38991,2.44637,2.5016,2.55555,2.60818,2.65939,2.70913,2.75735,2.80403,2.84914,2.89263,2.9344,2.97441,3.01266,3.04912,3.08374,3.11643,3.14716,3.17597,3.20281,3.22758,3.25026,3.27093,3.28948,3.30584,3.32011,3.33223,3.34209,3.34986,3.35535,3.35868,3.35978
-1.05167,-1.05078,-1.04827,-1.04402,-1.03803,-1.03035,-1.02079,-1.00947,-0.996287,-0.981111,-0.964019,-0.944924,-0.923686,-0.900305,-0.874787,-0.847022,-0.816919,-0.784488,-0.749734,-0.712601,-0.67303,-0.631016,-0.586606,-0.539827,-0.490684,-0.439183,-0.385371,-0.329333,-0.271166,-0.210956,-0.148783,-0.0847305,-0.0189165,0.0485205,0.117432,0.18767,0.2591,0.331592,0.405009,0.479207,0.554032,0.629327,0.704937,0.780716,0.856532,0.932257,1.00777,1.08297,1.15774,1.23198,1.30561,1.37856,1.45076,1.52216,1.59272,1.66241,1.7312,1.79907,1.86601,1.93201,1.9971,2.06128,2.12458,2.187,2.24854,2.3092,2.36897,2.42789,2.48596,2.54321,2.59962,2.65517,2.70981,2.76352,2.81629,2.86808,2.91886,2.96851,3.01695,3.06412,3.10996,3.15439,3.19727,3.23846,3.2779,3.31552,3.35117,3.38468,3.41599,3.44505,3.47167,3.49573,3.51726,3.5361,3.5521,3.56537,3.5757,3.58311,3.58761,3.58906
-1.11753,-1.11696,-1.11498,-1.1118,-1.1072,-1.10122,-1.0938,-1.08474,-1.07408,-1.06168,-1.04732,-1.03101,-1.01262,-0.991945,-0.968876,-0.94337,-0.915289,-0.884469,-0.850831,-0.814349,-0.774961,-0.732572,-0.687131,-0.638655,-0.587184,-0.532748,-0.475368,-0.415097,-0.352034,-0.286319,-0.2181,-0.147523,-0.0747314,0.000107554,0.0767981,0.155124,0.234856,0.315773,0.397662,0.480311,0.563509,0.647035,0.730666,0.814182,0.897373,0.980052,1.06205,1.14323,1.22346,1.30265,1.38069,1.45751,1.53304,1.60724,1.68006,1.75151,1.82157,1.89031,1.95775,2.02398,2.08907,2.15309,2.2161,2.27817,2.33937,2.39978,2.45948,2.51856,2.57707,2.63505,2.69252,2.7495,2.806,2.86204,2.91762,2.97267,3.0271,3.08084,3.13381,3.18594,3.23708,3.28705,3.3357,3.38291,3.42853,3.47233,3.51409,3.5537,3.59101,3.62574,3.65772,3.6869,3.71303,3.73593,3.75561,3.77183,3.78453,3.79372,3.79916,3.80106
-1.17591,-1.17538,-1.17399,-1.1715,-1.16805,-1.16338,-1.15749,-1.15029,-1.14151,-1.13113,-1.11896,-1.10475,-1.08839,-1.06974,-1.04855,-1.02463,-0.997889,-0.968173,-0.93529,-0.899099,-0.859541,-0.816565,-0.770087,-0.720038,-0.666417,-0.609284,-0.54871,-0.48476,-0.417515,-0.347101,-0.273692,-0.197497,-0.118731,-0.037606,0.0456535,0.130802,0.217566,0.305651,0.394761,0.484607,0.57491,0.665401,0.755815,0.845892,0.935381,1.02405,1.11169,1.19811,1.28318,1.36675,1.44874,1.52906,1.60765,1.68446,1.75949,1.83274,1.90426,1.97414,2.04244,2.10929,2.17478,2.23902,2.30215,2.36428,2.42558,2.48618,2.54622,2.60579,2.66497,2.72384,2.78248,2.84096,2.89933,2.95759,3.0157,3.07359,3.13123,3.18856,3.24548,3.30181,3.35737,3.412,3.46557,3.51784,3.56853,3.61742,3.66434,3.70904,3.7512,3.79061,3.82713,3.86043,3.8903,3.91668,3.93926,3.95792,3.97264,3.98314,3.98955,3.99163
-1.22843,-1.22805,-1.22687,-1.22491,-1.22198,-1.21815,-1.21312,-1.20687,-1.19924,-1.18994,-1.17887,-1.16585,-1.15055,-1.13282,-1.1125,-1.08933,-1.06306,-1.03357,-1.00071,-0.964302,-0.924172,-0.880242,-0.832484,-0.780851,-0.725293,-0.665812,-0.602482,-0.535419,-0.464747,-0.390592,-0.313112,-0.232511,-0.14904,-0.0629761,0.0254025,0.115813,0.207966,0.301547,0.396221,0.491641,0.587471,0.683387,0.779093,0.874308,0.968772,1.06223,1.15446,1.24524,1.33439,1.42176,1.50722,1.59068,1.6721,1.75146,1.82877,1.90407,1.97743,2.04893,2.11866,2.18673,2.25328,2.31847,2.38246,2.44546,2.50762,2.56913,2.6301,2.69068,2.75099,2.81117,2.87132,2.93151,2.99177,3.05208,3.11245,3.17286,3.23327,3.29356,3.35357,3.41315,3.47215,3.53041,3.58766,3.64362,3.69807,3.75079,3.80147,3.84976,3.89546,3.93832,3.978,4.01423,4.04689,4.07563,4.10028,4.12077,4.13678,4.14836,4.15531,4.15764
-1.27623,-1.27589,-1.27473,-1.2728,-1.26998,-1.26614,-1.26127,-1.25504,-1.24741,-1.23819,-1.22707,-1.2139,-1.19851,-1.18056,-1.15985,-1.13623,-1.10946,-1.07928,-1.04553,-1.00811,-0.966866,-0.921648,-0.872366,-0.819015,-0.761603,-0.700126,-0.634605,-0.565126,-0.49184,-0.414924,-0.334558,-0.250937,-0.164287,-0.0748875,0.0169464,0.110888,0.20661,0.303786,0.402089,0.501173,0.600689,0.70029,0.79965,0.898465,0.99646,1.09338,1.189,1.28308,1.37543,1.46589,1.55431,1.64061,1.72474,1.8067,1.8865,1.9642,2.03985,2.11353,2.18535,2.25542,2.32392,2.39101,2.45688,2.52171,2.58566,2.6489,2.7116,2.77393,2.83605,2.89809,2.96013,3.02222,3.08441,3.14672,3.20919,3.27176,3.33434,3.3968,3.45902,3.5209,3.58224,3.64278,3.70226,3.7605,3.81724,3.87215,3.92489,3.97526,4.02298,4.06765,4.10902,4.14692,4.18098,4.21097,4.2368,4.25812,4.2749,4.28698,4.29423,4.2967
-1.31946,-1.31896,-1.31765,-1.31528,-1.31197,-1.30749,-1.30174,-1.29467,-1.28596,-1.27552,-1.26319,-1.24865,-1.23174,-1.2123,-1.19004,-1.16473,-1.13623,-1.10436,-1.0689,-1.02968,-0.986634,-0.939667,-0.88867,-0.833569,-0.774378,-0.711152,-0.643947,-0.572819,-0.497867,-0.419258,-0.337206,-0.251938,-0.163685,-0.0726929,0.020758,0.116345,0.213727,0.312561,0.412518,0.513281,0.614532,0.71595,0.817213,0.918008,1.01804,1.11704,1.21478,1.31105,1.40565,1.49845,1.58932,1.67816,1.76491,1.84956,1.93209,2.01253,2.09094,2.16741,2.24206,2.315,2.38641,2.45642,2.52517,2.59282,2.65953,2.72546,2.79082,2.85575,2.92037,2.98479,3.04908,3.11333,3.17759,3.2419,3.30622,3.37047,3.43459,3.4985,3.56209,3.62518,3.68755,3.74899,3.80934,3.86835,3.92567,3.98106,4.03429,4.08506,4.133,4.17789,4.21952,4.2575,4.29164,4.32178,4.34758,4.36897,4.38579,4.39782,4.40516,4.40753
-1.3571,-1.35654,-1.35465,-1.3516,-1.34712,-1.34132,-1.33395,-1.32493,-1.31419,-1.30145,-1.2866,-1.26953,-1.24994,-1.22767,-1.20263,-1.17458,-1.1433,-1.10868,-1.07063,-1.02898,-0.983574,-0.934375,-0.881367,-0.824499,-0.763727,-0.699076,-0.630635,-0.558514,-0.482813,-0.403646,-0.321181,-0.235642,-0.147277,-0.0563381,0.0369281,0.13226,0.229372,0.327953,0.427685,0.52826,0.62939,0.730792,0.832188,0.933292,1.03383,1.13354,1.23218,1.32957,1.42554,1.51997,1.61274,1.70377,1.79297,1.88029,1.9657,2.04922,2.13088,2.21076,2.28897,2.3656,2.44075,2.51453,2.58706,2.65846,2.72889,2.79848,2.86735,2.93561,3.00334,3.07063,3.13759,3.20427,3.27071,3.33687,3.40272,3.46823,3.53335,3.598,3.66199,3.72516,3.78739,3.84851,3.90829,3.96646,4.0228,4.07715,4.12918,4.17861,4.22523,4.26885,4.30909,4.34579,4.3788,4.40777,4.43262,4.45322,4.4693,4.48095,4.48789,4.49027
-1.38749,-1.38664,-1.38413,-1.37987,-1.37392,-1.36606,-1.3564,-1.34471,-1.3309,-1.31497,-1.29666,-1.27589,-1.2526,-1.22658,-1.19767,-1.16585,-1.13097,-1.09286,-1.05144,-1.0067,-0.958539,-0.906862,-0.851645,-0.792928,-0.73073,-0.66505,-0.595923,-0.523455,-0.447785,-0.36905,-0.287379,-0.202924,-0.115879,-0.0264757,0.0650462,0.158466,0.253564,0.350113,0.447863,0.546544,0.645885,0.745631,0.845544,0.945398,1.04498,1.14407,1.24249,1.34004,1.43659,1.53198,1.62612,1.71891,1.81026,1.90013,1.98847,2.07529,2.16058,2.24438,2.32671,2.40761,2.48715,2.56539,2.64243,2.71836,2.79326,2.86719,2.9402,3.01233,3.08368,3.1543,3.22424,3.2935,3.36206,3.4299,3.49704,3.56343,3.62899,3.69357,3.75707,3.81942,3.88047,3.94002,3.99787,4.0539,4.10794,4.15972,4.20903,4.25575,4.29965,4.34046,4.37806,4.41229,4.44288,4.46974,4.49277,4.5117,4.52662,4.53728,4.54373,4.54587
-1.40791,-1.40675,-1.40342,-1.39778,-1.38987,-1.37969,-1.36708,-1.35216,-1.33474,-1.3148,-1.29235,-1.26723,-1.23939,-1.20886,-1.17549,-1.13921,-1.10002,-1.0579,-1.01273,-0.964496,-0.913222,-0.858914,-0.801527,-0.741059,-0.677584,-0.611181,-0.541897,-0.469775,-0.39491,-0.317441,-0.237514,-0.155252,-0.0707731,0.0157842,0.10425,0.19443,0.286142,0.379216,0.473482,0.56876,0.66485,0.761546,0.858651,0.955991,1.05341,1.15078,1.24794,1.34477,1.4411,1.5368,1.63175,1.72585,1.81903,1.91124,2.00245,2.09259,2.18163,2.26952,2.35623,2.44174,2.52606,2.60923,2.69125,2.77215,2.8519,2.93051,3.00798,3.08435,3.15963,3.23378,3.30677,3.37857,3.44917,3.51858,3.58673,3.65353,3.7189,3.78279,3.84515,3.90585,3.96473,4.02168,4.07664,4.12947,4.17996,4.228,4.27353,4.31636,4.35629,4.39328,4.42722,4.45788,4.48523,4.5092,4.52957,4.54641,4.55955,4.56896,4.57467,4.57652
-1.41508,-1.41371,-1.40938,-1.40229,-1.39227,-1.37943,-1.36377,-1.34519,-1.32386,-1.29966,-1.2726,-1.24279,-1.21014,-1.17467,-1.13647,-1.09553,-1.05179,-1.00535,-0.956264,-0.904519,-0.850112,-0.793131,-0.733656,-0.671707,-0.607303,-0.540525,-0.471483,-0.400255,-0.326889,-0.251442,-0.174013,-0.0947188,-0.0136563,0.0690999,0.153477,0.239379,0.326678,0.415243,0.504955,0.595711,0.687419,0.779973,0.873258,0.967153,1.06155,1.15634,1.25142,1.34669,1.44205,1.53738,1.63258,1.72755,1.82221,1.91647,2.01026,2.10348,2.19604,2.28786,2.37888,2.46901,2.5582,2.64636,2.73341,2.81927,2.90389,2.98722,3.06922,3.14983,3.22894,3.30647,3.38237,3.45659,3.52908,3.59975,3.6685,3.73529,3.80007,3.86281,3.92339,3.98172,4.03776,4.09148,4.14278,4.19155,4.23773,4.28134,4.32224,4.36032,4.39563,4.4281,4.45757,4.4841,4.50767,4.52809,4.54549,4.55975,4.57084,4.57884,4.58356,4.58521
-1.40565,-1.40388,-1.39872,-1.39003,-1.37802,-1.36253,-1.34376,-1.32171,-1.29637,-1.26797,-1.23646,-1.20191,-1.16453,-1.12433,-1.08135,-1.03578,-0.987723,-0.937183,-0.884288,-0.829193,-0.771964,-0.712642,-0.651333,-0.588175,-0.523242,-0.456566,-0.388209,-0.318268,-0.246827,-0.17392,-0.0995599,-0.0237795,0.0533608,0.131802,0.211507,0.292465,0.374657,0.458044,0.542574,0.628202,0.714902,0.802662,0.891464,0.981269,1.07201,1.16362,1.25601,1.34911,1.44288,1.53725,1.63214,1.72746,1.82309,1.9189,2.01477,2.11057,2.20618,2.30149,2.39638,2.49072,2.58433,2.67704,2.7687,2.85917,2.94834,3.03606,3.1222,3.20659,3.28911,3.36965,3.44812,3.52439,3.59833,3.66983,3.73882,3.80528,3.86911,3.93024,3.9886,4.04421,4.09707,4.1471,4.19427,4.23862,4.28019,4.3189,4.35477,4.38788,4.41823,4.44577,4.47061,4.49278,4.51219,4.52901,4.54319,4.55472,4.56374,4.57009,4.57397,4.5752
-1.37594,-1.37394,-1.3679,-1.35793,-1.34396,-1.32622,-1.3046,-1.27937,-1.25058,-1.2183,-1.18281,-1.14415,-1.10247,-1.05802,-1.01092,-0.961289,-0.909354,-0.855309,-0.799241,-0.741301,-0.681701,-0.620582,-0.558019,-0.494114,-0.429018,-0.362834,-0.295598,-0.227332,-0.158089,-0.0879269,-0.0168641,0.0551262,0.128073,0.201985,0.27686,0.35271,0.429587,0.507559,0.586686,0.667009,0.748553,0.831344,0.915415,1.0008,1.0875,1.17551,1.26481,1.35537,1.44713,1.54006,1.63408,1.72911,1.82501,1.92165,2.01889,2.11656,2.21451,2.31256,2.41051,2.50815,2.60527,2.70165,2.7971,2.8914,2.98432,3.07562,3.16507,3.2525,3.33775,3.42066,3.50103,3.57868,3.65349,3.72538,3.79424,3.85997,3.92247,3.98171,4.03772,4.09049,4.13997,4.18619,4.22927,4.26925,4.30613,4.34,4.37103,4.39924,4.42466,4.44752,4.46786,4.48569,4.50124,4.51452,4.52556,4.53458,4.54145,4.54638,4.5493,4.55027
-1.32288,-1.32069,-1.31398,-1.30293,-1.28752,-1.26784,-1.24411,-1.21631,-1.18475,-1.14954,-1.11083,-1.06893,-1.024,-0.976205,-0.925882,-0.873231,-0.818407,-0.761683,-0.703328,-0.643488,-0.582322,-0.520057,-0.456881,-0.392889,-0.32816,-0.262814,-0.196957,-0.130621,-0.0637937,0.00352863,0.0713297,0.139613,0.208437,0.277894,0.348073,0.419053,0.490914,0.56376,0.637724,0.712931,0.789487,0.867464,0.946922,1.02792,1.11054,1.19484,1.28086,1.3686,1.45804,1.5491,1.64171,1.73576,1.83116,1.92779,2.02548,2.12407,2.22331,2.32297,2.42279,2.52252,2.62192,2.72075,2.81873,2.91556,3.01093,3.10457,3.19624,3.28569,3.37268,3.45694,3.53829,3.61655,3.6916,3.7633,3.83149,3.89606,3.957,4.0143,4.06791,4.11781,4.16407,4.20682,4.24612,4.282,4.31465,4.34424,4.37086,4.39462,4.41579,4.43447,4.45075,4.4649,4.477,4.48713,4.49556,4.50224,4.50736,4.51098,4.51309,4.51383
-1.24402,-1.2416,-1.23456,-1.22276,-1.20643,-1.18559,-1.1604,-1.13109,-1.09772,-1.06063,-1.02001,-0.976037,-0.929085,-0.879373,-0.82711,-0.772655,-0.716291,-0.658199,-0.598656,-0.537966,-0.476319,-0.413862,-0.350794,-0.287316,-0.223531,-0.15949,-0.0952659,-0.0309431,0.0334464,0.0979402,0.162596,0.22746,0.29258,0.358054,0.424026,0.490659,0.558102,0.626484,0.695933,0.7666,0.838642,0.912212,0.987436,1.06442,1.14325,1.224,1.30675,1.39151,1.47829,1.56703,1.65768,1.75012,1.84426,1.93995,2.03703,2.13528,2.23445,2.33429,2.43454,2.53491,2.63509,2.73478,2.83362,2.93131,3.02756,3.12205,3.21449,3.30455,3.39193,3.47639,3.55771,3.63571,3.7102,3.78098,3.84795,3.91108,3.97029,4.02553,4.07677,4.1241,4.16761,4.20733,4.24337,4.27592,4.30517,4.33121,4.35426,4.37458,4.39232,4.40764,4.42084,4.43206,4.44143,4.44924,4.45553,4.46048,4.46425,4.46681,4.46839,4.46885
-1.13763,-1.13525,-1.12798,-1.11604,-1.09933,-1.07816,-1.05251,-1.02266,-0.988835,-0.95114,-0.909962,-0.865523,-0.818032,-0.767886,-0.715358,-0.660669,-0.604173,-0.546194,-0.486926,-0.42661,-0.365547,-0.303944,-0.241929,-0.179653,-0.117297,-0.0549735,0.00728638,0.0694602,0.131504,0.193402,0.255216,0.317057,0.379039,0.441263,0.503853,0.566966,0.63079,0.69551,0.761285,0.828263,0.896606,0.966491,1.0381,1.11158,1.18705,1.26457,1.34419,1.42593,1.50982,1.59586,1.684,1.77416,1.8662,1.95994,2.0552,2.15175,2.24937,2.34784,2.44687,2.54613,2.64527,2.74395,2.84183,2.93861,3.03395,3.12753,3.21899,3.30801,3.39433,3.47769,3.55784,3.63451,3.70751,3.77671,3.84204,3.90337,3.96063,4.0138,4.06294,4.1081,4.14929,4.18663,4.2203,4.25046,4.27722,4.30081,4.32152,4.33948,4.35489,4.36811,4.37927,4.38855,4.39628,4.40252,4.40749,4.4114,4.41423,4.41626,4.41737,4.41779
-1.00332,-1.00096,-0.993903,-0.982163,-0.965913,-0.945131,-0.920141,-0.890954,-0.85787,-0.821137,-0.78089,-0.737519,-0.691274,-0.642363,-0.591173,-0.537999,-0.483044,-0.426624,-0.369063,-0.310552,-0.251278,-0.191503,-0.131439,-0.0711972,-0.0108786,0.0493747,0.109456,0.169348,0.229083,0.288675,0.348145,0.407563,0.467063,0.526795,0.586886,0.64746,0.708661,0.770675,0.833705,0.897941,0.963549,1.03068,1.09948,1.17009,1.24265,1.31724,1.39391,1.4727,1.55362,1.63666,1.72179,1.80891,1.8979,1.98859,2.0808,2.17433,2.26895,2.36441,2.4604,2.55663,2.65277,2.74852,2.84355,2.9375,3.03003,3.12078,3.20947,3.29581,3.37954,3.46035,3.53798,3.61222,3.6829,3.74989,3.81303,3.8722,3.9274,3.97865,4.02595,4.06928,4.10876,4.14456,4.17676,4.20547,4.23091,4.25334,4.27287,4.28973,4.30424,4.31655,4.32685,4.33548,4.34253,4.34821,4.35277,4.35622,4.35883,4.36058,4.36163,4.36196
-0.841671,-0.839432,-0.832853,-0.821878,-0.806642,-0.787263,-0.763791,-0.736536,-0.705525,-0.67107,-0.633411,-0.592679,-0.549241,-0.503349,-0.455174,-0.405054,-0.353278,-0.300013,-0.245505,-0.190051,-0.133834,-0.0769866,-0.0197138,0.0377876,0.0954164,0.153125,0.210832,0.268459,0.326001,0.38352,0.441076,0.498709,0.556474,0.61448,0.672874,0.731797,0.791379,0.851753,0.913081,0.975547,1.03932,1.10455,1.17132,1.23973,1.30989,1.38189,1.45582,1.53171,1.60957,1.68934,1.77095,1.85432,1.93935,2.02593,2.11391,2.20308,2.2932,2.38399,2.4752,2.56659,2.65788,2.74879,2.83898,2.92814,3.01593,3.10208,3.18632,3.26835,3.3479,3.4247,3.49858,3.56936,3.63685,3.70086,3.76128,3.81807,3.87118,3.92057,3.96622,4.00822,4.04667,4.08163,4.11317,4.14151,4.16682,4.18917,4.2088,4.22596,4.24076,4.25341,4.26421,4.27323,4.2807,4.28686,4.29173,4.29557,4.29843,4.30038,4.30157,4.30192
-0.654391,-0.652477,-0.646549,-0.63684,-0.623242,-0.605972,-0.585087,-0.560688,-0.533048,-0.502188,-0.46839,-0.431871,-0.392725,-0.351254,-0.307686,-0.26214,-0.214873,-0.166145,-0.116085,-0.06486,-0.0127188,0.0401707,0.0937232,0.147812,0.202279,0.25704,0.312087,0.367401,0.422927,0.478647,0.534608,0.590877,0.647498,0.704508,0.761983,0.820048,0.878841,0.93848,0.999054,1.06065,1.12339,1.18738,1.25272,1.31949,1.38775,1.45755,1.52893,1.60192,1.6765,1.75262,1.83024,1.90925,1.98959,2.07113,2.15372,2.2372,2.32135,2.406,2.4909,2.57585,2.66059,2.74485,2.82839,2.91095,2.99231,3.07222,3.15038,3.22655,3.30052,3.3721,3.44114,3.50743,3.57081,3.63118,3.68848,3.7426,3.79346,3.84102,3.88534,3.92645,3.96435,3.9991,4.03087,4.05975,4.08579,4.10917,4.13008,4.14857,4.16482,4.17906,4.19134,4.20184,4.21079,4.21817,4.22424,4.22905,4.23265,4.23524,4.2367,4.23725
-0.44443,-0.442746,-0.437862,-0.42964,-0.418306,-0.403741,-0.386185,-0.365638,-0.342202,-0.316096,-0.287308,-0.256056,-0.222506,-0.186697,-0.148846,-0.109136,-0.0676283,-0.024489,0.0200649,0.0659445,0.113064,0.161247,0.210357,0.260352,0.311181,0.362738,0.41494,0.467781,0.521263,0.575344,0.629978,0.685174,0.740989,0.797471,0.854639,0.912521,0.971172,1.03067,1.09107,1.1524,1.2147,1.278,1.34236,1.40785,1.4745,1.5423,1.61122,1.68122,1.75231,1.82444,1.8976,1.97171,2.04665,2.1223,2.19852,2.2752,2.35223,2.42946,2.50672,2.58382,2.66053,2.73669,2.81213,2.88667,2.96014,3.0323,3.10299,3.17205,3.23933,3.30465,3.36784,3.42877,3.48737,3.54357,3.59727,3.64835,3.69679,3.74261,3.78576,3.82618,3.86393,3.89909,3.93167,3.96169,3.98927,4.01453,4.03746,4.05817,4.07683,4.09343,4.10808,4.12096,4.13201,4.14143,4.14927,4.15552,4.1604,4.16377,4.16584,4.16648
-0.215309,-0.214043,-0.210224,-0.20391,-0.195043,-0.183785,-0.170008,-0.153921,-0.135461,-0.114696,-0.0917725,-0.0666184,-0.0393746,-0.0101505,0.0210876,0.0542129,0.0890915,0.125723,0.16404,0.20389,0.245223,0.288038,0.332241,0.377728,0.424471,0.472463,0.52163,0.571875,0.623163,0.675495,0.72884,0.783139,0.838355,0.894497,0.951576,1.00956,1.0684,1.12806,1.18853,1.24982,1.31192,1.37481,1.43844,1.50279,1.56784,1.63354,1.69986,1.76675,1.83416,1.90202,1.9703,2.03892,2.10779,2.17683,2.24596,2.31509,2.38413,2.45297,2.52151,2.58964,2.65727,2.72429,2.79059,2.85603,2.92048,2.98387,3.04611,3.10712,3.16678,3.22495,3.28156,3.33656,3.38988,3.4414,3.49106,3.53884,3.58474,3.62867,3.67057,3.71044,3.74831,3.78409,3.81776,3.84939,3.87899,3.9065,3.93197,3.9555,3.97698,3.99648,4.0141,4.02971,4.04344,4.05532,4.06525,4.07342,4.07968,4.08418,4.08686,4.08775
0.0286069,0.0294471,0.0320874,0.0364295,0.0425386,0.0504227,0.0600179,0.0714684,0.0846272,0.0996304,0.116469,0.135067,0.15556,0.1779,0.202034,0.22806,0.255958,0.285653,0.317203,0.350643,0.385896,0.42294,0.461824,0.502519,0.544935,0.589027,0.634798,0.6822,0.731134,0.78153,0.833368,0.886607,0.941155,0.996896,1.05375,1.11165,1.17052,1.23026,1.29075,1.35191,1.41368,1.47599,1.53872,1.60175,1.66499,1.72836,1.7918,1.85527,1.91868,1.98192,2.04491,2.10758,2.1699,2.23184,2.29336,2.35439,2.41485,2.4747,2.53391,2.59248,2.6504,2.70762,2.76408,2.81976,2.87463,2.92871,2.98194,3.03428,3.08571,3.13624,3.18584,3.23447,3.28204,3.32852,3.37392,3.41819,3.46125,3.50304,3.54358,3.58283,3.62064,3.65697,3.69183,3.72512,3.75671,3.78662,3.81481,3.84114,3.8656,3.88819,3.90876,3.92732,3.94385,3.9582,3.97048,3.98052,3.98837,3.99401,3.99736,3.99852
0.282678,0.283202,0.284589,0.287043,0.290431,0.294928,0.30052,0.307253,0.315301,0.32459,0.335318,0.347546,0.361272,0.376689,0.393843,0.412749,0.433569,0.456386,0.481189,0.508078,0.537159,0.568411,0.60182,0.637439,0.675284,0.715281,0.757367,0.801538,0.847761,0.895931,0.945922,0.99764,1.05099,1.10585,1.16201,1.21934,1.27769,1.33695,1.39696,1.45753,1.51847,1.57962,1.64085,1.70202,1.763,1.82363,1.88379,1.94338,2.0023,2.06046,2.11779,2.17424,2.22976,2.28432,2.3379,2.39049,2.44211,2.49279,2.54255,2.59142,2.63942,2.6866,2.73304,2.77883,2.82401,2.8686,2.91264,2.95617,2.99927,3.042,3.08434,3.1263,3.16791,3.20919,3.25008,3.29052,3.33047,3.36993,3.40881,3.44699,3.48442,3.52104,3.55668,3.59119,3.62451,3.65652,3.68699,3.71587,3.74306,3.76833,3.79164,3.8129,3.83188,3.84863,3.86294,3.87476,3.88409,3.89072,3.89478,3.89608
0.542511,0.542591,0.542996,0.543601,0.544633,0.545987,0.547919,0.550428,0.55365,0.557792,0.562855,0.569097,0.576649,0.585578,0.596141,0.608476,0.622655,0.638884,0.657326,0.67801,0.70104,0.726557,0.754585,0.785106,0.818168,0.853815,0.891997,0.932621,0.975635,1.02098,1.06852,1.11806,1.16944,1.22251,1.27712,1.33304,1.39004,1.44791,1.50644,1.56542,1.62461,1.68375,1.74267,1.80117,1.8591,1.91628,1.97253,2.02768,2.08161,2.13427,2.18561,2.23558,2.28411,2.33118,2.37679,2.421,2.46389,2.50554,2.54602,2.58539,2.62376,2.66127,2.69806,2.73425,2.76996,2.8053,2.84042,2.87544,2.91044,2.94547,2.98061,3.01597,3.0516,3.08749,3.12362,3.15999,3.19658,3.2333,3.27,3.30666,3.34318,3.37936,3.41505,3.45015,3.48446,3.51771,3.5498,3.58053,3.60962,3.63696,3.66238,3.68559,3.70657,3.72509,3.74098,3.75424,3.76458,3.77212,3.7766,3.77814
0.803849,0.803679,0.803159,0.802373,0.801311,0.800191,0.798969,0.797947,0.797153,0.796803,0.797141,0.798234,0.800395,0.80383,0.808657,0.815173,0.823584,0.833991,0.846605,0.861629,0.879125,0.899181,0.921955,0.947512,0.975836,1.00694,1.04086,1.07753,1.11683,1.15861,1.2028,1.24922,1.29768,1.34794,1.39981,1.45308,1.50748,1.56271,1.61849,1.67456,1.7307,1.78666,1.84218,1.89699,1.95087,2.00363,2.05511,2.10515,2.15363,2.20043,2.24548,2.28872,2.33015,2.36978,2.40767,2.44387,2.47845,2.51151,2.54319,2.57367,2.60312,2.6317,2.65956,2.68685,2.71379,2.7406,2.76745,2.79447,2.8218,2.84957,2.87793,2.90695,2.93666,2.96712,2.99839,3.03046,3.06326,3.09669,3.13071,3.1652,3.19996,3.23483,3.2697,3.30433,3.33846,3.37194,3.40453,3.4359,3.46589,3.49425,3.52066,3.54501,3.56704,3.58651,3.60337,3.61731,3.62835,3.63628,3.64108,3.64268
1.06338,1.06302,1.06185,1.05999,1.05747,1.0544,1.05096,1.04717,1.04339,1.03966,1.03627,1.03349,1.03146,1.03049,1.03086,1.03269,1.03629,1.04189,1.0496,1.05963,1.07219,1.08738,1.10527,1.12599,1.14963,1.17614,1.20548,1.23763,1.27252,1.31001,1.34992,1.39212,1.43645,1.48265,1.53046,1.5796,1.62981,1.68082,1.73235,1.78408,1.83573,1.88705,1.93776,1.9876,2.0363,2.08365,2.12949,2.17368,2.21609,2.25658,2.29507,2.3315,2.3659,2.39833,2.42884,2.45749,2.48436,2.5096,2.53339,2.55592,2.57739,2.59799,2.61791,2.6374,2.65668,2.67595,2.6954,2.71522,2.73564,2.75683,2.77889,2.8019,2.82595,2.85115,2.87751,2.90499,2.93356,2.96323,2.99386,3.02528,3.05735,3.08996,3.12281,3.15569,3.18844,3.22078,3.25238,3.28308,3.31258,3.34052,3.36677,3.391,3.41293,3.43247,3.44928,3.4633,3.47435,3.48229,3.48713,3.48871
1.31866,1.3181,1.31661,1.31405,1.31067,1.30642,1.30153,1.29615,1.29038,1.28458,1.27882,1.27342,1.26867,1.2647,1.26184,1.26035,1.26038,1.26219,1.26605,1.27207,1.28042,1.29132,1.30485,1.32106,1.34001,1.36175,1.38625,1.41341,1.44319,1.47551,1.51022,1.54711,1.58599,1.62666,1.66887,1.71233,1.75676,1.80189,1.84748,1.89324,1.93883,1.98396,2.02837,2.07182,2.11412,2.15504,2.19437,2.23194,2.26762,2.30133,2.33303,2.36268,2.39026,2.4158,2.43935,2.46103,2.48098,2.49936,2.51631,2.53201,2.54664,2.56045,2.57371,2.58664,2.59945,2.61233,2.6255,2.63922,2.65367,2.66898,2.68531,2.70281,2.72159,2.74167,2.76304,2.78575,2.80981,2.83512,2.86154,2.88903,2.91745,2.94654,2.9761,3.00598,3.03588,3.06552,3.09471,3.12316,3.15054,3.17667,3.20125,3.22394,3.24465,3.26301,3.27891,3.29217,3.30257,3.31015,3.31466,3.31623
1.56806,1.56753,1.56583,1.56313,1.55935,1.55477,1.54935,1.54335,1.53692,1.53019,1.52349,1.51692,1.51076,1.50528,1.5006,1.49703,1.49482,1.4941,1.4951,1.49808,1.50314,1.51037,1.51994,1.53194,1.54634,1.56318,1.58251,1.60427,1.62836,1.65468,1.68314,1.71358,1.74577,1.77949,1.81455,1.85075,1.88783,1.9255,1.96349,2.00155,2.03942,2.07685,2.11357,2.14936,2.18402,2.21739,2.24926,2.27947,2.3079,2.3345,2.35922,2.38205,2.40296,2.42197,2.43915,2.45461,2.46849,2.48093,2.49207,2.50208,2.51118,2.51959,2.5275,2.53512,2.54268,2.55042,2.55856,2.56726,2.57666,2.58694,2.59829,2.61083,2.62461,2.63969,2.65615,2.67399,2.69312,2.7135,2.7351,2.75781,2.78143,2.80584,2.8309,2.85633,2.88189,2.90742,2.93264,2.95722,2.98103,3.00377,3.02515,3.04505,3.06314,3.07926,3.09326,3.10488,3.11413,3.12074,3.1248,3.12611
1.81118,1.81066,1.80911,1.80655,1.80311,1.79877,1.79379,1.78813,1.78209,1.77574,1.76922,1.76283,1.75662,1.75083,1.74573,1.74139,1.73807,1.73601,1.73529,1.73606,1.73854,1.74279,1.74884,1.75682,1.7668,1.77877,1.79269,1.80859,1.82642,1.84605,1.86734,1.89019,1.91449,1.94006,1.96668,1.99418,2.02237,2.05104,2.07992,2.1088,2.13747,2.16578,2.19351,2.22046,2.24641,2.27121,2.29474,2.31693,2.33768,2.35689,2.37449,2.39047,2.40486,2.41772,2.42911,2.43908,2.4477,2.45509,2.46143,2.4669,2.47167,2.47588,2.47967,2.48325,2.48684,2.49063,2.49477,2.49941,2.50472,2.51085,2.51791,2.52595,2.53509,2.54542,2.55697,2.5697,2.5836,2.59868,2.61482,2.63189,2.64984,2.66856,2.68784,2.7075,2.72745,2.74742,2.76715,2.78654,2.80531,2.82322,2.84019,2.85592,2.87026,2.88312,2.89422,2.90356,2.91091,2.91626,2.91948,2.92056
2.04841,2.04798,2.04679,2.0448,2.0421,2.03876,2.03481,2.03045,2.02563,2.02059,2.01539,2.01012,2.00501,2.00011,1.99558,1.99164,1.98832,1.98578,1.9842,1.98362,1.9841,1.98581,1.9888,1.99307,1.99869,2.00572,2.01414,2.02385,2.03485,2.04711,2.06054,2.07501,2.09046,2.10679,2.12387,2.14152,2.15958,2.17793,2.19644,2.21496,2.23332,2.25137,2.26896,2.28599,2.30232,2.31783,2.33244,2.34608,2.35868,2.37019,2.38057,2.38981,2.39793,2.40496,2.41094,2.41593,2.41998,2.42321,2.4257,2.42757,2.42893,2.42991,2.43067,2.43134,2.43202,2.43282,2.43387,2.43535,2.43737,2.43999,2.44328,2.44733,2.45223,2.45799,2.4646,2.47213,2.48059,2.48991,2.50001,2.51088,2.52244,2.53452,2.54705,2.55997,2.57309,2.58625,2.59941,2.61233,2.62484,2.63691,2.64828,2.65884,2.66856,2.67717,2.68473,2.69103,2.69602,2.69966,2.70183,2.70259
2.281,2.28082,2.28008,2.27899,2.2774,2.27547,2.27317,2.27054,2.2677,2.26459,2.2614,2.25812,2.25481,2.25163,2.24856,2.24567,2.24311,2.24085,2.23893,2.2375,2.23656,2.23612,2.23628,2.23709,2.23851,2.24054,2.24322,2.24654,2.25042,2.25486,2.25988,2.26542,2.27141,2.27775,2.28441,2.29135,2.29848,2.3057,2.31297,2.32024,2.32742,2.33442,2.34114,2.34754,2.35361,2.35931,2.36456,2.36928,2.37344,2.37706,2.38016,2.38273,2.38474,2.38618,2.38708,2.38749,2.3875,2.38713,2.3864,2.38535,2.38404,2.38259,2.38107,2.37952,2.37798,2.37654,2.37528,2.37425,2.37348,2.37303,2.373,2.37343,2.37429,2.37558,2.37738,2.3797,2.38248,2.38572,2.38947,2.39366,2.39819,2.40306,2.40825,2.41361,2.4191,2.42474,2.43038,2.43595,2.44148,2.44679,2.45182,2.45658,2.46088,2.46478,2.46816,2.47097,2.47324,2.47482,2.47585,2.47614
2.51104,2.51097,2.51092,2.51071,2.51052,2.51015,2.50975,2.50921,2.50857,2.50787,2.507,2.50611,2.50509,2.50393,2.50271,2.50132,2.49976,2.49809,2.49626,2.49422,2.49207,2.48979,2.48731,2.48468,2.48193,2.479,2.47588,2.47262,2.46927,2.46578,2.46214,2.45838,2.45454,2.45056,2.44646,2.44226,2.43802,2.43375,2.4294,2.42497,2.4205,2.41603,2.41156,2.4071,2.40264,2.39819,2.39378,2.38942,2.3851,2.38084,2.37663,2.37248,2.3684,2.36439,2.36046,2.35659,2.35279,2.34904,2.34536,2.34176,2.33824,2.33476,2.3313,2.32787,2.32451,2.32122,2.31798,2.31473,2.31151,2.30833,2.3052,2.30208,2.29899,2.29597,2.29301,2.29004,2.28709,2.28421,2.28139,2.27858,2.27585,2.27323,2.27064,2.2681,2.2657,2.26335,2.26108,2.259,2.25701,2.25517,2.25354,2.252,2.25067,2.24949,2.24842,2.24759,2.24686,2.2464,2.24605,2.24598
2.74063,2.74079,2.74126,2.74205,2.74305,2.74433,2.74572,2.7473,2.74889,2.7505,2.75209,2.75346,2.75468,2.75558,2.75605,2.7561,2.75559,2.75443,2.75263,2.7501,2.74672,2.74251,2.73744,2.73141,2.72441,2.71652,2.70772,2.69797,2.68736,2.67593,2.66371,2.6507,2.63701,2.62275,2.608,2.5928,2.57725,2.56145,2.5455,2.52949,2.51349,2.49763,2.48201,2.46671,2.45178,2.43726,2.42325,2.40983,2.39706,2.38494,2.37346,2.36262,2.35246,2.34301,2.33424,2.32607,2.31845,2.31134,2.30473,2.29855,2.29273,2.28716,2.28178,2.27654,2.27136,2.26614,2.26082,2.25538,2.24975,2.24384,2.23757,2.23095,2.22397,2.2166,2.20879,2.20058,2.19199,2.18299,2.17359,2.16389,2.15395,2.14376,2.13345,2.12314,2.11281,2.10256,2.09256,2.0828,2.07339,2.06451,2.05612,2.04839,2.04139,2.0351,2.02974,2.02518,2.02164,2.01903,2.01747,2.01694
2.972,2.97234,2.97325,2.97479,2.97686,2.97942,2.98242,2.98567,2.9892,2.99274,2.99625,2.99957,3.00247,3.00493,3.00673,3.00771,3.00782,3.00688,3.00472,3.0013,2.99649,2.99014,2.98222,2.97272,2.96157,2.94874,2.9343,2.91828,2.90065,2.88149,2.86095,2.83912,2.81609,2.79201,2.76704,2.74134,2.71503,2.68825,2.66123,2.63417,2.60722,2.58053,2.55421,2.52845,2.50342,2.47925,2.45602,2.43382,2.41272,2.3928,2.3741,2.35665,2.34044,2.32541,2.31155,2.2988,2.28712,2.27641,2.26653,2.25735,2.24877,2.2407,2.23302,2.22554,2.2181,2.21057,2.20288,2.19489,2.18646,2.1775,2.16794,2.15771,2.14671,2.13488,2.12226,2.10887,2.09466,2.07968,2.06403,2.04775,2.03088,2.01359,1.99605,1.9783,1.96054,1.94297,1.92565,1.90876,1.89252,1.87698,1.86238,1.84889,1.83655,1.82564,1.81615,1.80828,1.80207,1.79756,1.79488,1.79394
3.20694,3.20732,3.2086,3.21059,3.21339,3.21679,3.22077,3.22518,3.2298,3.23458,3.23919,3.24353,3.2474,3.25053,3.25283,3.25405,3.25397,3.25248,3.24937,3.24443,3.2376,3.22877,3.21777,3.20458,3.18921,3.17157,3.15165,3.12952,3.10528,3.07898,3.05073,3.02072,2.98913,2.9561,2.92178,2.88642,2.85029,2.81361,2.77657,2.73942,2.7024,2.66573,2.62962,2.59427,2.55988,2.52664,2.4947,2.46416,2.4351,2.40763,2.38183,2.35773,2.3353,2.31449,2.29526,2.27755,2.26128,2.24631,2.23248,2.21965,2.20766,2.19634,2.18549,2.17492,2.16447,2.15398,2.14322,2.132,2.12019,2.10771,2.09443,2.08019,2.06492,2.04861,2.03121,2.01266,1.99304,1.97245,1.95093,1.92853,1.90545,1.88182,1.85774,1.83344,1.80918,1.78505,1.76133,1.73829,1.71602,1.69481,1.6749,1.65638,1.63961,1.62464,1.6117,1.60097,1.59245,1.58637,1.58263,1.58144
3.4465,3.44699,3.44831,3.45055,3.4535,3.45721,3.46139,3.46602,3.47086,3.47569,3.4804,3.48463,3.48827,3.49106,3.49268,3.49302,3.49179,3.48872,3.4837,3.47656,3.46706,3.45514,3.44073,3.42366,3.40389,3.38144,3.35631,3.3285,3.29814,3.26537,3.23031,3.19308,3.15388,3.11297,3.07057,3.02692,2.98228,2.93698,2.89126,2.84536,2.79955,2.75413,2.70939,2.66557,2.62284,2.58138,2.5414,2.50309,2.46658,2.43194,2.39919,2.36838,2.33953,2.31265,2.28767,2.26447,2.24289,2.22284,2.20418,2.18677,2.17037,2.15474,2.13967,2.12499,2.1105,2.09595,2.08113,2.06587,2.04998,2.03329,2.01563,1.99692,1.97713,1.95615,1.93389,1.91041,1.88576,1.85996,1.83309,1.80536,1.77688,1.74777,1.71827,1.68861,1.65893,1.62953,1.60071,1.57263,1.54564,1.51999,1.49586,1.47359,1.45333,1.43529,1.41974,1.40672,1.39651,1.38908,1.38465,1.38312
3.6912,3.69161,3.69283,3.69478,3.69743,3.70057,3.70419,3.70797,3.7119,3.71567,3.71909,3.72201,3.72406,3.72508,3.72481,3.72291,3.71925,3.71358,3.70565,3.69534,3.68251,3.66693,3.64853,3.62728,3.60307,3.57586,3.54575,3.51279,3.47701,3.43853,3.39754,3.3542,3.30869,3.26125,3.21219,3.16178,3.11025,3.05787,3.00498,2.95189,2.8989,2.84627,2.79427,2.74316,2.6932,2.6446,2.59754,2.5522,2.50873,2.46721,2.42771,2.39027,2.3549,2.3216,2.2903,2.26089,2.23328,2.20733,2.18287,2.15971,2.13765,2.11651,2.09607,2.07608,2.05629,2.03649,2.01653,1.9962,1.97527,1.95355,1.93093,1.90733,1.8826,1.8567,1.82965,1.80145,1.77208,1.74161,1.71021,1.67796,1.64498,1.61155,1.57785,1.54403,1.5104,1.47723,1.44471,1.41318,1.38295,1.35421,1.32734,1.30253,1.27999,1.26003,1.2427,1.22833,1.21693,1.20872,1.20374,1.20208
3.94041,3.94065,3.94145,3.94267,3.94429,3.94619,3.94819,3.95025,3.95205,3.95356,3.95446,3.95456,3.95368,3.95148,3.94781,3.94244,3.93507,3.92558,3.91377,3.89939,3.88233,3.8625,3.83972,3.81394,3.78519,3.75344,3.71866,3.68096,3.64043,3.59715,3.55123,3.50294,3.45248,3.40006,3.34588,3.29025,3.23345,3.17576,3.11746,3.05887,3.00029,2.94201,2.88424,2.82724,2.7713,2.71666,2.66349,2.61191,2.56206,2.51406,2.46804,2.42404,2.38203,2.34198,2.30385,2.26761,2.23317,2.20039,2.16906,2.13904,2.11016,2.08227,2.05512,2.0285,2.00219,1.97603,1.94978,1.92324,1.89627,1.86877,1.84057,1.81152,1.78155,1.75066,1.71884,1.68604,1.65234,1.61786,1.58263,1.54673,1.51041,1.47382,1.43712,1.4006,1.36452,1.32903,1.29448,1.26114,1.22919,1.199,1.17078,1.14476,1.12127,1.10037,1.08239,1.06741,1.05558,1.04707,1.04189,1.04019
4.1924,4.19246,4.19248,4.19258,4.19254,4.19243,4.19203,4.19126,4.18999,4.18795,4.18509,4.18111,4.17586,4.16919,4.16081,4.15063,4.13845,4.12403,4.10725,4.08797,4.06599,4.04125,4.01372,3.9833,3.94995,3.91374,3.87467,3.83274,3.78806,3.74082,3.69111,3.63908,3.58493,3.52889,3.47115,3.41192,3.35149,3.29016,3.22819,3.1658,3.10322,3.04077,2.97871,2.91728,2.85666,2.79704,2.73863,2.68158,2.62604,2.57209,2.51982,2.46927,2.42047,2.37345,2.32816,2.28454,2.24251,2.20196,2.16282,2.12497,2.08822,2.05238,2.01729,1.98285,1.94889,1.9152,1.88159,1.84794,1.81415,1.78008,1.7456,1.71068,1.67527,1.6393,1.60272,1.56562,1.52804,1.49001,1.45163,1.41307,1.37442,1.33581,1.29748,1.25966,1.22247,1.18625,1.15121,1.1175,1.08547,1.05527,1.0271,1.0013,0.977929,0.9573,0.939548,0.924789,0.91324,0.904857,0.899869,0.898144
4.44453,4.44421,4.44338,4.44188,4.43982,4.437,4.43348,4.42904,4.42364,4.41715,4.40934,4.40023,4.38955,4.37721,4.36314,4.34709,4.329,4.30876,4.28616,4.26116,4.23373,4.20372,4.17109,4.13589,4.09803,4.05749,4.01438,3.96877,3.92069,3.87027,3.81767,3.763,3.70636,3.64794,3.58797,3.52666,3.46417,3.40071,3.33651,3.27179,3.20677,3.14164,3.07664,3.01197,2.9478,2.88427,2.82154,2.75979,2.69916,2.63971,2.58149,2.52456,2.469,2.41484,2.36207,2.31063,2.26047,2.21156,2.16386,2.11727,2.07168,2.02699,1.9831,1.9399,1.89726,1.85508,1.8133,1.77183,1.73053,1.68931,1.64816,1.60706,1.56595,1.5248,1.48366,1.44253,1.4014,1.36038,1.3196,1.27911,1.23902,1.19953,1.16076,1.1228,1.08593,1.05029,1.01601,0.983375,0.952516,0.923569,0.896815,0.872299,0.850263,0.830863,0.814167,0.800425,0.789578,0.781854,0.777146,0.775621
4.69313,4.6925,4.69057,4.68738,4.68283,4.67698,4.66967,4.66098,4.65073,4.63895,4.62555,4.61042,4.59358,4.57485,4.5542,4.5316,4.50689,4.48008,4.45117,4.42004,4.38668,4.35114,4.31332,4.27319,4.23085,4.18629,4.13953,4.09066,4.0398,3.98696,3.93221,3.8757,3.81758,3.75793,3.69689,3.63462,3.57127,3.50694,3.44177,3.37597,3.30972,3.24314,3.17634,3.10945,3.04266,2.97613,2.90997,2.84424,2.77903,2.71447,2.65065,2.58764,2.52547,2.46414,2.40369,2.34419,2.28564,2.22803,2.17128,2.11539,2.06039,2.00625,1.95293,1.90033,1.84844,1.79726,1.74677,1.69691,1.64766,1.59904,1.55102,1.50354,1.45664,1.41039,1.36479,1.31982,1.27557,1.23212,1.18949,1.14774,1.10707,1.06752,1.02916,0.99216,0.956606,0.922542,0.890189,0.859622,0.830927,0.804337,0.77985,0.757629,0.737803,0.720356,0.705514,0.693204,0.683608,0.676692,0.672543,0.671149
4.9342,4.93321,4.93014,4.92506,4.91789,4.90867,4.8974,4.88403,4.86867,4.85121,4.83178,4.81032,4.78679,4.76129,4.73371,4.7041,4.67254,4.63896,4.60343,4.56602,4.52667,4.48543,4.44237,4.3975,4.35082,4.30246,4.25245,4.20078,4.1475,4.09274,4.03653,3.97891,3.91999,3.85988,3.79861,3.7362,3.67277,3.60843,3.54328,3.47734,3.41068,3.34342,3.27564,3.20742,3.13883,3.06997,3.00093,2.93178,2.86257,2.7934,2.72436,2.65551,2.5869,2.5186,2.45066,2.38316,2.31615,2.24968,2.1838,2.11856,2.05402,1.9902,1.92716,1.86499,1.80374,1.74341,1.68402,1.62566,1.56841,1.51229,1.45732,1.40354,1.35104,1.29981,1.24988,1.20139,1.15438,1.10884,1.06483,1.02247,0.981731,0.942664,0.905401,0.869953,0.836309,0.804612,0.774843,0.747015,0.721283,0.697596,0.676045,0.656718,0.639526,0.624632,0.611929,0.601508,0.593371,0.587507,0.584013,0.582811
5.16338,5.16193,5.15775,5.15069,5.14091,5.12833,5.11307,5.09515,5.07462,5.05164,5.02613,4.99831,4.9682,4.93584,4.90144,4.86498,4.8266,4.78644,4.74449,4.70085,4.65568,4.60899,4.56087,4.51146,4.4608,4.40889,4.35583,4.30167,4.24641,4.19007,4.13277,4.07452,4.01527,3.95504,3.8939,3.83185,3.76889,3.70501,3.64026,3.57463,3.50808,3.44064,3.37236,3.30328,3.23339,3.16269,3.09122,3.01907,2.94632,2.873,2.79914,2.7248,2.65012,2.57521,2.50014,2.42497,2.3498,2.27478,2.20007,2.12577,2.05196,1.97877,1.90638,1.83491,1.76449,1.69523,1.62728,1.56077,1.49574,1.43233,1.37067,1.31088,1.25299,1.19705,1.14321,1.0915,1.04193,0.994607,0.94959,0.906827,0.86632,0.828138,0.79222,0.75853,0.727161,0.698026,0.671077,0.646376,0.623787,0.603307,0.584963,0.568598,0.554312,0.541978,0.531589,0.523159,0.516566,0.511928,0.509083,0.508191
5.37608,5.37433,5.36897,5.36018,5.34786,5.33225,5.31328,5.29117,5.26594,5.23772,5.20671,5.17295,5.13673,5.09815,5.05735,5.01462,4.96998,4.92363,4.87578,4.82648,4.7759,4.72425,4.67158,4.61798,4.5636,4.50849,4.45265,4.39618,4.33915,4.28153,4.22328,4.16441,4.10493,4.04474,3.98382,3.92217,3.85972,3.79638,3.73205,3.66672,3.60038,3.53294,3.46431,3.39446,3.32338,3.25108,3.17754,3.10276,3.02676,2.9496,2.87135,2.79209,2.71191,2.6309,2.5492,2.46697,2.38437,2.30157,2.21871,2.13599,2.05366,1.97192,1.89096,1.81094,1.73207,1.65462,1.57879,1.5047,1.43254,1.3625,1.29473,1.22934,1.16648,1.10633,1.04891,0.994252,0.942456,0.893579,0.847572,0.804456,0.764266,0.726887,0.692248,0.660366,0.631099,0.60436,0.580153,0.558287,0.538675,0.521265,0.505818,0.492347,0.480693,0.470763,0.462569,0.455913,0.450888,0.447283,0.445197,0.444461
5.56821,5.56612,5.5599,5.54957,5.53525,5.51696,5.49494,5.46917,5.43995,5.40735,5.3716,5.33296,5.29153,5.24768,5.20154,5.15333,5.10336,5.05176,4.99876,4.94464,4.8895,4.83351,4.77687,4.71966,4.66196,4.60392,4.54564,4.4871,4.42831,4.36934,4.31009,4.2505,4.19054,4.13018,4.06928,4.00771,3.94537,3.88217,3.81801,3.75274,3.68626,3.61847,3.54928,3.47855,3.40625,3.33233,3.25677,3.17951,3.10055,3.01993,2.93776,2.85411,2.76906,2.6827,2.59524,2.50687,2.4178,2.32821,2.23833,2.14842,2.05876,1.96959,1.88118,1.79381,1.70776,1.62326,1.54054,1.45989,1.38159,1.30582,1.23272,1.16251,1.0954,1.03147,0.970805,0.913561,0.859757,0.809347,0.762364,0.718836,0.678646,0.641743,0.608104,0.577541,0.54991,0.525153,0.50303,0.483409,0.466195,0.451102,0.438066,0.426887,0.417368,0.409487,0.40298,0.397884,0.39399,0.391299,0.389698,0.389177
5.73623,5.73392,5.72707,5.71566,5.69982,5.67964,5.65522,5.62681,5.59452,5.55869,5.51943,5.47706,5.43185,5.38395,5.33374,5.28144,5.2273,5.17169,5.11479,5.05682,4.99806,4.93865,4.87871,4.81849,4.75808,4.69755,4.63701,4.5765,4.51599,4.45545,4.39491,4.33431,4.2735,4.21239,4.15086,4.08877,4.02594,3.96225,3.89757,3.83173,3.76453,3.69583,3.62553,3.55356,3.47977,3.40404,3.32632,3.2466,3.16492,3.08126,2.99565,2.90816,2.81896,2.72821,2.63608,2.54273,2.44838,2.35333,2.25788,2.16229,2.06681,1.97174,1.87745,1.78428,1.6925,1.6024,1.51429,1.4285,1.34525,1.26482,1.18747,1.11342,1.04276,0.975654,0.912278,0.852698,0.796921,0.745016,0.696986,0.65271,0.612153,0.575286,0.541921,0.511923,0.485205,0.461477,0.440565,0.422326,0.406447,0.392827,0.381254,0.371469,0.363407,0.356748,0.351438,0.347267,0.344128,0.34197,0.340662,0.340264
5.87763,5.87525,5.86797,5.85599,5.83922,5.81793,5.79216,5.76216,5.72817,5.69034,5.64904,5.60442,5.55682,5.50653,5.45376,5.39893,5.34226,5.28401,5.22453,5.16401,5.10266,5.04077,4.97851,4.91598,4.85338,4.79081,4.72825,4.66577,4.60345,4.54123,4.47905,4.41686,4.35458,4.29203,4.22906,4.16559,4.10145,4.03643,3.97032,3.90296,3.83423,3.76395,3.69194,3.61808,3.54227,3.46441,3.38442,3.30227,3.21796,3.13151,3.04296,2.95239,2.85995,2.76579,2.6701,2.57307,2.47498,2.37608,2.27665,2.17701,2.07748,1.9784,1.8801,1.78287,1.68709,1.59314,1.50135,1.41195,1.32524,1.24155,1.16112,1.08412,1.01077,0.941258,0.875642,0.813983,0.75641,0.702961,0.653557,0.608193,0.56682,0.529244,0.495353,0.465059,0.438091,0.41429,0.393495,0.375373,0.359782,0.346493,0.335214,0.325864,0.318114,0.311848,0.306865,0.302957,0.300093,0.298046,0.296905,0.296473
5.99105,5.98856,5.98124,5.96901,5.95211,5.93051,5.90452,5.87417,5.83976,5.80149,5.75956,5.71434,5.666,5.61493,5.56141,5.50565,5.44804,5.38878,5.3281,5.26635,5.20373,5.14042,5.0767,5.01269,4.94844,4.88412,4.81983,4.75554,4.69128,4.6271,4.5629,4.49857,4.43405,4.36927,4.30409,4.23831,4.1718,4.10438,4.03588,3.96611,3.89492,3.82218,3.7477,3.67133,3.59298,3.5126,3.43014,3.34553,3.25873,3.16978,3.07881,2.9859,2.89113,2.79463,2.6966,2.59733,2.49703,2.39593,2.29429,2.19246,2.09079,1.98961,1.8892,1.78993,1.69217,1.59623,1.50243,1.4111,1.32257,1.23704,1.15473,1.0759,1.00078,0.929472,0.862096,0.798793,0.73959,0.684463,0.633468,0.586593,0.54368,0.504652,0.469411,0.437707,0.409406,0.384375,0.362323,0.343116,0.326533,0.312257,0.300182,0.289984,0.281508,0.274601,0.269008,0.264718,0.261455,0.259265,0.257929,0.257534
6.07596,6.07358,6.06642,6.05459,6.03812,6.01723,5.9919,5.96245,5.92891,5.89159,5.85066,5.80636,5.75905,5.70887,5.65617,5.60121,5.54416,5.48537,5.42507,5.36342,5.30074,5.2372,5.17289,5.10804,5.04279,4.97718,4.91133,4.84533,4.77912,4.71266,4.64598,4.57904,4.51172,4.44395,4.37564,4.30666,4.23681,4.166,4.09413,4.02103,3.94651,3.87042,3.79269,3.71323,3.63195,3.54873,3.46354,3.37639,3.28731,3.19632,3.10347,3.00884,2.91259,2.81487,2.71585,2.6157,2.51464,2.41296,2.31093,2.20884,2.10693,2.00551,1.90499,1.80568,1.70784,1.61177,1.5178,1.42624,1.33734,1.25132,1.16846,1.08895,1.0129,0.940509,0.871958,0.807303,0.746557,0.689796,0.63701,0.588095,0.543056,0.501838,0.464245,0.430182,0.399536,0.372043,0.347605,0.326048,0.307094,0.290663,0.276461,0.264306,0.254079,0.245503,0.238584,0.233067,0.228951,0.226066,0.224383,0.22382
6.13324,6.13105,6.12441,6.11342,6.09811,6.07858,6.05496,6.02731,5.99591,5.9608,5.92229,5.88049,5.83561,5.78793,5.73755,5.68479,5.62987,5.57294,5.51429,5.45408,5.39243,5.32957,5.26564,5.20071,5.13499,5.06858,5.00149,4.93377,4.86551,4.79668,4.72725,4.65724,4.58663,4.51528,4.44311,4.3701,4.29618,4.22123,4.14513,4.06781,3.98918,3.90914,3.82762,3.74455,3.65991,3.57362,3.48567,3.39609,3.30494,3.21225,3.11806,3.02247,2.92562,2.82768,2.72877,2.62905,2.52872,2.42804,2.32723,2.22652,2.12618,2.02649,1.9277,1.83008,1.73391,1.63948,1.54704,1.45677,1.36892,1.28376,1.2015,1.12226,1.04622,0.973554,0.904314,0.838583,0.776494,0.718061,0.663217,0.612001,0.564387,0.52025,0.479583,0.442335,0.408296,0.377416,0.349548,0.324459,0.302119,0.282312,0.264898,0.249821,0.236814,0.225885,0.216806,0.209532,0.203973,0.200023,0.197706,0.196904
6.16488,6.16288,6.15704,6.14722,6.13358,6.11608,6.09487,6.07002,6.04164,6.00992,5.97487,5.93675,5.89559,5.85155,5.80487,5.75558,5.70397,5.65016,5.59423,5.53641,5.47681,5.41549,5.35266,5.28843,5.22282,5.15594,5.08791,5.01872,4.94845,4.87718,4.80492,4.73161,4.65726,4.58191,4.50553,4.42806,4.3495,4.26984,4.189,4.10696,4.02372,3.9393,3.85365,3.7667,3.67848,3.58905,3.49845,3.40666,3.31371,3.21968,3.12472,3.0289,2.93229,2.835,2.73719,2.63907,2.54078,2.44245,2.34426,2.24643,2.14922,2.05278,1.95728,1.86294,1.76999,1.67864,1.58905,1.50144,1.416,1.33286,1.25217,1.17414,1.09892,1.02656,0.957128,0.89077,0.827508,0.767356,0.710422,0.656712,0.606145,0.558762,0.514552,0.473392,0.435316,0.400251,0.368041,0.338704,0.312088,0.288098,0.266757,0.247869,0.231476,0.217431,0.205657,0.196137,0.188716,0.18349,0.180296,0.179286
6.17359,6.17195,6.16689,6.15856,6.14683,6.1319,6.11363,6.09222,6.06762,6.03992,6.00921,5.97546,5.93889,5.89946,5.85729,5.81251,5.76509,5.71518,5.66288,5.6082,5.55132,5.49234,5.43124,5.36816,5.30318,5.2363,5.16762,5.09728,5.02529,4.95167,4.87653,4.79993,4.72187,4.64241,4.56166,4.47961,4.39626,4.31167,4.22594,4.13912,4.05122,3.96227,3.87237,3.78159,3.68997,3.59757,3.50445,3.4107,3.31639,3.22159,3.1264,3.03091,2.93522,2.83945,2.74371,2.64812,2.55279,2.45787,2.36349,2.26976,2.17679,2.08471,1.99369,1.90387,1.81532,1.72815,1.64253,1.55864,1.47654,1.39633,1.31817,1.24213,1.16828,1.09674,1.02763,0.960967,0.896776,0.835185,0.776234,0.719924,0.666373,0.615597,0.56753,0.522252,0.479764,0.440008,0.403093,0.368973,0.337612,0.309097,0.283289,0.260266,0.239989,0.222406,0.20761,0.195455,0.186077,0.179324,0.175327,0.173951
6.1628,6.16142,6.15732,6.15048,6.14096,6.12867,6.11373,6.09597,6.0755,6.0522,6.02614,5.99733,5.9657,5.93137,5.89422,5.85429,5.81161,5.76611,5.71788,5.66696,5.61331,5.55702,5.49814,5.43663,5.37261,5.30619,5.23735,5.16617,5.09275,5.01717,4.93947,4.85982,4.77835,4.69512,4.61019,4.52373,4.43589,4.34674,4.25641,4.16504,4.07276,3.97966,3.88589,3.79161,3.69695,3.60197,3.50677,3.4115,3.3163,3.22126,3.1264,3.03184,2.93771,2.84412,2.75114,2.65879,2.56717,2.4764,2.38655,2.29762,2.20966,2.12276,2.03697,1.95233,1.86889,1.78672,1.70587,1.62634,1.54821,1.4716,1.39654,1.323,1.25109,1.18089,1.11243,1.04578,0.981087,0.918362,0.857626,0.799032,0.742642,0.68848,0.636697,0.587349,0.540434,0.496132,0.454477,0.415524,0.379458,0.346231,0.31597,0.288722,0.264465,0.24338,0.225387,0.210671,0.199169,0.190974,0.186044,0.184408
6.13599,6.13492,6.13179,6.1265,6.1191,6.10951,6.09768,6.0836,6.06711,6.04827,6.02687,6.00295,5.97637,5.94701,5.91491,5.87989,5.84193,5.80103,5.75705,5.70998,5.65982,5.60647,5.54998,5.49044,5.42779,5.36211,5.2935,5.22197,5.14759,5.07054,4.99096,4.90891,4.82458,4.73814,4.64977,4.55963,4.46796,4.37496,4.28077,4.18558,4.08963,3.99315,3.89631,3.79924,3.70213,3.6052,3.50863,3.41253,3.31699,3.22218,3.12822,3.03521,2.9432,2.85224,2.76241,2.67377,2.58636,2.50013,2.41508,2.33124,2.24866,2.16727,2.08699,2.00784,1.92984,1.85295,1.77711,1.70231,1.62857,1.55583,1.48408,1.41342,1.34385,1.27533,1.20794,1.1418,1.07694,1.01343,0.951428,0.890982,0.832145,0.775123,0.720038,0.666979,0.616199,0.567776,0.521826,0.47859,0.438105,0.40058,0.366183,0.334954,0.307149,0.282749,0.261952,0.2448,0.23137,0.221763,0.21595,0.214043
6.09678,6.09606,6.09374,6.08992,6.08439,6.07722,6.06822,6.05737,6.04458,6.02966,6.01258,5.99305,5.97104,5.94634,5.91879,5.88838,5.85487,5.81818,5.77825,5.73488,5.68804,5.63773,5.58383,5.52636,5.46537,5.40083,5.3328,5.26143,5.18682,5.10905,5.0283,4.94475,4.85855,4.76992,4.67916,4.58651,4.49215,4.39635,4.29942,4.20164,4.10322,4.00442,3.90549,3.80668,3.70821,3.61028,3.51313,3.41693,3.3218,3.22791,3.1354,3.04436,2.95483,2.86686,2.78048,2.6957,2.6125,2.53083,2.45066,2.37194,2.29457,2.21849,2.14364,2.06994,1.99724,1.92545,1.85452,1.7844,1.71496,1.64611,1.57787,1.51021,1.44308,1.37656,1.31068,1.24544,1.18088,1.11719,1.05443,0.992698,0.932219,0.87311,0.815499,0.759683,0.705813,0.654078,0.604771,0.557992,0.513988,0.473006,0.435158,0.400782,0.369962,0.342917,0.319789,0.300633,0.285653,0.274814,0.268337,0.266117
6.04856,6.04799,6.04639,6.04359,6.03966,6.03436,6.02774,6.01953,6.00969,5.998,5.98428,5.96842,5.9501,5.92926,5.90563,5.87902,5.84931,5.81625,5.77973,5.73968,5.69591,5.64836,5.59701,5.54172,5.48251,5.41947,5.35262,5.28203,5.20787,5.13028,5.04936,4.96537,4.87858,4.78918,4.69742,4.60361,4.50806,4.41106,4.31293,4.21399,4.11456,4.01488,3.91525,3.81601,3.71742,3.61967,3.52297,3.42757,3.33369,3.24145,3.15093,3.06222,2.97543,2.89062,2.80773,2.72672,2.64754,2.57019,2.49458,2.42056,2.348,2.27681,2.20688,2.13803,2.07011,2.00301,1.93657,1.87063,1.80513,1.74001,1.67515,1.61044,1.54591,1.48158,1.41741,1.35346,1.28984,1.22657,1.16377,1.10168,1.04044,0.980227,0.921314,0.863859,0.808075,0.754307,0.70273,0.653642,0.60736,0.564026,0.524006,0.487455,0.454617,0.425752,0.400941,0.380478,0.364351,0.352807,0.345793,0.343492
5.99375,5.99336,5.99214,5.9901,5.98713,5.98322,5.97812,5.9718,5.96394,5.95447,5.94313,5.92974,5.91414,5.896,5.8752,5.85144,5.8245,5.79427,5.76049,5.72305,5.68188,5.63676,5.58763,5.53452,5.47733,5.4161,5.35093,5.28187,5.20898,5.1325,5.05265,4.96958,4.88357,4.79488,4.70379,4.61056,4.51557,4.41917,4.32165,4.22331,4.12452,4.02565,3.92702,3.82887,3.73149,3.63518,3.54019,3.44671,3.3549,3.26492,3.17693,3.091,3.00718,2.92547,2.84589,2.76842,2.69299,2.61948,2.54777,2.47777,2.40936,2.34233,2.27647,2.21164,2.14773,2.08453,2.02184,1.95952,1.89749,1.8356,1.77374,1.71188,1.64996,1.58787,1.52567,1.46345,1.40123,1.3391,1.27726,1.21581,1.15491,1.09487,1.03586,0.978107,0.92195,0.867562,0.815268,0.765429,0.718235,0.674083,0.633179,0.595756,0.562135,0.532417,0.50696,0.485834,0.469295,0.457389,0.450234,0.447838
5.93407,5.93376,5.93275,5.93105,5.92856,5.92521,5.92085,5.9153,5.90846,5.90003,5.88993,5.87784,5.86359,5.84696,5.82765,5.80554,5.78036,5.75189,5.72003,5.68451,5.6452,5.60207,5.55498,5.50389,5.44885,5.3898,5.32676,5.25987,5.18926,5.11505,5.03746,4.95673,4.87303,4.78666,4.69795,4.60722,4.51472,4.42076,4.32574,4.22998,4.13381,4.03756,3.94159,3.84616,3.75157,3.65809,3.566,3.47546,3.38663,3.29966,3.2147,3.13186,3.05113,2.97253,2.89609,2.8218,2.74956,2.67925,2.61077,2.54399,2.47875,2.41485,2.35214,2.29045,2.22954,2.16926,2.1095,2.0501,1.99086,1.93164,1.87242,1.81308,1.75354,1.69381,1.63389,1.57376,1.51352,1.45336,1.39332,1.33357,1.27432,1.21573,1.15802,1.10155,1.04649,0.993175,0.941924,0.892921,0.846556,0.803083,0.762744,0.725914,0.692706,0.663473,0.638333,0.617514,0.601174,0.589396,0.582331,0.579939
5.87035,5.86998,5.869,5.8672,5.86464,5.86109,5.85657,5.85087,5.84386,5.83541,5.82523,5.81321,5.79903,5.78254,5.76357,5.74183,5.71725,5.68956,5.65856,5.62418,5.58621,5.54457,5.49927,5.45018,5.39727,5.34064,5.2803,5.21631,5.14885,5.07804,5.00398,4.9269,4.8471,4.7648,4.68023,4.59372,4.50557,4.41605,4.32549,4.23424,4.1426,4.05084,3.95926,3.86821,3.77796,3.68872,3.60067,3.51405,3.42907,3.34585,3.26444,3.18492,3.10741,3.03195,2.95849,2.88696,2.81733,2.74956,2.68355,2.61908,2.55603,2.49427,2.43369,2.37405,2.31519,2.25698,2.19927,2.14188,2.0847,2.02767,1.97062,1.91345,1.85619,1.79884,1.74135,1.68377,1.62621,1.56868,1.51133,1.45437,1.39789,1.3421,1.28727,1.23355,1.18125,1.13069,1.08204,1.03564,0.991731,0.950513,0.912371,0.877445,0.846079,0.818443,0.794703,0.775076,0.759592,0.748492,0.741728,0.739518
5.80238,5.80197,5.80061,5.79839,5.79511,5.79084,5.78533,5.77862,5.77048,5.76081,5.74946,5.73619,5.72096,5.70347,5.68363,5.66127,5.63615,5.60821,5.57729,5.54325,5.50607,5.46561,5.42176,5.37458,5.32401,5.27006,5.21289,5.15252,5.089,5.02248,4.95316,4.88115,4.80667,4.72995,4.6512,4.57064,4.48856,4.40531,4.32109,4.23613,4.15073,4.06519,3.97976,3.89465,3.81008,3.7263,3.64349,3.56184,3.48148,3.40256,3.32517,3.24939,3.17529,3.10287,3.03213,2.96309,2.89567,2.82982,2.76543,2.70246,2.64081,2.58033,2.52086,2.46233,2.40464,2.34764,2.29114,2.23506,2.17934,2.12387,2.06856,2.01341,1.95838,1.9034,1.84856,1.79394,1.7395,1.68533,1.63159,1.57833,1.52574,1.47406,1.42339,1.37395,1.32599,1.27963,1.23518,1.19289,1.1529,1.11556,1.08097,1.04941,1.02108,0.996097,0.974731,0.956986,0.943116,0.933077,0.927073,0.925025
5.72912,5.72851,5.72667,5.72358,5.71926,5.71359,5.70659,5.69805,5.68799,5.67621,5.66269,5.64733,5.62996,5.61057,5.58891,5.56493,5.53853,5.50956,5.47805,5.44388,5.40694,5.36728,5.3248,5.27947,5.23139,5.18055,5.12694,5.07068,5.01186,4.95055,4.88691,4.82111,4.75321,4.68337,4.61183,4.53879,4.46443,4.38892,4.31253,4.23545,4.15787,4.08001,4.00208,3.92422,3.8466,3.76941,3.69286,3.61705,3.54206,3.46804,3.39513,3.3234,3.25285,3.1835,3.11541,3.0486,2.98304,2.91865,2.85543,2.79338,2.73241,2.67247,2.61348,2.55539,2.4981,2.44151,2.38563,2.33036,2.27558,2.22128,2.1675,2.11419,2.0613,2.00889,1.95697,1.90553,1.85467,1.80451,1.75505,1.70642,1.65878,1.61219,1.56683,1.5229,1.48044,1.43968,1.40078,1.36385,1.32919,1.29688,1.26711,1.24005,1.21574,1.19443,1.17611,1.16104,1.1492,1.14074,1.13564,1.13394
5.6486,5.64777,5.64534,5.64126,5.63554,5.62816,5.61907,5.60828,5.59566,5.58129,5.56501,5.54688,5.5268,5.50471,5.48064,5.45446,5.42622,5.39588,5.36334,5.32865,5.29178,5.2527,5.21151,5.1682,5.12273,5.07519,5.02559,4.97395,4.92041,4.86507,4.80792,4.74907,4.68869,4.62686,4.56367,4.49926,4.43377,4.36727,4.2999,4.23187,4.1633,4.09424,4.02482,3.95522,3.88558,3.81595,3.74642,3.67713,3.6082,3.53972,3.47172,3.40425,3.33744,3.27134,3.20595,3.14127,3.07736,3.01428,2.95205,2.8906,2.82996,2.77018,2.71127,2.65317,2.59585,2.53937,2.48371,2.42885,2.37481,2.32164,2.26926,2.2177,2.16706,2.11734,2.0685,2.02064,1.97384,1.92809,1.88352,1.84024,1.79823,1.75759,1.71844,1.68078,1.6448,1.6106,1.57818,1.54775,1.5193,1.49296,1.46887,1.447,1.42757,1.41052,1.396,1.38404,1.37468,1.368,1.36395,1.36263
5.55848,5.55749,5.55438,5.54926,5.54201,5.53274,5.52139,5.50806,5.49275,5.47546,5.45627,5.43508,5.41202,5.38708,5.36031,5.33183,5.30156,5.26962,5.23602,5.20075,5.16395,5.12563,5.0858,5.04456,5.00194,4.95791,4.91261,4.86608,4.81829,4.76929,4.71918,4.66797,4.61572,4.56252,4.5084,4.45333,4.39738,4.34067,4.2832,4.22496,4.16603,4.10649,4.04639,3.98576,3.92467,3.86318,3.80133,3.73918,3.67679,3.61423,3.55152,3.48875,3.42599,3.3633,3.30076,3.23843,3.17638,3.11469,3.05341,2.99262,2.93242,2.87281,2.81387,2.7557,2.69841,2.64203,2.58658,2.53218,2.47895,2.42687,2.37601,2.32643,2.27817,2.23125,2.1858,2.14188,2.09943,2.05856,2.01933,1.98171,1.94578,1.9116,1.8791,1.84836,1.81941,1.79223,1.76693,1.74344,1.72175,1.70195,1.68392,1.66782,1.65357,1.64123,1.63081,1.62223,1.61559,1.61077,1.60793,1.60692
5.45639,5.45511,5.4514,5.44515,5.43651,5.42539,5.41199,5.39624,5.37834,5.35829,5.3362,5.31222,5.28635,5.25883,5.22967,5.19901,5.16699,5.13365,5.09919,5.06371,5.02721,4.98987,4.95171,4.91277,4.87319,4.83303,4.79228,4.751,4.70922,4.6669,4.62408,4.58082,4.53704,4.49269,4.4478,4.40236,4.35631,4.3096,4.2622,4.21407,4.16514,4.11543,4.06493,4.0136,3.96139,3.90834,3.8545,3.79984,3.74432,3.688,3.63097,3.5733,3.515,3.45612,3.39682,3.33725,3.27747,3.21755,3.15765,3.09793,3.03849,2.97946,2.92097,2.8632,2.80628,2.75034,2.69557,2.64208,2.58991,2.53924,2.49022,2.44289,2.39731,2.3536,2.31182,2.27199,2.23419,2.19846,2.16471,2.133,2.10334,2.07566,2.05001,2.02634,2.00451,1.98455,1.96634,1.94981,1.935,1.9217,1.90994,1.89961,1.89064,1.88303,1.87663,1.87152,1.86753,1.86474,1.86303,1.8625
5.33972,5.33828,5.33397,5.32685,5.31695,5.30442,5.28924,5.27162,5.25154,5.22928,5.20491,5.17866,5.15072,5.12117,5.09028,5.05812,5.02492,4.99091,4.95617,4.92092,4.88529,4.84931,4.81319,4.77703,4.74084,4.70473,4.66874,4.63284,4.5971,4.56155,4.52609,4.49063,4.45517,4.41961,4.38384,4.34781,4.31141,4.27449,4.23693,4.1987,4.15968,4.1197,4.07867,4.03653,3.99326,3.94874,3.90292,3.85578,3.80735,3.75763,3.70661,3.65435,3.60095,3.54652,3.49114,3.4349,3.37798,3.32058,3.26286,3.20494,3.14702,3.08938,3.03222,2.97567,2.91994,2.86529,2.8119,2.75993,2.70956,2.66098,2.61428,2.56964,2.52723,2.4871,2.44925,2.4138,2.38078,2.35013,2.32193,2.29612,2.27259,2.25134,2.2323,2.2153,2.20033,2.18719,2.17572,2.16587,2.15741,2.15031,2.1444,2.13949,2.13553,2.13226,2.12973,2.12774,2.12633,2.12536,2.12482,2.12464
5.20642,5.20489,5.20022,5.19254,5.18188,5.16834,5.15206,5.13314,5.11183,5.0882,5.06257,5.03506,5.00593,4.97543,4.94372,4.91114,4.87782,4.84401,4.80993,4.77569,4.74154,4.70767,4.67415,4.64115,4.60875,4.57693,4.54579,4.51541,4.4857,4.45663,4.42818,4.40022,4.37263,4.34535,4.3182,4.29099,4.26355,4.23581,4.20757,4.17862,4.14882,4.11801,4.08604,4.05275,4.01802,3.98175,3.94383,3.90423,3.86293,3.81994,3.77523,3.72886,3.68092,3.63152,3.58074,3.52872,3.47565,3.42173,3.36715,3.31217,3.25703,3.20196,3.1472,3.09303,3.03974,2.98749,2.9365,2.88708,2.83946,2.79378,2.75024,2.70904,2.67027,2.63403,2.60046,2.56957,2.54132,2.51578,2.49293,2.47267,2.45497,2.4397,2.42665,2.41578,2.40687,2.39977,2.39435,2.39033,2.38756,2.38585,2.38494,2.38476,2.385,2.38562,2.38638,2.38719,2.38795,2.38854,2.38895,2.38906
5.05522,5.05361,5.04892,5.04104,5.03018,5.01634,4.99976,4.98056,4.95898,4.93524,4.90947,4.88202,4.85303,4.82285,4.79174,4.75993,4.72774,4.6953,4.6629,4.63078,4.59909,4.56805,4.53783,4.50847,4.48013,4.45293,4.42681,4.40181,4.37791,4.35501,4.33303,4.31195,4.29159,4.27174,4.25226,4.23298,4.21368,4.19415,4.1742,4.1536,4.13212,4.10959,4.08587,4.06072,4.03393,4.00541,3.97511,3.94292,3.90872,3.87252,3.83439,3.79436,3.75245,3.70872,3.66336,3.61657,3.56847,3.51923,3.46914,3.41849,3.36752,3.31646,3.2656,3.21528,3.16572,3.11721,3.07006,3.02448,2.98069,2.93897,2.89954,2.86251,2.82799,2.79616,2.7671,2.74082,2.71742,2.69685,2.67899,2.66386,2.65133,2.64121,2.63343,2.62774,2.62393,2.6219,2.62133,2.62206,2.62385,2.62637,2.62951,2.63294,2.63655,2.64013,2.64348,2.64647,2.64888,2.65071,2.65177,2.65218
4.8857,4.8842,4.8796,4.87208,4.86157,4.84835,4.83243,4.81411,4.79347,4.77081,4.74636,4.72033,4.69308,4.66475,4.63571,4.60617,4.57637,4.54668,4.51725,4.48834,4.46019,4.43286,4.40657,4.38149,4.35766,4.33518,4.31411,4.29434,4.27587,4.2587,4.24269,4.22767,4.21356,4.20019,4.18732,4.17482,4.16247,4.14997,4.13707,4.12361,4.10937,4.09408,4.07752,4.05953,4.03998,4.01869,3.9955,3.97033,3.94315,3.9139,3.88257,3.84917,3.81381,3.77659,3.73761,3.69702,3.65504,3.6119,3.56781,3.52297,3.47767,3.43224,3.38697,3.34206,3.29783,3.25464,3.21274,3.17236,3.13375,3.09716,3.06272,3.03064,3.00111,2.97418,2.94991,2.92844,2.90976,2.89381,2.8806,2.86998,2.8618,2.85601,2.85241,2.85079,2.851,2.85272,2.85575,2.85987,2.86477,2.87032,2.87618,2.88214,2.88801,2.89351,2.89855,2.90286,2.90642,2.90898,2.91061,2.91111
4.69863,4.69724,4.69312,4.68631,4.67696,4.6651,4.65095,4.63454,4.61618,4.59596,4.57425,4.55123,4.52714,4.50228,4.47679,4.45104,4.42522,4.39959,4.37445,4.34992,4.3262,4.30353,4.28197,4.26168,4.24276,4.22519,4.20901,4.19431,4.18098,4.16895,4.15816,4.14844,4.13962,4.13163,4.12428,4.1173,4.11049,4.10366,4.09659,4.08899,4.08066,4.0714,4.06098,4.04924,4.03603,4.0212,4.0046,3.98612,3.96574,3.9434,3.91905,3.89271,3.86448,3.83447,3.80277,3.7695,3.73489,3.69912,3.66239,3.62493,3.58699,3.54882,3.51068,3.4729,3.43575,3.39944,3.36424,3.33045,3.2983,3.26791,3.23949,3.21324,3.18928,3.1677,3.14863,3.13205,3.11793,3.10634,3.0972,3.09039,3.08587,3.08343,3.08291,3.0842,3.08702,3.09116,3.09643,3.10249,3.10921,3.11631,3.12357,3.13081,3.13769,3.14414,3.14984,3.15477,3.15873,3.16168,3.16348,3.1641
