SPACE_POINTS
0,0.0317333,0.0634665,0.0951998,0.126933,0.158666,0.1904,0.222133,0.253866,0.285599,0.317333,0.349066,0.380799,0.412532,0.444266,0.475999,0.507732,0.539465,0.571199,0.602932,0.634665,0.666398,0.698132,0.729865,0.761598,0.793331,0.825065,0.856798,0.888531,0.920265,0.951998,0.983731,1.01546,1.0472,1.07893,1.11066,1.1424,1.17413,1.20586,1.2376,1.26933,1.30106,1.3328,1.36453,1.39626,1.428,1.45973,1.49146,1.5232,1.55493,1.58666,1.6184,1.65013,1.68186,1.7136,1.74533,1.77706,1.8088,1.84053,1.87226,1.904,1.93573,1.96746,1.9992,2.03093,2.06266,2.0944,2.12613,2.15786,2.18959,2.22133,2.25306,2.28479,2.31653,2.34826,2.37999,2.41173,2.44346,2.47519,2.50693,2.53866,2.57039,2.60213,2.63386,2.66559,2.69733,2.72906,2.76079,2.79253,2.82426,2.85599,2.88773,2.91946,2.95119,2.98293,3.01466,3.04639,3.07813,3.10986,3.14159
TIME_POINTS
0,0.0383838,0.0767677,0.115152,0.153535,0.191919,0.230303,0.268687,0.307071,0.345455,0.383838,0.422222,0.460606,0.49899,0.537374,0.575758,0.614141,0.652525,0.690909,0.729293,0.767677,0.806061,0.844444,0.882828,0.921212,0.959596,0.99798,1.03636,1.07475,1.11313,1.15152,1.1899,1.22828,1.26667,1.30505,1.34343,1.38182,1.4202,1.45859,1.49697,1.53535,1.57374,1.61212,1.65051,1.68889,1.72727,1.76566,1.80404,1.84242,1.88081,1.91919,1.95758,1.99596,2.03434,2.07273,2.11111,2.14949,2.18788,2.22626,2.26465,2.30303,2.34141,2.3798,2.41818,2.45657,2.49495,2.53333,2.57172,2.6101,2.64848,2.68687,2.72525,2.76364,2.80202,2.8404,2.87879,2.91717,2.95556,2.99394,3.03232,3.07071,3.10909,3.14747,3.18586,3.22424,3.26263,3.30101,3.33939,3.37778,3.41616,3.45455,3.49293,3.53131,3.5697,3.60808,3.64646,3.68485,3.72323,3.76162,3.8
VALUES
3,2.99849,2.99396,2.98642,2.97586,2.96232,2.94579,2.92629,2.90385,2.87848,2.85021,2.81908,2.7851,2.74833,2.70878,2.66651,2.62155,2.57395,2.52376,2.47103,2.41581,2.35816,2.29813,2.23579,2.1712,2.10442,2.03553,1.96458,1.89166,1.81683,1.74017,1.66176,1.58168,1.5,1.41681,1.3322,1.24625,1.15904,1.07066,0.981204,0.890761,0.799421,0.707277,0.61442,0.520945,0.426945,0.332515,0.23775,0.142746,0.0475979,-0.0475979,-0.142746,-0.23775,-0.332515,-0.426945,-0.520945,-0.61442,-0.707277,-0.799421,-0.890761,-0.981204,-1.07066,-1.15904,-1.24625,-1.3322,-1.41681,-1.5,-1.58168,-1.66176,-1.74017,-1.81683,-1.89166,-1.96458,-2.03553,-2.10442,-2.1712,-2.23579,-2.29813,-2.35816,-2.41581,-2.47103,-2.52376,-2.57395,-2.62155,-2.66651,-2.70878,-2.74833,-2.7851,-2.81908,-2.85021,-2.87848,-2.90385,-2.92629,-2.94579,-2.96232,-2.97586,-2.98642,-2.99396,-2.99849,-3
2.99152,2.99013,2.98645,2.98041,2.97197,2.96108,2.94773,2.93186,2.91345,2.89245,2.86881,2.8425,2.81347,2.78167,2.74706,2.7096,2.66926,2.62602,2.57986,2.53075,2.4787,2.42372,2.36582,2.30504,2.24141,2.17498,2.10583,2.03402,1.95964,1.8828,1.80361,1.72218,1.63865,1.55316,1.46586,1.37689,1.28642,1.19462,1.10164,1.00765,0.912826,0.817326,0.721315,0.624952,0.528392,0.431782,0.335262,0.238967,0.143019,0.0475351,-0.0473806,-0.141632,-0.235134,-0.32781,-0.419595,-0.510432,-0.600272,-0.689077,-0.776813,-0.863455,-0.948983,-1.03338,-1.11663,-1.19873,-1.27967,-1.35943,-1.43801,-1.51539,-1.59156,-1.6665,-1.74017,-1.81255,-1.88359,-1.95325,-2.02148,-2.08822,-2.15339,-2.21692,-2.27872,-2.3387,-2.39677,-2.45282,-2.50673,-2.55841,-2.60772,-2.65457,-2.69881,-2.74035,-2.77907,-2.81484,-2.84757,-2.87716,-2.9035,-2.92651,-2.94612,-2.96225,-2.97485,-2.98385,-2.9892,-2.99083
2.96838,2.96766,2.96489,2.96025,2.95375,2.94535,2.93496,2.9225,2.90789,2.891,2.87174,2.85,2.82566,2.7986,2.76872,2.73589,2.70003,2.66104,2.61883,2.57334,2.52451,2.47231,2.41672,2.35773,2.29536,2.22966,2.16069,2.08853,2.01329,1.93508,1.85406,1.77037,1.68421,1.59576,1.50523,1.41283,1.31879,1.22335,1.12673,1.02918,0.930924,0.832208,0.733252,0.634276,0.535488,0.437085,0.339248,0.242144,0.145923,0.0507173,-0.0433598,-0.136214,-0.227768,-0.317967,-0.40677,-0.494158,-0.580124,-0.664679,-0.747847,-0.829663,-0.910172,-0.989427,-1.06749,-1.14441,-1.22026,-1.2951,-1.36899,-1.44197,-1.51409,-1.58539,-1.65588,-1.72557,-1.79446,-1.86252,-1.92973,-1.99602,-2.06132,-2.12554,-2.18859,-2.25033,-2.31064,-2.36938,-2.42637,-2.48145,-2.53445,-2.58518,-2.63346,-2.67909,-2.7219,-2.7617,-2.79831,-2.83156,-2.8613,-2.88738,-2.90967,-2.92804,-2.94239,-2.95267,-2.95885,-2.96112
2.93486,2.93415,2.93229,2.92897,2.92418,2.91788,2.91,2.90042,2.88901,2.87563,2.86011,2.84228,2.82198,2.79902,2.77325,2.74448,2.71256,2.67736,2.63872,2.59654,2.55073,2.5012,2.44791,2.39084,2.32998,2.26537,2.19707,2.12516,2.04977,1.97102,1.88909,1.80418,1.71649,1.62626,1.53375,1.43922,1.34295,1.24523,1.14634,1.04658,0.946248,0.845623,0.744985,0.644599,0.544717,0.445573,0.347383,0.25034,0.154613,0.0603469,-0.0323381,-0.123349,-0.212619,-0.300106,-0.385794,-0.469693,-0.551831,-0.63226,-0.711051,-0.788287,-0.864068,-0.938502,-1.01171,-1.0838,-1.1549,-1.22514,-1.29461,-1.36343,-1.43168,-1.49946,-1.5668,-1.63377,-1.70037,-1.76661,-1.83247,-1.89789,-1.96281,-2.02713,-2.09073,-2.15346,-2.21517,-2.27567,-2.33477,-2.39225,-2.44788,-2.50143,-2.55265,-2.60131,-2.64717,-2.68997,-2.72949,-2.7655,-2.7978,-2.82619,-2.85049,-2.87057,-2.88633,-2.8977,-2.90466,-2.90689
2.89346,2.89291,2.89143,2.88906,2.88561,2.88094,2.87494,2.8675,2.85847,2.84768,2.83494,2.82005,2.8028,2.78297,2.76035,2.73474,2.70594,2.67376,2.63804,2.59864,2.55542,2.50829,2.45718,2.40205,2.34288,2.27971,2.21258,2.14159,2.06686,1.98855,1.90683,1.82192,1.73406,1.64351,1.55056,1.4555,1.35864,1.26032,1.16085,1.06057,0.959797,0.858862,0.758074,0.657728,0.558104,0.45946,0.362033,0.266033,0.17164,0.0790094,-0.0117381,-0.100511,-0.187248,-0.271921,-0.354529,-0.435101,-0.513692,-0.590381,-0.665271,-0.73848,-0.810144,-0.88041,-0.949435,-1.01738,-1.0844,-1.15066,-1.2163,-1.28147,-1.3463,-1.41088,-1.47532,-1.53967,-1.60397,-1.66825,-1.73247,-1.79661,-1.8606,-1.92432,-1.98765,-2.05043,-2.11249,-2.17362,-2.23359,-2.29216,-2.34907,-2.40406,-2.45684,-2.50713,-2.55465,-2.59912,-2.64027,-2.67785,-2.71161,-2.74134,-2.76685,-2.78801,-2.80468,-2.81669,-2.82385,-2.82618
2.84608,2.84585,2.84467,2.84266,2.83987,2.83614,2.83128,2.82511,2.81748,2.80821,2.79711,2.78396,2.76855,2.75064,2.73001,2.70644,2.6797,2.64961,2.61598,2.57864,2.53746,2.49233,2.44317,2.38993,2.3326,2.27119,2.20576,2.1364,2.06322,1.9864,1.90612,1.82259,1.73607,1.64682,1.55515,1.46136,1.36577,1.26873,1.17058,1.07165,0.972293,0.872838,0.773607,0.67491,0.577036,0.480251,0.384798,0.290893,0.198721,0.108436,0.0201596,-0.0660185,-0.150043,-0.23189,-0.31157,-0.389119,-0.464606,-0.538123,-0.609786,-0.679731,-0.74811,-0.815088,-0.880838,-0.945538,-1.00937,-1.0725,-1.13511,-1.19734,-1.25934,-1.32124,-1.38313,-1.44508,-1.50716,-1.56937,-1.63172,-1.69416,-1.75662,-1.819,-1.88116,-1.94296,-2.00419,-2.06464,-2.12409,-2.18227,-2.23892,-2.29375,-2.34646,-2.39676,-2.44436,-2.48896,-2.53027,-2.56805,-2.60205,-2.63204,-2.65783,-2.67923,-2.69601,-2.70799,-2.71521,-2.71778
2.79437,2.7939,2.79292,2.79105,2.78828,2.78462,2.77994,2.77407,2.76679,2.75791,2.74723,2.73457,2.7197,2.70242,2.68251,2.65976,2.63396,2.60491,2.57244,2.53639,2.49663,2.45305,2.40557,2.35414,2.29876,2.23943,2.17621,2.10919,2.03849,1.96425,1.88666,1.80594,1.72232,1.63607,1.54746,1.45681,1.36443,1.27064,1.17577,1.08016,0.984128,0.888007,0.792106,0.696723,0.602137,0.508609,0.416371,0.325634,0.236574,0.149343,0.0640582,-0.0191952,-0.100363,-0.179423,-0.256384,-0.331283,-0.404186,-0.475182,-0.544384,-0.611924,-0.677949,-0.742619,-0.806103,-0.868572,-0.930201,-0.99116,-1.05161,-1.1117,-1.17158,-1.23135,-1.29112,-1.35096,-1.41092,-1.47101,-1.53125,-1.59157,-1.65192,-1.71219,-1.77227,-1.83199,-1.89116,-1.9496,-2.00706,-2.06329,-2.11804,-2.17103,-2.22198,-2.2706,-2.31661,-2.35973,-2.39971,-2.43628,-2.46921,-2.49827,-2.52322,-2.54383,-2.55996,-2.57161,-2.57875,-2.58099
2.73805,2.73765,2.73628,2.73417,2.73104,2.72679,2.72138,2.71473,2.70669,2.69706,2.68565,2.67226,2.65672,2.63884,2.61843,2.59533,2.56936,2.54035,2.50815,2.47264,2.43368,2.39121,2.34515,2.29546,2.24213,2.18519,2.12469,2.0607,1.99334,1.92274,1.84908,1.77254,1.69333,1.61171,1.52791,1.44221,1.35489,1.26625,1.17658,1.08618,0.995334,0.904343,0.813485,0.723027,0.633222,0.544302,0.45648,0.369946,0.284864,0.201372,0.119579,0.0395691,-0.0386044,-0.114915,-0.189362,-0.261972,-0.332795,-0.401903,-0.469386,-0.535354,-0.599929,-0.663244,-0.725439,-0.786659,-0.847049,-0.906751,-0.965902,-1.02463,-1.08304,-1.14124,-1.19931,-1.2573,-1.31525,-1.37318,-1.43106,-1.48887,-1.54654,-1.60398,-1.66106,-1.71766,-1.77359,-1.82869,-1.88274,-1.93552,-1.9868,-2.03635,-2.0839,-2.12922,-2.17205,-2.21217,-2.24933,-2.28329,-2.31382,-2.34067,-2.36367,-2.3827,-2.39771,-2.40855,-2.41497,-2.41716
2.67655,2.67605,2.67434,2.67139,2.66733,2.66201,2.65525,2.647,2.6372,2.62576,2.61253,2.59735,2.58007,2.56054,2.53862,2.51418,2.48711,2.45728,2.4246,2.38898,2.35033,2.3086,2.26374,2.21574,2.1646,2.11034,2.05302,1.9927,1.92949,1.86349,1.79485,1.72373,1.65031,1.57477,1.49733,1.41821,1.33764,1.25585,1.17308,1.08959,1.0056,0.92135,0.837076,0.752994,0.669314,0.586228,0.503915,0.422534,0.342227,0.263115,0.185296,0.10885,0.0338337,-0.0397178,-0.111789,-0.182386,-0.251529,-0.319261,-0.385636,-0.450721,-0.514597,-0.57735,-0.639073,-0.699864,-0.759819,-0.819034,-0.877598,-0.935596,-0.993101,-1.05018,-1.10687,-1.16321,-1.21922,-1.27489,-1.33021,-1.38513,-1.43959,-1.49351,-1.54679,-1.59931,-1.65094,-1.70153,-1.7509,-1.7989,-1.84533,-1.89001,-1.93274,-1.97334,-2.0116,-2.04733,-2.08031,-2.11034,-2.13723,-2.16086,-2.18113,-2.19795,-2.21114,-2.22052,-2.22622,-2.22819
2.60841,2.60753,2.60532,2.60149,2.59601,2.589,2.58039,2.57004,2.55788,2.54387,2.52798,2.51015,2.4903,2.46833,2.44414,2.41767,2.38884,2.35761,2.32394,2.28777,2.24909,2.20788,2.16412,2.11784,2.06903,2.01775,1.96403,1.90793,1.84954,1.78895,1.72626,1.66158,1.59505,1.52681,1.45699,1.38577,1.3133,1.23975,1.16529,1.09008,1.0143,0.938118,0.861695,0.785189,0.708752,0.632527,0.556648,0.481236,0.406405,0.332252,0.258866,0.186319,0.114673,0.0439758,-0.025737,-0.0944416,-0.162126,-0.228787,-0.294432,-0.359077,-0.422744,-0.485459,-0.547254,-0.608162,-0.668217,-0.727453,-0.785899,-0.843583,-0.900527,-0.956744,-1.01224,-1.06702,-1.12107,-1.17436,-1.22686,-1.27853,-1.32932,-1.37914,-1.42794,-1.47561,-1.52207,-1.56721,-1.61091,-1.65307,-1.69356,-1.73226,-1.76905,-1.80378,-1.83631,-1.86649,-1.89418,-1.91928,-1.94172,-1.96143,-1.97831,-1.99218,-2.00297,-2.01078,-2.01555,-2.017
2.53105,2.53015,2.52709,2.52221,2.51532,2.50636,2.49544,2.4826,2.46776,2.45089,2.43197,2.41105,2.38813,2.36324,2.33636,2.30748,2.27658,2.24369,2.2088,2.17193,2.13312,2.0924,2.04979,2.00533,1.95906,1.91102,1.86127,1.80984,1.75681,1.70222,1.64615,1.58866,1.52983,1.46973,1.40845,1.34606,1.28266,1.21832,1.15314,1.0872,1.02061,0.953433,0.885774,0.817718,0.749351,0.680759,0.612025,0.54323,0.474451,0.405765,0.337242,0.268952,0.200961,0.133331,0.0661215,-0.000611017,-0.0668136,-0.132436,-0.19743,-0.261751,-0.325356,-0.388202,-0.45025,-0.511462,-0.571798,-0.631222,-0.689695,-0.74718,-0.803639,-0.859032,-0.913319,-0.966458,-1.01841,-1.06912,-1.11855,-1.16665,-1.21337,-1.25865,-1.30246,-1.34473,-1.38541,-1.42446,-1.46182,-1.49745,-1.53128,-1.56325,-1.5933,-1.62136,-1.64735,-1.67125,-1.69303,-1.71267,-1.73015,-1.74537,-1.75825,-1.76879,-1.77709,-1.78307,-1.78653,-1.7878
2.44227,2.44104,2.43745,2.43131,2.42289,2.41213,2.39896,2.3835,2.36586,2.34609,2.32421,2.30026,2.27432,2.24649,2.21689,2.18559,2.15265,2.11815,2.08216,2.04474,2.00597,1.96592,1.92466,1.88226,1.83878,1.79427,1.74879,1.70236,1.65504,1.60684,1.55779,1.50792,1.45723,1.40575,1.35347,1.30041,1.24657,1.19196,1.13658,1.08044,1.02354,0.965898,0.907517,0.848415,0.788615,0.72814,0.667021,0.605297,0.54301,0.48021,0.416954,0.353306,0.289336,0.225121,0.160745,0.0962971,0.0318722,-0.03243,-0.0965054,-0.160247,-0.223544,-0.286284,-0.348355,-0.409644,-0.470038,-0.529427,-0.587703,-0.644763,-0.700505,-0.754836,-0.807665,-0.858912,-0.9085,-0.956361,-1.00244,-1.04667,-1.08903,-1.12948,-1.16799,-1.20456,-1.23917,-1.27183,-1.30254,-1.3313,-1.35811,-1.38299,-1.40594,-1.42699,-1.4462,-1.46362,-1.47931,-1.49325,-1.50544,-1.51589,-1.52469,-1.53193,-1.53753,-1.54142,-1.54385,-1.54463
2.33932,2.33784,2.33361,2.32661,2.31673,2.30423,2.28917,2.27152,2.2514,2.22901,2.20449,2.17795,2.14949,2.11926,2.08741,2.05412,2.01956,1.98387,1.94719,1.90963,1.87131,1.83234,1.79281,1.75282,1.71244,1.67174,1.63077,1.58955,1.54811,1.50645,1.46455,1.42239,1.37993,1.33711,1.29389,1.2502,1.20596,1.16111,1.11558,1.06927,1.02213,0.974091,0.925085,0.875062,0.82398,0.771806,0.718523,0.664126,0.608624,0.552044,0.494427,0.435832,0.376332,0.316017,0.254993,0.193381,0.131312,0.068932,0.0063978,-0.056126,-0.118467,-0.180448,-0.241888,-0.302606,-0.362419,-0.42115,-0.478626,-0.534681,-0.589158,-0.641911,-0.692806,-0.741723,-0.788557,-0.833222,-0.875647,-0.915781,-0.953591,-0.989061,-1.02219,-1.05301,-1.08153,-1.1078,-1.13187,-1.1538,-1.17366,-1.19155,-1.20757,-1.22185,-1.23452,-1.24567,-1.25537,-1.26368,-1.27073,-1.27668,-1.28163,-1.28553,-1.28842,-1.29055,-1.29181,-1.29215
2.2198,2.21832,2.21355,2.20578,2.19502,2.18122,2.16462,2.14539,2.1236,2.09938,2.07295,2.04455,2.01439,1.98263,1.94947,1.91511,1.87978,1.84368,1.80702,1.77,1.73275,1.69543,1.65814,1.621,1.58409,1.54748,1.51121,1.4753,1.43976,1.40457,1.36967,1.33501,1.3005,1.26604,1.23151,1.19679,1.16174,1.12623,1.09012,1.05325,1.01549,0.976711,0.936786,0.895604,0.853067,0.809096,0.763628,0.716623,0.668061,0.617947,0.566308,0.513197,0.458689,0.402884,0.345906,0.287897,0.229022,0.169464,0.109422,0.0491076,-0.0112559,-0.0714368,-0.131199,-0.190302,-0.24851,-0.305587,-0.361308,-0.415455,-0.467825,-0.51823,-0.566501,-0.612487,-0.656064,-0.697128,-0.735602,-0.771435,-0.804599,-0.835091,-0.862929,-0.88815,-0.910812,-0.930992,-0.948789,-0.96433,-0.977766,-0.989268,-0.999012,-1.00716,-1.01385,-1.01924,-1.02347,-1.02677,-1.02932,-1.03125,-1.03259,-1.03348,-1.03417,-1.03459,-1.03473,-1.03489
2.08228,2.08056,2.07571,2.06748,2.05618,2.04187,2.02456,2.00448,1.9819,1.95697,1.92983,1.90075,1.86999,1.83786,1.80457,1.77036,1.73545,1.70008,1.6645,1.62893,1.59357,1.5586,1.52416,1.49037,1.4573,1.42504,1.3936,1.36301,1.33324,1.30427,1.27601,1.24837,1.22124,1.19448,1.16793,1.14143,1.11478,1.0878,1.06029,1.03207,1.00294,0.972726,0.94125,0.908359,0.873915,0.8378,0.799919,0.760204,0.718612,0.675129,0.629773,0.582587,0.533648,0.483061,0.430958,0.377499,0.322869,0.267275,0.210945,0.154123,0.0970673,0.0400461,-0.0166652,-0.0727887,-0.128047,-0.182169,-0.234891,-0.285961,-0.335145,-0.382229,-0.427019,-0.469347,-0.509074,-0.546087,-0.580303,-0.611669,-0.640156,-0.665766,-0.688526,-0.708493,-0.725754,-0.740429,-0.752672,-0.762663,-0.770597,-0.776669,-0.781066,-0.783973,-0.785596,-0.786178,-0.78598,-0.785216,-0.784021,-0.782525,-0.780964,-0.779567,-0.778318,-0.777277,-0.77675,-0.776469
1.92562,1.924,1.91907,1.91105,1.89978,1.88556,1.86855,1.84879,1.8265,1.80199,1.7755,1.74722,1.71738,1.68628,1.65423,1.62153,1.58841,1.55511,1.52187,1.4889,1.45642,1.42464,1.39372,1.36379,1.33494,1.30724,1.2807,1.25534,1.23111,1.20796,1.1858,1.16452,1.14399,1.12405,1.10451,1.08517,1.06584,1.04629,1.0263,1.00565,0.984119,0.961495,0.937582,0.912197,0.885178,0.856384,0.8257,0.79304,0.758346,0.721592,0.682784,0.641961,0.599196,0.554592,0.508284,0.460437,0.411243,0.360919,0.309704,0.257856,0.205649,0.153366,0.101299,0.0497444,-0.00100528,-0.0506614,-0.0989454,-0.145593,-0.190357,-0.233012,-0.273357,-0.311216,-0.346443,-0.37892,-0.408557,-0.435298,-0.459113,-0.48001,-0.498031,-0.513256,-0.525804,-0.535827,-0.5435,-0.549011,-0.55255,-0.55431,-0.554509,-0.553398,-0.551258,-0.548358,-0.54491,-0.541085,-0.537096,-0.533231,-0.529697,-0.526525,-0.523859,-0.521991,-0.520758,-0.520365
1.75012,1.74865,1.74406,1.7365,1.72612,1.71285,1.69695,1.67866,1.65807,1.63536,1.61084,1.58481,1.55748,1.52908,1.49987,1.47016,1.44024,1.41036,1.38074,1.35159,1.3231,1.29544,1.26879,1.24327,1.219,1.19603,1.1744,1.15408,1.13505,1.11724,1.10054,1.08484,1.07,1.05585,1.0422,1.02885,1.0156,1.00221,0.988471,0.974145,0.959011,0.942852,0.925464,0.906658,0.886267,0.864142,0.840162,0.814235,0.786294,0.756309,0.724279,0.690235,0.654242,0.616399,0.576832,0.535701,0.493189,0.449506,0.404886,0.359579,0.31385,0.267978,0.222247,0.176944,0.132355,0.0887604,0.0464305,0.00562192,-0.0334258,-0.0704933,-0.105384,-0.137924,-0.167969,-0.195399,-0.220127,-0.242096,-0.261288,-0.277725,-0.291465,-0.302606,-0.311272,-0.317607,-0.321766,-0.323916,-0.324246,-0.322984,-0.320391,-0.31674,-0.312273,-0.307191,-0.301696,-0.296058,-0.290565,-0.285396,-0.280625,-0.276469,-0.273192,-0.270705,-0.269167,-0.268713
1.55715,1.55575,1.55188,1.54532,1.53628,1.52492,1.51121,1.49536,1.47766,1.45821,1.43718,1.41483,1.39145,1.36728,1.34252,1.31738,1.29212,1.26698,1.24221,1.21799,1.19451,1.17188,1.15025,1.12973,1.1104,1.09233,1.07557,1.06009,1.04588,1.03286,1.02093,1.00999,0.999884,0.990467,0.981563,0.972989,0.964547,0.956036,0.947247,0.937972,0.928005,0.917148,0.905212,0.892023,0.877424,0.861278,0.843471,0.823914,0.802545,0.77933,0.754265,0.727375,0.698715,0.668369,0.63645,0.603095,0.56847,0.532761,0.496173,0.458931,0.421271,0.383439,0.345689,0.308276,0.271453,0.235471,0.200568,0.166975,0.134906,0.10456,0.0761162,0.0497334,0.0255453,0.0036577,-0.0158557,-0.032956,-0.0476411,-0.0599427,-0.0699211,-0.0776575,-0.0832478,-0.0868037,-0.0884605,-0.0883894,-0.0868002,-0.0839256,-0.0799895,-0.0751851,-0.0696945,-0.0637391,-0.0575937,-0.0515073,-0.0456181,-0.0400415,-0.0350315,-0.0308077,-0.0273223,-0.0247383,-0.0232563,-0.0226482
1.34885,1.34789,1.34475,1.33976,1.33272,1.32382,1.31325,1.30099,1.2872,1.27213,1.25594,1.23872,1.22068,1.20204,1.18304,1.16385,1.14462,1.12551,1.10673,1.08844,1.07081,1.05397,1.03799,1.02296,1.00893,0.99595,0.984041,0.973214,0.963448,0.954694,0.946877,0.9399,0.933647,0.927984,0.922768,0.917845,0.913054,0.90823,0.903204,0.897808,0.891876,0.885248,0.877771,0.869304,0.859719,0.848903,0.836763,0.823225,0.808238,0.791771,0.773819,0.7544,0.733557,0.711353,0.687878,0.663241,0.637572,0.611018,0.583741,0.55592,0.527741,0.499398,0.471092,0.443025,0.415397,0.388408,0.36225,0.337108,0.313157,0.290561,0.269465,0.249997,0.23226,0.216329,0.202253,0.190051,0.17972,0.171239,0.164573,0.159676,0.156477,0.154875,0.154733,0.155885,0.158161,0.161409,0.165494,0.170258,0.175492,0.180963,0.186498,0.191999,0.197326,0.202232,0.206564,0.210351,0.213415,0.215563,0.216993,0.217384
1.12886,1.12819,1.12624,1.12291,1.11846,1.11271,1.10582,1.09798,1.08914,1.0794,1.06896,1.05794,1.04643,1.03451,1.02234,1.01009,0.997895,0.985842,0.974019,0.962526,0.951477,0.940977,0.931107,0.921917,0.913435,0.905673,0.898638,0.892328,0.886734,0.88183,0.877576,0.873911,0.87076,0.868031,0.865625,0.863433,0.861344,0.859244,0.857018,0.854554,0.851741,0.848473,0.844649,0.840174,0.834965,0.828947,0.822055,0.814242,0.805471,0.795721,0.784988,0.773282,0.760631,0.747075,0.732673,0.717495,0.701626,0.685162,0.668208,0.65088,0.633298,0.615591,0.597888,0.580323,0.56303,0.546142,0.52979,0.514101,0.499194,0.485178,0.472146,0.460176,0.449327,0.439638,0.431138,0.423842,0.417759,0.412892,0.409226,0.406726,0.405323,0.404926,0.405432,0.406752,0.408811,0.411529,0.414782,0.418408,0.422259,0.42625,0.430324,0.434344,0.438115,0.441568,0.444727,0.447418,0.449496,0.451123,0.452051,0.452381
0.901253,0.90095,0.900226,0.898987,0.897212,0.895093,0.892477,0.889431,0.886106,0.882469,0.8785,0.874305,0.869987,0.86557,0.861052,0.856482,0.851946,0.847522,0.843248,0.839136,0.835205,0.831488,0.828034,0.824883,0.822058,0.819562,0.817385,0.815513,0.813932,0.81263,0.811597,0.810815,0.81026,0.809901,0.809697,0.809601,0.809563,0.809533,0.809459,0.809293,0.808989,0.808504,0.807797,0.806831,0.805573,0.803994,0.802069,0.799778,0.797108,0.794048,0.790597,0.786758,0.78254,0.77796,0.773038,0.767802,0.762282,0.756515,0.750542,0.744404,0.738151,0.731831,0.725497,0.719204,0.71301,0.706971,0.701144,0.695581,0.690329,0.685426,0.680901,0.676777,0.673071,0.669799,0.66698,0.664635,0.662776,0.661408,0.66051,0.660046,0.659974,0.660263,0.660898,0.661871,0.663146,0.664652,0.666302,0.668053,0.669907,0.671845,0.673764,0.675562,0.67726,0.678892,0.68031,0.681447,0.682457,0.683149,0.683545,0.683738
0.670647,0.670899,0.671354,0.672266,0.673468,0.674941,0.676818,0.678935,0.681261,0.683884,0.686752,0.689755,0.69288,0.696161,0.699575,0.703046,0.706513,0.709967,0.713413,0.716844,0.72022,0.723496,0.72664,0.729644,0.732518,0.735267,0.737895,0.740392,0.742749,0.744963,0.747038,0.748992,0.750847,0.752632,0.754373,0.756097,0.757825,0.759579,0.761379,0.763246,0.765201,0.767265,0.769462,0.771813,0.774339,0.777059,0.779987,0.783138,0.786519,0.790135,0.793986,0.798069,0.802374,0.806891,0.811603,0.816489,0.821526,0.826688,0.831947,0.837273,0.842636,0.848007,0.853357,0.858659,0.863886,0.869008,0.873998,0.878821,0.883446,0.887836,0.891963,0.895804,0.899347,0.90259,0.905537,0.908191,0.910544,0.912583,0.914296,0.915685,0.916776,0.917612,0.918226,0.918624,0.918794,0.918744,0.918529,0.918224,0.917848,0.917365,0.916784,0.916213,0.915703,0.915163,0.914624,0.914247,0.913899,0.913597,0.913509,0.913379
0.442194,0.442729,0.444565,0.447424,0.451523,0.456656,0.462753,0.469888,0.477876,0.486578,0.495996,0.506047,0.516552,0.527377,0.538464,0.549741,0.561079,0.572333,0.583397,0.594206,0.604709,0.614837,0.624512,0.633662,0.64224,0.650231,0.657641,0.664486,0.670782,0.67655,0.681817,0.686625,0.691029,0.695104,0.698933,0.702611,0.706232,0.709895,0.713692,0.717716,0.722055,0.726796,0.732019,0.737802,0.744215,0.751321,0.759173,0.767813,0.77727,0.787563,0.798694,0.810652,0.82341,0.836931,0.851162,0.866038,0.881485,0.897416,0.913741,0.93036,0.94717,0.964065,0.980935,0.997667,1.01415,1.03025,1.04588,1.0609,1.07523,1.08876,1.10142,1.11315,1.1239,1.13365,1.14235,1.14998,1.1565,1.16193,1.16629,1.16965,1.17206,1.17358,1.17425,1.17413,1.1733,1.17191,1.17007,1.16785,1.16529,1.16252,1.15971,1.15694,1.1542,1.15163,1.14939,1.14743,1.1458,1.1447,1.14393,1.14374
0.220465,0.221442,0.224319,0.229163,0.235736,0.24418,0.25426,0.265834,0.278906,0.29327,0.308691,0.325069,0.342285,0.360113,0.378322,0.396756,0.41529,0.433763,0.451984,0.469776,0.48701,0.503598,0.51946,0.534514,0.548678,0.561895,0.57414,0.585428,0.595798,0.605306,0.614019,0.622011,0.629372,0.636207,0.642639,0.648809,0.654871,0.660983,0.667308,0.674003,0.681221,0.689107,0.697796,0.707411,0.718066,0.729857,0.742869,0.757166,0.772794,0.789778,0.808123,0.82781,0.848798,0.871025,0.894408,0.918845,0.944217,0.97039,0.997215,1.02453,1.05217,1.07995,1.10769,1.13519,1.16226,1.1887,1.21433,1.23897,1.26248,1.2847,1.30554,1.32487,1.3426,1.35866,1.37297,1.38549,1.39622,1.40519,1.41246,1.4181,1.42214,1.42468,1.4258,1.42567,1.42446,1.42232,1.41935,1.4157,1.41158,1.4072,1.40267,1.39809,1.39367,1.38961,1.3859,1.38267,1.38017,1.37823,1.3771,1.37671
0.00991061,0.0112405,0.0150464,0.0213946,0.0302171,0.0412831,0.0546578,0.0700861,0.0873421,0.106361,0.126924,0.148723,0.171559,0.195272,0.219616,0.244304,0.269095,0.293813,0.318283,0.342301,0.365659,0.388189,0.409773,0.430332,0.449801,0.468119,0.485242,0.501157,0.515893,0.529516,0.542124,0.553832,0.564769,0.575076,0.584906,0.594427,0.603826,0.613299,0.623051,0.633289,0.644216,0.656024,0.668891,0.682981,0.698438,0.715385,0.733925,0.754138,0.776076,0.79977,0.825221,0.852404,0.881265,0.911724,0.943676,0.976992,1.01152,1.04708,1.08348,1.12051,1.15795,1.19554,1.23305,1.2702,1.30677,1.34249,1.37714,1.41051,1.44239,1.47261,1.50099,1.52738,1.55164,1.57366,1.59337,1.61076,1.62583,1.63861,1.64912,1.65742,1.66358,1.66776,1.67013,1.67086,1.67011,1.66803,1.66483,1.66078,1.65611,1.65096,1.64551,1.64006,1.6348,1.6298,1.62526,1.62144,1.61826,1.61594,1.61456,1.61404
-0.185776,-0.184332,-0.17974,-0.172301,-0.161919,-0.148749,-0.133041,-0.114797,-0.0942799,-0.0717861,-0.0474478,-0.021485,0.00576176,0.0340127,0.0630661,0.092682,0.122558,0.152406,0.182009,0.211185,0.23975,0.267504,0.294268,0.319914,0.344368,0.36759,0.389558,0.410261,0.429714,0.447965,0.465106,0.481264,0.496596,0.511274,0.525483,0.539415,0.553271,0.567261,0.581607,0.596532,0.612261,0.629011,0.646989,0.66638,0.68735,0.710039,0.734559,0.760996,0.789406,0.819816,0.852224,0.886596,0.92287,0.960955,1.00073,1.04204,1.08471,1.12854,1.1733,1.21874,1.26459,1.31057,1.3564,1.40179,1.44645,1.49013,1.53256,1.57349,1.61269,1.64992,1.68497,1.71767,1.74786,1.77547,1.80041,1.82265,1.84217,1.85897,1.87308,1.88458,1.89361,1.90033,1.9049,1.90746,1.9082,1.90736,1.90523,1.90202,1.89791,1.89314,1.88805,1.88283,1.87759,1.87262,1.86817,1.86422,1.86103,1.85872,1.85722,1.8568
-0.364138,-0.362436,-0.357564,-0.349337,-0.338082,-0.32373,-0.306475,-0.286596,-0.264148,-0.239382,-0.212637,-0.184103,-0.153986,-0.122618,-0.0903237,-0.0573368,-0.0238781,0.00977762,0.0433389,0.0765659,0.109281,0.141332,0.172556,0.202798,0.231938,0.25991,0.286697,0.312316,0.336798,0.360189,0.382563,0.404025,0.424718,0.444818,0.464519,0.48403,0.503562,0.523328,0.543542,0.564422,0.586182,0.609035,0.633183,0.658815,0.686099,0.715178,0.746168,0.779154,0.814189,0.851298,0.890471,0.931669,0.974822,1.01983,1.06655,1.11484,1.16448,1.21527,1.26696,1.31928,1.37195,1.4247,1.47722,1.52922,1.58043,1.63056,1.67932,1.72644,1.77166,1.81473,1.85544,1.89364,1.92917,1.96194,1.99186,2.01884,2.04286,2.06392,2.0821,2.0975,2.11023,2.1204,2.12814,2.13366,2.1372,2.13901,2.13926,2.13816,2.136,2.13309,2.12961,2.12572,2.12175,2.11791,2.11426,2.11106,2.10849,2.10647,2.10533,2.10487
-0.523393,-0.521713,-0.51665,-0.508339,-0.4967,-0.482052,-0.464361,-0.443827,-0.420749,-0.395213,-0.367439,-0.337769,-0.30643,-0.273605,-0.239579,-0.204674,-0.169141,-0.133172,-0.0969867,-0.0608395,-0.0249617,0.0104779,0.0453592,0.0795734,0.113009,0.145572,0.177206,0.20791,0.237724,0.266711,0.294946,0.32252,0.349541,0.376147,0.402504,0.428802,0.45524,0.482024,0.509353,0.53742,0.566415,0.596516,0.627896,0.660717,0.695126,0.731252,0.769199,0.809045,0.850839,0.894596,0.940305,0.987918,1.03736,1.08851,1.14125,1.19539,1.25075,1.3071,1.3642,1.42181,1.47967,1.53751,1.59505,1.65201,1.70812,1.76307,1.8166,1.86843,1.91831,1.96604,2.01142,2.05429,2.0945,2.13193,2.16646,2.19802,2.22661,2.25226,2.27502,2.29495,2.3121,2.32659,2.3386,2.34834,2.35598,2.36167,2.36562,2.36811,2.3694,2.36963,2.369,2.36782,2.3663,2.36448,2.36267,2.36103,2.35952,2.35846,2.35774,2.35751
-0.663185,-0.661597,-0.656687,-0.648608,-0.63741,-0.623088,-0.605939,-0.585953,-0.563303,-0.538282,-0.510995,-0.481603,-0.450412,-0.417658,-0.383494,-0.348129,-0.311841,-0.274868,-0.237377,-0.19952,-0.161483,-0.123462,-0.0856087,-0.0480165,-0.0107488,0.0261338,0.0625705,0.0985203,0.133982,0.168996,0.203634,0.237983,0.272132,0.306181,0.340241,0.374442,0.408933,0.443876,0.479437,0.515777,0.553046,0.591382,0.630912,0.671752,0.714005,0.757763,0.803102,0.850077,0.898722,0.949043,1.00102,1.05459,1.10969,1.16619,1.22397,1.28285,1.34267,1.40322,1.46431,1.52571,1.58721,1.64855,1.70949,1.76977,1.82914,1.88733,1.94411,1.99925,2.05255,2.10382,2.15289,2.19958,2.24375,2.28527,2.32407,2.3601,2.39336,2.42384,2.45154,2.47647,2.49873,2.51845,2.53576,2.55077,2.56357,2.57436,2.58338,2.59079,2.5967,2.6013,2.60488,2.60756,2.60942,2.61072,2.61162,2.61209,2.61242,2.61258,2.61261,2.61267
-0.784196,-0.782634,-0.778218,-0.770739,-0.760429,-0.747285,-0.731327,-0.71282,-0.691758,-0.668257,-0.642578,-0.614821,-0.585075,-0.553571,-0.520526,-0.486057,-0.450286,-0.413409,-0.37563,-0.337085,-0.297867,-0.258086,-0.217879,-0.177371,-0.136643,-0.0957316,-0.0546593,-0.0134562,0.0278466,0.0692359,0.11073,0.152379,0.194247,0.236407,0.278924,0.321865,0.365303,0.409322,0.454016,0.499486,0.54583,0.593137,0.641485,0.690939,0.741549,0.793356,0.846389,0.900663,0.95618,1.01292,1.07086,1.12993,1.19005,1.25112,1.31302,1.37563,1.4388,1.50237,1.56617,1.63004,1.69379,1.7572,1.82007,1.8822,1.94339,2.00344,2.06217,2.11943,2.17504,2.22883,2.28064,2.33033,2.37779,2.42294,2.46573,2.50609,2.54399,2.57936,2.61221,2.6426,2.6706,2.69623,2.71954,2.7406,2.75955,2.77654,2.79163,2.80489,2.8165,2.82664,2.83536,2.84274,2.84899,2.85422,2.85838,2.86173,2.86426,2.86596,2.86706,2.86734
-0.887754,-0.8865,-0.882542,-0.876116,-0.867021,-0.855492,-0.841487,-0.82501,-0.806276,-0.785264,-0.762011,-0.736714,-0.709454,-0.680243,-0.649209,-0.616518,-0.582251,-0.54645,-0.509213,-0.470683,-0.430965,-0.390111,-0.348167,-0.305206,-0.261323,-0.216593,-0.171052,-0.124713,-0.0775925,-0.0297225,0.0188609,0.0681331,0.118092,0.168752,0.220136,0.27226,0.32513,0.378749,0.43312,0.488254,0.544169,0.600886,0.658424,0.716793,0.775991,0.836006,0.896812,0.958376,1.02065,1.0836,1.14715,1.21125,1.27583,1.3408,1.40608,1.47158,1.53719,1.60281,1.66831,1.73355,1.7984,1.86271,1.92634,1.98917,2.05107,2.11192,2.17161,2.23001,2.28698,2.34241,2.39618,2.44822,2.49848,2.54687,2.59332,2.63775,2.68011,2.72039,2.7586,2.79472,2.82874,2.86061,2.89039,2.91814,2.94391,2.96766,2.98943,3.00933,3.02743,3.04371,3.0582,3.07106,3.08229,3.09184,3.09991,3.10647,3.11147,3.11511,3.1172,3.11797
-0.97624,-0.975157,-0.971944,-0.96653,-0.959057,-0.949339,-0.937568,-0.92367,-0.907593,-0.889488,-0.869307,-0.846995,-0.822661,-0.796351,-0.768007,-0.737645,-0.705357,-0.671187,-0.635115,-0.597147,-0.557351,-0.515803,-0.472534,-0.42755,-0.380879,-0.332584,-0.282743,-0.231414,-0.178634,-0.124435,-0.0688658,-0.0119967,0.0460921,0.105327,0.165648,0.227005,0.289345,0.352607,0.416719,0.481602,0.547179,0.613382,0.680146,0.747413,0.815122,0.883208,0.951596,1.02021,1.08896,1.15778,1.22658,1.29529,1.36386,1.43223,1.50033,1.56812,1.63552,1.70248,1.7689,1.83473,1.89988,1.9643,2.02793,2.09073,2.15263,2.21358,2.2735,2.33232,2.38999,2.44646,2.50169,2.55566,2.60828,2.6595,2.70925,2.75748,2.80417,2.84929,2.89279,2.93457,2.97459,3.01285,3.04932,3.08395,3.11665,3.14739,3.17621,3.20306,3.22783,3.25052,3.2712,3.28976,3.30612,3.32041,3.33253,3.34239,3.35017,3.35566,3.359,3.3601
-1.05213,-1.05125,-1.04874,-1.04448,-1.03849,-1.0308,-1.02124,-1.00992,-0.996729,-0.981549,-0.964449,-0.945347,-0.924099,-0.900712,-0.875186,-0.847412,-0.817301,-0.784861,-0.750097,-0.712956,-0.673376,-0.631354,-0.586934,-0.540146,-0.490993,-0.439482,-0.38566,-0.329612,-0.271437,-0.211219,-0.149035,-0.0849746,-0.0191513,0.0482954,0.117216,0.187465,0.258906,0.331407,0.404835,0.479043,0.553878,0.629183,0.704803,0.780592,0.856417,0.93215,1.00768,1.08288,1.15766,1.23191,1.30555,1.37851,1.45071,1.52212,1.5927,1.66239,1.73119,1.79906,1.86601,1.93202,1.99711,2.0613,2.12461,2.18703,2.24857,2.30923,2.36902,2.42793,2.48601,2.54326,2.59968,2.65524,2.70989,2.7636,2.81637,2.86818,2.91896,2.96862,3.01707,3.06424,3.11009,3.15453,3.19742,3.23862,3.27807,3.31569,3.35135,3.38487,3.41618,3.44525,3.47188,3.49595,3.51748,3.53633,3.55234,3.56561,3.57595,3.58336,3.58786,3.58931
-1.11799,-1.11741,-1.11544,-1.11226,-1.10766,-1.10167,-1.09425,-1.08518,-1.07452,-1.0621,-1.04775,-1.03143,-1.01303,-0.992344,-0.969268,-0.943754,-0.915664,-0.884835,-0.851189,-0.814699,-0.775302,-0.732905,-0.687456,-0.638971,-0.587492,-0.533048,-0.475659,-0.415378,-0.352306,-0.286584,-0.218358,-0.147771,-0.0749714,-0.000123773,0.0765763,0.154911,0.234653,0.31558,0.397478,0.480137,0.563345,0.646881,0.730521,0.814046,0.897246,0.979933,1.06194,1.14313,1.22337,1.30256,1.38061,1.45743,1.53298,1.60718,1.68001,1.75146,1.82154,1.89027,1.95773,2.02397,2.08906,2.15308,2.2161,2.27818,2.33938,2.39979,2.45949,2.51857,2.57709,2.63508,2.69255,2.74953,2.80604,2.86209,2.91767,2.97272,3.02716,3.0809,3.13387,3.18601,3.23716,3.28713,3.33579,3.383,3.42863,3.47244,3.51421,3.55383,3.59114,3.62588,3.65787,3.68705,3.71319,3.73609,3.75578,3.772,3.7847,3.79389,3.79934,3.80124
-1.17636,-1.17583,-1.17444,-1.17194,-1.1685,-1.16382,-1.15793,-1.15072,-1.14193,-1.13155,-1.11937,-1.10515,-1.08878,-1.07013,-1.04894,-1.02501,-0.998255,-0.968533,-0.935641,-0.899442,-0.859876,-0.816893,-0.770407,-0.72035,-0.666723,-0.609582,-0.549001,-0.485043,-0.41779,-0.347368,-0.273951,-0.197749,-0.118974,-0.037842,0.0454257,0.130582,0.217354,0.305448,0.394567,0.484422,0.574734,0.665233,0.755655,0.845741,0.935238,1.02391,1.11156,1.19799,1.28306,1.36665,1.44864,1.52897,1.60756,1.68438,1.75941,1.83267,1.9042,1.97408,2.04239,2.10924,2.17474,2.23898,2.30211,2.36425,2.42555,2.48616,2.5462,2.60577,2.66495,2.72383,2.78247,2.84096,2.89933,2.95759,3.0157,3.07359,3.13124,3.18857,3.24549,3.30183,3.35739,3.41202,3.46559,3.51787,3.56857,3.61746,3.66439,3.7091,3.75125,3.79067,3.82719,3.8605,3.89038,3.91676,3.93935,3.95801,3.97274,3.98323,3.98965,3.99172
-1.22887,-1.22849,-1.22731,-1.22534,-1.22241,-1.21858,-1.21355,-1.20729,-1.19966,-1.19034,-1.17927,-1.16624,-1.15094,-1.1332,-1.11287,-1.0897,-1.06342,-1.03392,-1.00105,-0.964638,-0.924501,-0.880564,-0.832799,-0.781159,-0.725595,-0.666108,-0.602772,-0.535703,-0.465024,-0.390862,-0.313374,-0.232765,-0.149287,-0.0632162,0.0251689,0.115588,0.207748,0.301336,0.396016,0.491444,0.58728,0.683204,0.778917,0.874139,0.968609,1.06208,1.15431,1.2451,1.33426,1.42163,1.50709,1.59056,1.67198,1.75134,1.82866,1.90397,1.97733,2.04884,2.11857,2.18665,2.2532,2.31839,2.38239,2.44539,2.50756,2.56907,2.63004,2.69062,2.75094,2.81111,2.87127,2.93146,2.99172,3.05203,3.1124,3.17281,3.23322,3.29351,3.35352,3.4131,3.47211,3.53037,3.58762,3.64358,3.69803,3.75076,3.80144,3.84973,3.89543,3.9383,3.97798,4.01421,4.04688,4.07563,4.10028,4.12078,4.13678,4.14837,4.15532,4.15765
-1.27665,-1.27631,-1.27514,-1.27321,-1.2704,-1.26655,-1.26167,-1.25545,-1.24781,-1.23859,-1.22745,-1.21428,-1.19888,-1.18093,-1.16021,-1.13658,-1.1098,-1.07962,-1.04586,-1.00843,-0.967188,-0.921963,-0.872676,-0.819319,-0.761901,-0.700418,-0.634891,-0.565407,-0.492116,-0.415195,-0.334823,-0.251194,-0.164538,-0.0751323,0.0167085,0.110656,0.206383,0.303565,0.401872,0.500962,0.600483,0.70009,0.799455,0.898276,0.996277,1.0932,1.18882,1.28291,1.37527,1.46573,1.55415,1.64046,1.72459,1.80655,1.88636,1.96406,2.03972,2.1134,2.18522,2.2553,2.3238,2.39089,2.45677,2.5216,2.58555,2.6488,2.7115,2.77383,2.83595,2.89798,2.96003,3.02212,3.0843,3.14662,3.20908,3.27166,3.33423,3.39669,3.45892,3.52079,3.58213,3.64266,3.70215,3.76039,3.81713,3.87203,3.92478,3.97516,4.02287,4.06754,4.10892,4.14682,4.18088,4.21087,4.23671,4.25802,4.27481,4.2869,4.29414,4.29661
-1.31986,-1.31936,-1.31805,-1.31568,-1.31236,-1.30788,-1.30213,-1.29505,-1.28634,-1.27589,-1.26356,-1.24901,-1.2321,-1.21265,-1.19039,-1.16506,-1.13656,-1.10469,-1.06923,-1.03,-0.986946,-0.939975,-0.888973,-0.833868,-0.774671,-0.71144,-0.64423,-0.573097,-0.49814,-0.419527,-0.337471,-0.252199,-0.163941,-0.0729424,0.0205129,0.116104,0.21349,0.312328,0.412289,0.513055,0.61431,0.715732,0.816999,0.917797,1.01783,1.11684,1.21458,1.31085,1.40546,1.49826,1.58913,1.67797,1.76473,1.84938,1.93191,2.01235,2.09077,2.16724,2.24188,2.31483,2.38624,2.45625,2.52501,2.59266,2.65937,2.72531,2.79066,2.85559,2.92022,2.98464,3.04893,3.11317,3.17743,3.24173,3.30605,3.3703,3.43442,3.49832,3.56191,3.625,3.68737,3.74881,3.80916,3.86816,3.92548,3.98086,4.03409,4.08486,4.1328,4.17769,4.21932,4.25731,4.29144,4.32158,4.34738,4.36877,4.3856,4.39763,4.40497,4.40735
-1.35748,-1.35691,-1.35503,-1.35198,-1.34749,-1.34169,-1.33432,-1.32529,-1.31455,-1.3018,-1.28695,-1.26987,-1.25028,-1.22801,-1.20296,-1.1749,-1.14361,-1.109,-1.07095,-1.02928,-0.983876,-0.934675,-0.881662,-0.82479,-0.764014,-0.699358,-0.630914,-0.55879,-0.483084,-0.403913,-0.321445,-0.235903,-0.147536,-0.0565948,0.036674,0.132009,0.229124,0.327707,0.427441,0.528019,0.629151,0.730555,0.831951,0.933057,1.0336,1.1333,1.23195,1.32934,1.42531,1.51974,1.61252,1.70355,1.79275,1.88007,1.96548,2.049,2.13066,2.21054,2.28875,2.36538,2.44054,2.51432,2.58684,2.65825,2.72867,2.79826,2.86713,2.93539,3.00312,3.07041,3.13736,3.20405,3.27048,3.33664,3.40249,3.46799,3.53311,3.59775,3.66174,3.72491,3.78713,3.84825,3.90802,3.96618,4.02253,4.07686,4.1289,4.17831,4.22494,4.26855,4.30879,4.34549,4.37849,4.40747,4.43232,4.45292,4.469,4.48066,4.4876,4.48998
-1.38783,-1.38699,-1.38448,-1.38022,-1.37427,-1.36641,-1.35674,-1.34504,-1.33124,-1.3153,-1.29699,-1.27621,-1.25292,-1.22689,-1.19798,-1.16616,-1.13127,-1.09316,-1.05174,-1.00699,-0.958831,-0.90715,-0.851931,-0.79321,-0.731009,-0.665327,-0.596198,-0.523727,-0.448055,-0.369318,-0.287644,-0.203187,-0.116141,-0.0267393,0.0647835,0.158203,0.253303,0.349853,0.447603,0.546284,0.645625,0.745372,0.845284,0.945137,1.04472,1.14381,1.24223,1.33978,1.43632,1.53172,1.62586,1.71864,1.81,1.89986,1.98821,2.07502,2.16032,2.24411,2.32644,2.40734,2.48688,2.56512,2.64215,2.71808,2.79298,2.86691,2.93991,3.01205,3.08339,3.15401,3.22395,3.2932,3.36176,3.4296,3.49673,3.56312,3.62867,3.69324,3.75674,3.81908,3.88013,3.93967,3.99752,4.05354,4.10757,4.15935,4.20865,4.25536,4.29926,4.34007,4.37765,4.41189,4.44247,4.46933,4.49236,4.5113,4.52622,4.53687,4.54332,4.54547
-1.40823,-1.40707,-1.40374,-1.3981,-1.39019,-1.38001,-1.3674,-1.35248,-1.33506,-1.31511,-1.29266,-1.26754,-1.23969,-1.20916,-1.17579,-1.1395,-1.10031,-1.05818,-1.01302,-0.964778,-0.913502,-0.859191,-0.801802,-0.741333,-0.677857,-0.611453,-0.542166,-0.470044,-0.395179,-0.31771,-0.237783,-0.155521,-0.0710425,0.0155147,0.103978,0.194156,0.285867,0.378939,0.473203,0.56848,0.664568,0.761262,0.858365,0.955702,1.05312,1.15048,1.24765,1.34447,1.4408,1.53649,1.63144,1.72554,1.81872,1.91093,2.00213,2.09227,2.18131,2.2692,2.3559,2.44141,2.52573,2.60889,2.69092,2.77181,2.85155,2.93016,3.00763,3.084,3.15926,3.23341,3.3064,3.37819,3.44879,3.51819,3.58633,3.65313,3.7185,3.78238,3.84473,3.90542,3.96429,4.02124,4.07618,4.12901,4.1795,4.22753,4.27305,4.31587,4.3558,4.39278,4.42672,4.45737,4.48472,4.50869,4.52905,4.54589,4.55903,4.56844,4.57415,4.576
-1.41537,-1.414,-1.40966,-1.40258,-1.39255,-1.37972,-1.36406,-1.34548,-1.32415,-1.29994,-1.27288,-1.24307,-1.21043,-1.17495,-1.13675,-1.0958,-1.05206,-1.00562,-0.956536,-0.904788,-0.85038,-0.793398,-0.733922,-0.671972,-0.607569,-0.540792,-0.47175,-0.400523,-0.327158,-0.251714,-0.174287,-0.0949948,-0.0139347,0.0688197,0.153195,0.239093,0.326388,0.414948,0.504656,0.595409,0.687112,0.779662,0.872942,0.966835,1.06123,1.15601,1.25109,1.34635,1.44171,1.53703,1.63223,1.7272,1.82185,1.91611,2.00989,2.10311,2.19566,2.28748,2.37849,2.46862,2.5578,2.64595,2.733,2.81886,2.90347,2.9868,3.06879,3.14939,3.2285,3.30602,3.38191,3.45612,3.52861,3.59927,3.66802,3.7348,3.79957,3.8623,3.92288,3.9812,4.03723,4.09094,4.14223,4.19099,4.23716,4.28076,4.32165,4.35973,4.39503,4.4275,4.45696,4.48349,4.50704,4.52746,4.54486,4.55912,4.5702,4.5782,4.58293,4.58457
-1.40591,-1.40414,-1.39898,-1.39029,-1.37828,-1.36279,-1.34402,-1.32197,-1.29663,-1.26823,-1.23671,-1.20217,-1.16479,-1.12458,-1.08161,-1.03604,-0.987979,-0.937438,-0.884544,-0.82945,-0.772221,-0.712899,-0.651592,-0.588434,-0.523502,-0.456829,-0.388474,-0.318537,-0.247099,-0.174195,-0.0998388,-0.0240624,0.0530733,0.131509,0.21121,0.292164,0.374351,0.457732,0.542255,0.627876,0.71457,0.802324,0.89112,0.980918,1.07165,1.16325,1.25563,1.34873,1.4425,1.53686,1.63174,1.72705,1.82268,1.91849,2.01434,2.11013,2.20574,2.30104,2.39593,2.49026,2.58386,2.67656,2.76821,2.85868,2.94784,3.03556,3.12169,3.20607,3.28858,3.36911,3.44757,3.52383,3.59777,3.66926,3.73824,3.80469,3.86852,3.92963,3.98798,4.04359,4.09643,4.14646,4.19361,4.23796,4.27951,4.31822,4.35407,4.38718,4.41753,4.44505,4.46989,4.49205,4.51145,4.52827,4.54245,4.55397,4.56299,4.56934,4.57321,4.57445
-1.37617,-1.37417,-1.36814,-1.35816,-1.34419,-1.32645,-1.30483,-1.27961,-1.25082,-1.21854,-1.18304,-1.14439,-1.1027,-1.05826,-1.01116,-0.961526,-0.909593,-0.855548,-0.799482,-0.741544,-0.681947,-0.62083,-0.558269,-0.494368,-0.429275,-0.363095,-0.295863,-0.227602,-0.158364,-0.0882076,-0.01715,0.0548338,0.127775,0.20168,0.276546,0.352389,0.42926,0.507224,0.586344,0.666658,0.748193,0.830976,0.915038,1.00041,1.0871,1.1751,1.2644,1.35494,1.4467,1.53962,1.63364,1.72865,1.82454,1.92118,2.0184,2.11607,2.21401,2.31205,2.40999,2.50762,2.60473,2.7011,2.79655,2.89084,2.98374,3.07503,3.16447,3.25189,3.33713,3.42003,3.50038,3.57803,3.65283,3.7247,3.79355,3.85927,3.92176,3.98099,4.03699,4.08975,4.13922,4.18544,4.22851,4.26848,4.30534,4.33921,4.37022,4.39842,4.42384,4.44668,4.46702,4.48485,4.50039,4.51367,4.5247,4.53372,4.54059,4.54552,4.54843,4.54941
-1.32309,-1.32089,-1.31419,-1.30313,-1.28773,-1.26805,-1.24432,-1.21652,-1.18496,-1.14975,-1.11104,-1.06914,-1.02421,-0.97642,-0.926098,-0.873449,-0.818627,-0.761908,-0.703556,-0.643719,-0.582557,-0.520297,-0.457126,-0.39314,-0.328417,-0.263077,-0.197225,-0.130895,-0.0640746,0.00324056,0.0710333,0.139309,0.208125,0.277572,0.347743,0.418713,0.490563,0.563401,0.637355,0.712553,0.789097,0.867062,0.946509,1.0275,1.11011,1.19439,1.2804,1.36814,1.45756,1.54861,1.6412,1.73525,1.83063,1.92725,2.02493,2.12351,2.22274,2.32238,2.42219,2.52191,2.6213,2.72012,2.81809,2.9149,3.01026,3.10389,3.19554,3.28498,3.37195,3.45621,3.53754,3.61579,3.69083,3.76252,3.83069,3.89525,3.95618,4.01346,4.06706,4.11695,4.16321,4.20595,4.24523,4.28111,4.31374,4.34333,4.36994,4.39369,4.41485,4.43352,4.44979,4.46393,4.47603,4.48616,4.49459,4.50127,4.50639,4.51,4.51211,4.51286
-1.2442,-1.24178,-1.23474,-1.22294,-1.20662,-1.18577,-1.16058,-1.13127,-1.0979,-1.06082,-1.0202,-0.976225,-0.929276,-0.879567,-0.827306,-0.772856,-0.716495,-0.658408,-0.598871,-0.538187,-0.476546,-0.414095,-0.351035,-0.287564,-0.223788,-0.159755,-0.0955386,-0.031224,0.0331569,0.0976412,0.162288,0.227141,0.292251,0.357714,0.423676,0.490298,0.557729,0.626097,0.695534,0.766188,0.838218,0.911775,0.986986,1.06396,1.14277,1.22351,1.30625,1.391,1.47776,1.56649,1.65712,1.74955,1.84367,1.93935,2.03641,2.13464,2.2338,2.33363,2.43386,2.53422,2.63439,2.73405,2.83289,2.93056,3.02679,3.12127,3.21369,3.30374,3.39111,3.47555,3.55686,3.63485,3.70931,3.78008,3.84704,3.91015,3.96936,4.02458,4.07581,4.12313,4.16662,4.20634,4.24236,4.2749,4.30414,4.33017,4.35321,4.37352,4.39126,4.40657,4.41977,4.43098,4.44034,4.44816,4.45444,4.45939,4.46316,4.46572,4.4673,4.46776
-1.13778,-1.1354,-1.12813,-1.1162,-1.09949,-1.07831,-1.05267,-1.02282,-0.988995,-0.951302,-0.910127,-0.86569,-0.818202,-0.768061,-0.715539,-0.660854,-0.604365,-0.546391,-0.48713,-0.426823,-0.365768,-0.304175,-0.242167,-0.179901,-0.117554,-0.0552412,0.0070078,0.0691702,0.131202,0.19309,0.254892,0.316721,0.37869,0.440903,0.503479,0.566578,0.63039,0.695095,0.760854,0.827817,0.896144,0.966016,1.03761,1.11108,1.18653,1.26404,1.34364,1.42536,1.50923,1.59525,1.68338,1.77352,1.86554,1.95927,2.05451,2.15104,2.24865,2.3471,2.44611,2.54535,2.64447,2.74313,2.841,2.93776,3.03309,3.12665,3.21809,3.3071,3.3934,3.47674,3.55687,3.63352,3.70651,3.7757,3.84101,3.90233,3.95957,4.01273,4.06185,4.107,4.14818,4.1855,4.21917,4.24932,4.27607,4.29965,4.32034,4.3383,4.35371,4.36692,4.37808,4.38735,4.39508,4.40132,4.40629,4.4102,4.41302,4.41505,4.41617,4.41659
-1.00345,-1.00109,-0.994035,-0.982295,-0.966047,-0.945266,-0.920277,-0.891091,-0.85801,-0.821279,-0.781036,-0.737668,-0.691428,-0.642522,-0.591338,-0.538172,-0.483224,-0.426814,-0.369261,-0.310758,-0.251495,-0.191731,-0.131678,-0.0714468,-0.0111401,0.0491005,0.109169,0.169048,0.228768,0.288347,0.347803,0.407208,0.466694,0.52641,0.586486,0.647043,0.708228,0.770226,0.83324,0.89746,0.963051,1.03016,1.09895,1.16955,1.24208,1.31665,1.3933,1.47207,1.55297,1.636,1.7211,1.80821,1.89718,1.98785,2.08004,2.17355,2.26815,2.36358,2.45955,2.55576,2.65188,2.74761,2.84262,2.93655,3.02906,3.11979,3.20846,3.29478,3.37849,3.45928,3.53689,3.61111,3.68178,3.74876,3.81188,3.87104,3.92622,3.97746,4.02473,4.06805,4.10752,4.1433,4.17549,4.20419,4.22963,4.25205,4.27157,4.28843,4.30293,4.31524,4.32553,4.33416,4.34121,4.34688,4.35145,4.35489,4.35751,4.35926,4.36031,4.36064
-0.841782,-0.839542,-0.832963,-0.821988,-0.806755,-0.787376,-0.763907,-0.736654,-0.705648,-0.671195,-0.63354,-0.592815,-0.549382,-0.503496,-0.455328,-0.405217,-0.353451,-0.300195,-0.245698,-0.190256,-0.134049,-0.0772143,-0.0199547,0.037532,0.0951474,0.152841,0.210533,0.268145,0.325672,0.383175,0.440714,0.49833,0.556079,0.614067,0.672443,0.731349,0.790913,0.851269,0.91258,0.975028,1.03879,1.10399,1.17074,1.23913,1.30927,1.38125,1.45515,1.53103,1.60886,1.68861,1.7702,1.85354,1.93855,2.02511,2.11307,2.20221,2.2923,2.38307,2.47427,2.56563,2.6569,2.74778,2.83796,2.92708,3.01485,3.10098,3.1852,3.26721,3.34673,3.42352,3.49738,3.56814,3.63561,3.6996,3.76001,3.81677,3.86987,3.91924,3.96487,4.00686,4.0453,4.08024,4.11178,4.14011,4.1654,4.18775,4.20737,4.22453,4.23933,4.25197,4.26277,4.27179,4.27926,4.28542,4.29029,4.29413,4.29699,4.29894,4.30013,4.30048
-0.654481,-0.652568,-0.64664,-0.636932,-0.623335,-0.606068,-0.585187,-0.560791,-0.533155,-0.502301,-0.468509,-0.431995,-0.392856,-0.351394,-0.307836,-0.262298,-0.215042,-0.166325,-0.116276,-0.0650648,-0.0129379,0.0399377,0.0934762,0.147549,0.201999,0.256744,0.311775,0.367072,0.42258,0.478282,0.534224,0.590473,0.647074,0.704064,0.761519,0.819565,0.87834,0.937959,0.998513,1.06009,1.12281,1.18677,1.25209,1.31883,1.38707,1.45685,1.52821,1.60117,1.67572,1.75183,1.82941,1.90841,1.98872,2.07023,2.15279,2.23624,2.32037,2.40499,2.48987,2.57479,2.65951,2.74374,2.82725,2.90979,2.99112,3.071,3.14915,3.22529,3.29923,3.3708,3.43981,3.50609,3.56945,3.6298,3.68707,3.74118,3.79201,3.83956,3.88387,3.92497,3.96285,3.99759,4.02935,4.05822,4.08425,4.10762,4.12853,4.14701,4.16325,4.17749,4.18978,4.20027,4.20922,4.2166,4.22267,4.22749,4.23109,4.23368,4.23513,4.23568
-0.444503,-0.442819,-0.437937,-0.429716,-0.418386,-0.403824,-0.386272,-0.365729,-0.342299,-0.3162,-0.287419,-0.256174,-0.222635,-0.186834,-0.148993,-0.109295,-0.0677978,-0.0246714,0.0198694,0.0657348,0.112839,0.161006,0.210099,0.260077,0.31089,0.362427,0.41461,0.467432,0.520894,0.574954,0.629567,0.684742,0.740535,0.796995,0.854142,0.912002,0.970631,1.0301,1.09048,1.15179,1.21406,1.27734,1.34167,1.40714,1.47376,1.54153,1.61043,1.68041,1.75146,1.82357,1.8967,1.97078,2.04569,2.12131,2.1975,2.27416,2.35115,2.42836,2.50559,2.58266,2.65935,2.73547,2.81088,2.8854,2.95884,3.03098,3.10164,3.17067,3.23792,3.30322,3.36639,3.4273,3.48588,3.54206,3.59573,3.64679,3.69522,3.74102,3.78416,3.82457,3.8623,3.89745,3.93003,3.96003,3.98761,4.01286,4.03578,4.05649,4.07515,4.09174,4.10639,4.11926,4.13031,4.13973,4.14757,4.15383,4.15871,4.16208,4.16415,4.16479
-0.21537,-0.214104,-0.210286,-0.203976,-0.195113,-0.183859,-0.170086,-0.154006,-0.135553,-0.114795,-0.0918799,-0.0667369,-0.0395029,-0.0102893,0.0209373,0.0540504,0.0889148,0.125533,0.163835,0.203669,0.244986,0.287784,0.331969,0.377436,0.42416,0.472133,0.521279,0.571502,0.622768,0.675077,0.7284,0.782676,0.83787,0.893988,0.951042,1.009,1.06782,1.12745,1.18789,1.24915,1.31123,1.37409,1.4377,1.50202,1.56703,1.63271,1.699,1.76586,1.83324,1.90107,1.96932,2.0379,2.10674,2.17575,2.24485,2.31395,2.38296,2.45177,2.52027,2.58837,2.65597,2.72296,2.78924,2.85464,2.91907,2.98242,3.04464,3.10563,3.16525,3.2234,3.27999,3.33497,3.38826,3.43975,3.48939,3.53716,3.58304,3.62696,3.66884,3.7087,3.74655,3.78232,3.81598,3.84761,3.8772,3.9047,3.93017,3.95369,3.97517,3.99466,4.01228,4.02789,4.04161,4.05349,4.06342,4.07159,4.07785,4.08236,4.08503,4.08593
0.0285522,0.0293915,0.03203,0.036369,0.0424756,0.0503529,0.0599415,0.0713846,0.0845367,0.0995303,0.116358,0.134947,0.155428,0.177755,0.201875,0.227888,0.255771,0.285449,0.316984,0.350407,0.385641,0.422668,0.461533,0.502208,0.544601,0.588671,0.63442,0.6818,0.73071,0.781082,0.832895,0.88611,0.940632,0.996348,1.05317,1.11105,1.16989,1.22959,1.29005,1.35119,1.41293,1.47521,1.53791,1.60091,1.66412,1.72745,1.79086,1.8543,1.91767,1.98089,2.04384,2.10648,2.16876,2.23067,2.29216,2.35315,2.41359,2.4734,2.53258,2.59111,2.649,2.70618,2.76261,2.81826,2.8731,2.92715,2.98035,3.03266,3.08407,3.13456,3.18414,3.23274,3.28029,3.32675,3.37213,3.41638,3.45942,3.5012,3.54173,3.58096,3.61876,3.65508,3.68993,3.72321,3.75479,3.78469,3.81288,3.8392,3.86365,3.88624,3.9068,3.92536,3.94189,3.95624,3.96851,3.97856,3.98641,3.99204,3.9954,3.99656
0.282623,0.283146,0.28453,0.286983,0.290366,0.294857,0.300441,0.307167,0.315204,0.324484,0.335201,0.347417,0.361129,0.376532,0.393672,0.412561,0.433366,0.456166,0.480951,0.507822,0.536882,0.568115,0.601502,0.6371,0.674923,0.714895,0.756958,0.801105,0.847304,0.895449,0.945413,0.997103,1.05043,1.10525,1.16139,1.21868,1.277,1.33623,1.39621,1.45674,1.51765,1.57877,1.63997,1.70111,1.76205,1.82264,1.88277,1.94233,2.00121,2.05933,2.11663,2.17304,2.22853,2.28305,2.33659,2.38915,2.44074,2.49138,2.5411,2.58994,2.6379,2.68505,2.73146,2.77721,2.82236,2.86693,2.91093,2.95443,2.99751,3.0402,3.08252,3.12445,3.16604,3.2073,3.24817,3.28858,3.32852,3.36796,3.40683,3.445,3.48241,3.51902,3.55465,3.58915,3.62246,3.65446,3.68493,3.7138,3.74098,3.76625,3.78955,3.81081,3.82979,3.84654,3.86085,3.87267,3.88199,3.88862,3.89268,3.89398
0.542446,0.542526,0.542931,0.543531,0.544559,0.545908,0.547833,0.550332,0.553544,0.557675,0.562726,0.568953,0.576491,0.585404,0.59595,0.608269,0.622429,0.638641,0.657063,0.677727,0.700736,0.72623,0.754235,0.784733,0.817772,0.853396,0.891552,0.932151,0.975138,1.02045,1.06796,1.11748,1.16882,1.22187,1.27644,1.33233,1.3893,1.44713,1.50563,1.56458,1.62372,1.68283,1.74171,1.80017,1.85807,1.91521,1.97142,2.02653,2.08043,2.13305,2.18435,2.23428,2.28278,2.32981,2.37538,2.41955,2.46241,2.50402,2.54447,2.5838,2.62214,2.65961,2.69636,2.73253,2.7682,2.80351,2.8386,2.87359,2.90855,2.94355,2.97867,3.014,3.04962,3.08548,3.12159,3.15794,3.19451,3.23121,3.2679,3.30454,3.34105,3.37722,3.41289,3.44798,3.48228,3.51553,3.5476,3.57833,3.60741,3.63474,3.66015,3.68337,3.70434,3.72286,3.73875,3.752,3.76235,3.76988,3.77436,3.7759
0.803771,0.8036,0.803077,0.802288,0.801222,0.800095,0.798865,0.797835,0.797032,0.796668,0.796991,0.798071,0.800215,0.803632,0.808442,0.81494,0.823332,0.833717,0.846311,0.861313,0.878786,0.898819,0.921569,0.947102,0.9754,1.00648,1.04037,1.07702,1.11628,1.15804,1.20219,1.24858,1.29701,1.34724,1.39907,1.45231,1.50667,1.56187,1.61761,1.67364,1.72974,1.78566,1.84114,1.89591,1.94976,2.00248,2.05391,2.10392,2.15236,2.19912,2.24412,2.28732,2.32871,2.36831,2.40616,2.44231,2.47686,2.50988,2.54152,2.57197,2.60138,2.62993,2.65775,2.68501,2.71192,2.73869,2.76551,2.7925,2.8198,2.84754,2.87587,2.90487,2.93455,2.96499,2.99624,3.0283,3.06107,3.09448,3.12849,3.16296,3.1977,3.23256,3.26742,3.30204,3.33615,3.36962,3.40221,3.43356,3.46354,3.4919,3.5183,3.54265,3.56467,3.58414,3.601,3.61494,3.62598,3.6339,3.63871,3.6403
1.06328,1.06292,1.06174,1.05988,1.05736,1.05428,1.05083,1.04704,1.04324,1.0395,1.03609,1.0333,1.03125,1.03027,1.03061,1.03243,1.036,1.04158,1.04927,1.05927,1.07181,1.08698,1.10484,1.12554,1.14915,1.17563,1.20494,1.23706,1.27192,1.30938,1.34926,1.39142,1.43571,1.48189,1.52966,1.57875,1.62892,1.6799,1.73139,1.78308,1.83469,1.88596,1.93664,1.98643,2.03509,2.0824,2.1282,2.17235,2.21471,2.25517,2.29361,2.33,2.36436,2.39675,2.42722,2.45583,2.48266,2.50786,2.53161,2.55411,2.57554,2.5961,2.61599,2.63544,2.65469,2.67393,2.69335,2.71314,2.73353,2.75469,2.77672,2.7997,2.82373,2.84891,2.87525,2.9027,2.93126,2.96091,2.99152,3.02292,3.05497,3.08756,3.1204,3.15327,3.186,3.21833,3.24992,3.28061,3.3101,3.33804,3.36427,3.3885,3.41042,3.42996,3.44677,3.46079,3.47183,3.47978,3.48462,3.4862
1.31853,1.31796,1.31647,1.31391,1.31052,1.30627,1.30137,1.29598,1.2902,1.28438,1.27861,1.2732,1.26843,1.26444,1.26156,1.26005,1.26006,1.26184,1.26568,1.27167,1.28,1.29087,1.30438,1.32055,1.33947,1.36119,1.38566,1.41278,1.44252,1.47481,1.50949,1.54635,1.58519,1.62582,1.66799,1.71141,1.7558,1.80089,1.84644,1.89215,1.93771,1.98279,2.02715,2.07056,2.11282,2.15369,2.19298,2.23051,2.26614,2.29981,2.33146,2.36107,2.38861,2.41411,2.43762,2.45925,2.47916,2.4975,2.51442,2.53008,2.54467,2.55844,2.57167,2.58457,2.59734,2.61019,2.62334,2.63703,2.65144,2.66673,2.68303,2.7005,2.71926,2.73931,2.76066,2.78336,2.80739,2.83267,2.85908,2.88655,2.91495,2.94402,2.97356,3.00343,3.03332,3.06294,3.09212,3.12057,3.14793,3.17405,3.19862,3.22131,3.24201,3.26037,3.27626,3.28952,3.29993,3.3075,3.31201,3.31358
1.56788,1.56736,1.56565,1.56295,1.55917,1.55458,1.54915,1.54314,1.53669,1.52995,1.52324,1.51665,1.51047,1.50497,1.50027,1.49667,1.49444,1.4937,1.49468,1.49763,1.50266,1.50986,1.5194,1.53137,1.54575,1.56255,1.58184,1.60357,1.62763,1.65391,1.68234,1.71274,1.74489,1.77856,1.81358,1.84974,1.88678,1.92442,1.96236,2.00037,2.0382,2.07558,2.11226,2.148,2.18263,2.21594,2.24777,2.27793,2.30632,2.33287,2.35755,2.38033,2.4012,2.42017,2.43731,2.45273,2.46657,2.47897,2.49007,2.50004,2.50911,2.51748,2.52535,2.53294,2.54046,2.54817,2.55628,2.56495,2.57432,2.58458,2.5959,2.60841,2.62217,2.63722,2.65365,2.67147,2.69058,2.71094,2.73252,2.75521,2.77881,2.8032,2.82824,2.85366,2.8792,2.90472,2.92992,2.95449,2.97829,3.00102,3.02238,3.04228,3.06036,3.07648,3.09048,3.10209,3.11135,3.11795,3.12201,3.12332
1.81096,1.81043,1.80889,1.80632,1.80287,1.79853,1.79354,1.78787,1.78181,1.77545,1.76892,1.7625,1.75628,1.75047,1.74534,1.74099,1.73764,1.73555,1.73481,1.73555,1.738,1.74221,1.74824,1.75618,1.76613,1.77806,1.79195,1.80782,1.82561,1.8452,1.86645,1.88926,1.91352,1.93904,1.96563,1.99308,2.02123,2.04985,2.0787,2.10753,2.13616,2.16441,2.1921,2.219,2.24491,2.26966,2.29315,2.31529,2.336,2.35516,2.37272,2.38865,2.403,2.41581,2.42716,2.43708,2.44566,2.45301,2.45932,2.46475,2.46949,2.47365,2.47741,2.48096,2.48452,2.48828,2.49238,2.49699,2.50227,2.50838,2.51541,2.52343,2.53253,2.54284,2.55437,2.56707,2.58095,2.596,2.61212,2.62917,2.6471,2.6658,2.68506,2.70471,2.72464,2.74459,2.7643,2.78368,2.80244,2.82034,2.8373,2.85302,2.86736,2.88021,2.8913,2.90065,2.90799,2.91333,2.91655,2.91764
2.04813,2.0477,2.04651,2.04451,2.04181,2.03846,2.0345,2.03013,2.02529,2.02024,2.01502,2.00973,2.00461,1.99968,1.99513,1.99116,1.98782,1.98525,1.98365,1.98303,1.98348,1.98516,1.98812,1.99236,1.99794,2.00494,2.01332,2.02299,2.03395,2.04617,2.05956,2.07399,2.08939,2.10568,2.12272,2.14033,2.15834,2.17664,2.19511,2.21359,2.2319,2.2499,2.26745,2.28443,2.30071,2.31618,2.33074,2.34433,2.35688,2.36835,2.37869,2.38788,2.39595,2.40294,2.40888,2.41382,2.41784,2.42102,2.42348,2.42532,2.42664,2.42759,2.42831,2.42895,2.4296,2.43036,2.43138,2.43283,2.43482,2.43741,2.44067,2.4447,2.44957,2.4553,2.46188,2.46938,2.47782,2.48712,2.4972,2.50804,2.51958,2.53164,2.54415,2.55705,2.57015,2.5833,2.59644,2.60935,2.62185,2.6339,2.64526,2.65582,2.66553,2.67413,2.68168,2.68797,2.69296,2.6966,2.69877,2.69953
2.28066,2.28047,2.27973,2.27864,2.27704,2.27511,2.27279,2.27015,2.2673,2.26417,2.26096,2.25767,2.25433,2.25113,2.24803,2.24512,2.24253,2.24024,2.23829,2.23683,2.23586,2.23538,2.23551,2.23629,2.23767,2.23966,2.24231,2.24558,2.24943,2.25383,2.2588,2.2643,2.27024,2.27654,2.28316,2.29005,2.29713,2.30431,2.31153,2.31875,2.32589,2.33284,2.33951,2.34587,2.35189,2.35754,2.36274,2.36742,2.37154,2.37511,2.37816,2.38069,2.38266,2.38406,2.38491,2.38528,2.38525,2.38485,2.38408,2.38299,2.38165,2.38016,2.3786,2.37701,2.37544,2.37397,2.37269,2.37162,2.37082,2.37034,2.37028,2.37068,2.37151,2.37278,2.37455,2.37684,2.3796,2.38282,2.38654,2.39071,2.39522,2.40006,2.40523,2.41057,2.41604,2.42166,2.42729,2.43285,2.43836,2.44366,2.44868,2.45343,2.45772,2.46161,2.46499,2.46779,2.47006,2.47164,2.47267,2.47295
2.51061,2.51055,2.51049,2.51028,2.51008,2.5097,2.5093,2.50874,2.50809,2.50737,2.50649,2.50557,2.50453,2.50334,2.50209,2.50068,2.49909,2.49739,2.49552,2.49346,2.49128,2.48897,2.48645,2.48378,2.48099,2.47802,2.47486,2.47156,2.46817,2.46464,2.46096,2.45716,2.45326,2.44925,2.44509,2.44085,2.43657,2.43225,2.42785,2.42338,2.41886,2.41433,2.40982,2.40532,2.40081,2.39632,2.39186,2.38745,2.38308,2.37877,2.37452,2.37033,2.36621,2.36216,2.35818,2.35428,2.35044,2.34665,2.34293,2.3393,2.33574,2.33223,2.32873,2.32526,2.32187,2.31855,2.31527,2.312,2.30874,2.30553,2.30237,2.29922,2.2961,2.29306,2.29007,2.28707,2.2841,2.2812,2.27835,2.27551,2.27276,2.27012,2.2675,2.26494,2.26252,2.26016,2.25787,2.25578,2.25378,2.25192,2.25028,2.24873,2.24738,2.24619,2.24512,2.24429,2.24355,2.24309,2.24274,2.24267
2.74012,2.74028,2.74075,2.74153,2.74252,2.7438,2.74517,2.74674,2.74832,2.74991,2.75147,2.75283,2.75402,2.75489,2.75533,2.75536,2.75482,2.75362,2.7518,2.74923,2.74582,2.74158,2.73647,2.7304,2.72337,2.71543,2.70659,2.6968,2.68614,2.67468,2.66241,2.64936,2.63562,2.62131,2.60652,2.59128,2.57567,2.55982,2.54383,2.52777,2.51173,2.49582,2.48015,2.46481,2.44983,2.43527,2.42121,2.40775,2.39493,2.38277,2.37124,2.36036,2.35017,2.34068,2.33186,2.32366,2.316,2.30885,2.3022,2.29598,2.29012,2.28452,2.2791,2.27383,2.26861,2.26336,2.25801,2.25253,2.24688,2.24093,2.23464,2.22798,2.22098,2.21358,2.20574,2.1975,2.18888,2.17986,2.17043,2.16071,2.15074,2.14054,2.13021,2.11987,2.10952,2.09926,2.08924,2.07946,2.07004,2.06115,2.05274,2.045,2.03799,2.0317,2.02632,2.02176,2.01821,2.0156,2.01404,2.01351
2.97139,2.97173,2.97264,2.97418,2.97624,2.97879,2.98177,2.98501,2.98853,2.99205,2.99553,2.99883,3.0017,3.00413,3.00591,3.00685,3.00694,3.00597,3.00377,3.00032,2.99548,2.98908,2.98113,2.97159,2.9604,2.94753,2.93305,2.91699,2.89931,2.88011,2.85952,2.83765,2.81458,2.79045,2.76543,2.73969,2.71333,2.68651,2.65944,2.63233,2.60534,2.5786,2.55224,2.52643,2.50136,2.47714,2.45387,2.43163,2.41049,2.39052,2.37178,2.35429,2.33804,2.32297,2.30907,2.29628,2.28456,2.27381,2.2639,2.25468,2.24607,2.23796,2.23024,2.22272,2.21525,2.20769,2.19995,2.19193,2.18348,2.17448,2.16489,2.15464,2.1436,2.13174,2.11909,2.10567,2.09144,2.07643,2.06076,2.04446,2.02757,2.01026,1.99269,1.97493,1.95715,1.93956,1.92221,1.90531,1.88906,1.8735,1.85889,1.84539,1.83304,1.82212,1.81263,1.80475,1.79853,1.79402,1.79134,1.7904
3.20623,3.2066,3.20788,3.20986,3.21266,3.21605,3.22002,3.22441,3.22901,3.23377,3.23835,3.24267,3.24652,3.24961,3.25188,3.25308,3.25296,3.25144,3.2483,3.24332,3.23646,3.22758,3.21655,3.20332,3.18791,3.17023,3.15027,3.1281,3.10381,3.07747,3.04917,3.01912,2.98749,2.95441,2.92004,2.88464,2.84847,2.81174,2.77466,2.73746,2.70039,2.66368,2.62753,2.59213,2.5577,2.52442,2.49244,2.46185,2.43275,2.40524,2.37941,2.35527,2.3328,2.31195,2.29267,2.27492,2.25862,2.24361,2.22975,2.21688,2.20485,2.19349,2.1826,2.17199,2.16151,2.15098,2.14019,2.12894,2.1171,2.10459,2.09127,2.077,2.0617,2.04536,2.02793,2.00936,1.98971,1.9691,1.94755,1.92513,1.90202,1.87838,1.85427,1.82996,1.80567,1.78153,1.75779,1.73473,1.71245,1.69123,1.6713,1.65277,1.63599,1.62102,1.60807,1.59733,1.58881,1.58273,1.57899,1.5778
3.44566,3.44615,3.44746,3.4497,3.45264,3.45634,3.46051,3.46512,3.46994,3.47475,3.47943,3.48364,3.48725,3.49001,3.49161,3.49191,3.49064,3.48754,3.48249,3.47531,3.46577,3.45382,3.43937,3.42226,3.40244,3.37996,3.35479,3.32694,3.29653,3.26373,3.22862,3.19134,3.1521,3.11115,3.06871,3.02501,2.98033,2.93498,2.88921,2.84327,2.79742,2.75195,2.70718,2.66331,2.62054,2.57904,2.53903,2.50067,2.46412,2.42944,2.39666,2.36581,2.33692,2.31,2.28498,2.26173,2.24012,2.22003,2.20134,2.18389,2.16745,2.15178,2.13668,2.12196,2.10744,2.09286,2.078,2.0627,2.04678,2.03006,2.01236,1.99363,1.97381,1.95279,1.93051,1.907,1.88233,1.8565,1.82961,1.80185,1.77336,1.74422,1.7147,1.68502,1.65532,1.6259,1.59707,1.56897,1.54196,1.51631,1.49216,1.46988,1.44961,1.43156,1.41601,1.40298,1.39277,1.38534,1.38091,1.37938
3.69023,3.69063,3.69185,3.69379,3.69643,3.69956,3.70316,3.70694,3.71084,3.71459,3.71799,3.72088,3.7229,3.72389,3.72359,3.72165,3.71796,3.71225,3.70428,3.69394,3.68107,3.66545,3.64702,3.62573,3.60147,3.57423,3.54407,3.51107,3.47526,3.43673,3.3957,3.35232,3.30677,3.25929,3.21019,3.15973,3.10816,3.05574,3.0028,2.94967,2.89664,2.84397,2.79192,2.74078,2.69079,2.64214,2.59505,2.54967,2.50615,2.4646,2.42506,2.38758,2.35218,2.31884,2.2875,2.25806,2.23041,2.20442,2.17992,2.15672,2.13462,2.11344,2.09297,2.07295,2.05313,2.03329,2.01329,1.99293,1.97196,1.95021,1.92756,1.90393,1.87917,1.85324,1.82616,1.79794,1.76854,1.73805,1.70662,1.67435,1.64135,1.60789,1.57417,1.54034,1.50669,1.47351,1.44096,1.40943,1.37919,1.35043,1.32355,1.29873,1.27618,1.25621,1.23888,1.2245,1.2131,1.20489,1.19991,1.19825
3.93929,3.93952,3.94032,3.94154,3.94315,3.94503,3.94702,3.94906,3.95084,3.95233,3.9532,3.95327,3.95236,3.95013,3.94642,3.94102,3.93361,3.92409,3.91224,3.89783,3.88074,3.86087,3.83804,3.81223,3.78344,3.75165,3.71683,3.67909,3.63852,3.59519,3.54924,3.50091,3.45041,3.39795,3.34373,3.28805,3.23122,3.17349,3.11515,3.05652,2.9979,2.93958,2.88178,2.82474,2.76876,2.71408,2.66087,2.60926,2.55937,2.51133,2.46527,2.42124,2.3792,2.33911,2.30094,2.26466,2.23019,2.19736,2.166,2.13594,2.10703,2.0791,2.05192,2.02526,1.99892,1.97272,1.94644,1.91987,1.89287,1.86533,1.8371,1.80802,1.77802,1.74711,1.71525,1.68243,1.64871,1.6142,1.57894,1.54302,1.50668,1.47007,1.43335,1.39681,1.36071,1.32521,1.29065,1.25729,1.22533,1.19513,1.1669,1.14087,1.11737,1.09647,1.07848,1.06349,1.05166,1.04315,1.03797,1.03627
4.19111,4.19117,4.19118,4.19128,4.19124,4.19111,4.1907,4.18991,4.18862,4.18655,4.18367,4.17966,4.17437,4.16767,4.15926,4.14904,4.13683,4.12237,4.10555,4.08624,4.06422,4.03944,4.01188,3.98142,3.94803,3.91179,3.87267,3.8307,3.78599,3.73871,3.68897,3.6369,3.58271,3.52663,3.46885,3.40958,3.34911,3.28775,3.22574,3.16331,3.1007,3.03821,2.97612,2.91465,2.85399,2.79434,2.73589,2.6788,2.62323,2.56925,2.51694,2.46635,2.41752,2.37046,2.32513,2.28148,2.23941,2.19883,2.15966,2.12177,2.08498,2.0491,2.01398,1.9795,1.94551,1.91178,1.87814,1.84446,1.81064,1.77653,1.74203,1.70708,1.67165,1.63565,1.59904,1.56191,1.52431,1.48625,1.44785,1.40927,1.3706,1.33196,1.29362,1.25578,1.21857,1.18233,1.14728,1.11356,1.08152,1.05131,1.02313,0.997321,0.973947,0.953312,0.935555,0.920791,0.909236,0.900852,0.89586,0.894135
4.44306,4.44274,4.4419,4.4404,4.43834,4.4355,4.43197,4.42751,4.42209,4.41557,4.40774,4.39859,4.38788,4.37551,4.36141,4.34533,4.3272,4.30692,4.28428,4.25925,4.23179,4.20173,4.16907,4.13383,4.09593,4.05536,4.01221,3.96657,3.91846,3.868,3.81536,3.76065,3.70397,3.64551,3.58551,3.52417,3.46165,3.39815,3.33392,3.26917,3.20411,3.13895,3.07391,3.00921,2.945,2.88144,2.81868,2.75689,2.69622,2.63674,2.57849,2.52152,2.46592,2.41173,2.35893,2.30745,2.25725,2.20832,2.16058,2.11396,2.06833,2.0236,1.97968,1.93645,1.89377,1.85156,1.80975,1.76825,1.72692,1.68567,1.64449,1.60337,1.56223,1.52105,1.47988,1.43873,1.39758,1.35652,1.31572,1.27522,1.23511,1.1956,1.15681,1.11884,1.08195,1.04629,1.012,0.979353,0.948486,0.919528,0.892766,0.868243,0.846199,0.826796,0.810095,0.79635,0.785499,0.777773,0.773062,0.771534
4.69147,4.69084,4.68891,4.68571,4.68115,4.67529,4.66796,4.65925,4.64898,4.63718,4.62375,4.60859,4.59172,4.57296,4.55227,4.52964,4.5049,4.47805,4.44911,4.41793,4.38455,4.34897,4.31111,4.27095,4.22857,4.18398,4.13718,4.08829,4.03739,3.98451,3.92973,3.87319,3.81503,3.75536,3.69428,3.63198,3.56859,3.50423,3.43904,3.3732,3.30691,3.2403,3.17347,3.10655,3.03973,2.97317,2.90697,2.84121,2.77597,2.71137,2.64752,2.58448,2.52227,2.4609,2.40043,2.34089,2.28231,2.22467,2.16789,2.11197,2.05692,2.00276,1.9494,1.89677,1.84484,1.79364,1.74312,1.69323,1.64395,1.5953,1.54725,1.49975,1.45282,1.40654,1.36092,1.31592,1.27165,1.22818,1.18553,1.14376,1.10307,1.06351,1.02512,0.988114,0.952546,0.918468,0.886104,0.855526,0.826819,0.800218,0.775724,0.753496,0.733665,0.716213,0.701367,0.689053,0.679458,0.672538,0.668389,0.666996
4.93233,4.93134,4.92826,4.92318,4.916,4.90676,4.89548,4.88209,4.86671,4.84923,4.82977,4.80828,4.78472,4.75919,4.73157,4.70193,4.67034,4.63673,4.60117,4.56373,4.52435,4.48306,4.43998,4.39507,4.34836,4.29996,4.24992,4.19822,4.14491,4.09012,4.03388,3.97623,3.91728,3.85714,3.79584,3.7334,3.66993,3.60557,3.54039,3.47441,3.40773,3.34044,3.27263,3.20437,3.13576,3.06687,2.9978,2.92861,2.85937,2.79017,2.72109,2.65221,2.58358,2.51524,2.44727,2.37974,2.3127,2.24619,2.18028,2.11501,2.05045,1.9866,1.92353,1.86133,1.80005,1.73969,1.68027,1.62188,1.5646,1.50846,1.45345,1.39965,1.34712,1.29587,1.24592,1.19741,1.15038,1.10482,1.06079,1.01841,0.977654,0.938568,0.901292,0.865828,0.832173,0.800465,0.770686,0.742845,0.717103,0.693408,0.671848,0.652515,0.635317,0.620418,0.607711,0.597288,0.589148,0.583287,0.579793,0.578593
5.1613,5.15984,5.15566,5.14858,5.1388,5.1262,5.11093,5.093,5.07245,5.04944,5.02391,4.99606,4.96591,4.93352,4.89909,4.86261,4.82419,4.784,4.74202,4.69835,4.65315,4.60643,4.55827,4.50884,4.45815,4.40621,4.35312,4.29893,4.24363,4.18727,4.12995,4.07166,4.01238,3.95213,3.89096,3.82889,3.76589,3.70199,3.63721,3.57155,3.50498,3.43751,3.3692,3.30009,3.23017,3.15944,3.08794,3.01576,2.94298,2.86964,2.79574,2.72137,2.64666,2.57172,2.49663,2.42143,2.34622,2.27117,2.19643,2.1221,2.04827,1.97505,1.90263,1.83114,1.7607,1.69141,1.62343,1.55689,1.49184,1.42839,1.36671,1.3069,1.24899,1.19303,1.13917,1.08744,1.03785,0.990505,0.945472,0.902692,0.862168,0.823971,0.788037,0.754336,0.722953,0.693808,0.666847,0.642137,0.619542,0.599053,0.580702,0.56433,0.550037,0.537699,0.527307,0.518875,0.512281,0.507642,0.504797,0.503903
5.37375,5.372,5.36664,5.35784,5.34552,5.32989,5.31091,5.28878,5.26353,5.23529,5.20425,5.17047,5.13422,5.09561,5.05479,5.01202,4.96736,4.92098,4.87309,4.82377,4.77316,4.72148,4.66879,4.61516,4.56075,4.50561,4.44974,4.39325,4.33619,4.27854,4.22026,4.16138,4.10186,4.04165,3.98071,3.91903,3.85656,3.79319,3.72884,3.66348,3.59711,3.52964,3.46099,3.39111,3.32001,3.24768,3.17411,3.0993,3.02328,2.94609,2.86781,2.78852,2.70831,2.62728,2.54555,2.46329,2.38067,2.29784,2.21495,2.13221,2.04985,1.96809,1.88711,1.80705,1.72817,1.6507,1.57484,1.50072,1.42854,1.35847,1.29068,1.22527,1.1624,1.10222,1.04479,0.990109,0.938296,0.889403,0.84338,0.800248,0.760045,0.722653,0.687999,0.656104,0.626826,0.600074,0.575858,0.553984,0.534364,0.516948,0.501496,0.488017,0.47636,0.466425,0.458228,0.45157,0.446542,0.442934,0.440845,0.440109
5.56562,5.56353,5.55731,5.54698,5.53266,5.51436,5.49232,5.46654,5.4373,5.40468,5.36891,5.33023,5.28878,5.2449,5.19874,5.1505,5.1005,5.04888,4.99585,4.94171,4.88655,4.83053,4.77386,4.71663,4.6589,4.60084,4.54254,4.48397,4.42517,4.36616,4.30689,4.24727,4.18729,4.12691,4.06599,4.00439,3.94202,3.87881,3.81462,3.74933,3.68282,3.61501,3.54579,3.47504,3.40271,3.32877,3.25318,3.17591,3.09692,3.01628,2.93408,2.8504,2.76532,2.67895,2.59145,2.50306,2.41397,2.32436,2.23445,2.14452,2.05484,1.96565,1.87721,1.78982,1.70375,1.61922,1.53648,1.45581,1.3775,1.3017,1.22859,1.15837,1.09123,1.02728,0.966603,0.90934,0.855523,0.805098,0.758101,0.71456,0.674358,0.637442,0.603792,0.573216,0.545574,0.520808,0.498676,0.479045,0.461823,0.446725,0.433683,0.422502,0.412979,0.405094,0.398582,0.393483,0.389583,0.386891,0.385288,0.384766
5.73339,5.73107,5.72423,5.71281,5.69697,5.67677,5.65234,5.62393,5.59161,5.55576,5.51648,5.47409,5.42885,5.38093,5.3307,5.27838,5.22422,5.16858,5.11166,5.05366,4.99488,4.93544,4.87549,4.81524,4.75482,4.69427,4.6337,4.57318,4.51264,4.45208,4.39152,4.3309,4.27007,4.20893,4.14738,4.08527,4.02242,3.9587,3.894,3.82814,3.76092,3.6922,3.62188,3.54988,3.47607,3.40032,3.32257,3.24284,3.16113,3.07745,2.99181,2.9043,2.81508,2.72431,2.63217,2.53879,2.44442,2.34935,2.25388,2.15827,2.06277,1.96768,1.87337,1.78018,1.68838,1.59826,1.51014,1.42432,1.34106,1.26061,1.18325,1.10918,1.03851,0.97139,0.907999,0.848406,0.792615,0.740696,0.692655,0.648369,0.607798,0.570921,0.537544,0.507539,0.480812,0.457076,0.436154,0.417908,0.402023,0.388395,0.376817,0.367027,0.358962,0.352299,0.346984,0.342808,0.339668,0.337507,0.3362,0.335801
5.87452,5.87214,5.86485,5.85286,5.83609,5.81479,5.78902,5.75901,5.725,5.68715,5.64584,5.60119,5.55357,5.50326,5.45047,5.39562,5.33893,5.28066,5.22116,5.16062,5.09925,5.03735,4.97506,4.91252,4.8499,4.78731,4.72473,4.66224,4.5999,4.53766,4.47545,4.41325,4.35094,4.28837,4.22539,4.16189,4.09774,4.0327,3.96656,3.89919,3.83044,3.76014,3.68811,3.61423,3.5384,3.46052,3.38051,3.29834,3.21401,3.12754,3.03897,2.94838,2.85592,2.76175,2.66604,2.569,2.47089,2.37197,2.27253,2.17286,2.07331,1.97422,1.8759,1.77866,1.68286,1.58891,1.49709,1.40768,1.32096,1.23725,1.15681,1.0798,1.00644,0.936915,0.871288,0.809618,0.752035,0.698575,0.64916,0.603784,0.562403,0.524818,0.490919,0.460617,0.433642,0.409833,0.389032,0.370904,0.355305,0.342011,0.330726,0.321369,0.313614,0.307342,0.302357,0.298448,0.295583,0.293536,0.292393,0.291962
5.98765,5.98516,5.97784,5.96561,5.9487,5.9271,5.90109,5.87074,5.83632,5.79803,5.75608,5.71084,5.66249,5.6114,5.55786,5.50209,5.44446,5.38518,5.32449,5.26272,5.20009,5.13677,5.07303,5.009,4.94474,4.8804,4.81609,4.75178,4.68751,4.62331,4.5591,4.49474,4.4302,4.36541,4.30021,4.23442,4.16788,4.10046,4.03194,3.96214,3.89094,3.81818,3.74369,3.6673,3.58893,3.50854,3.42606,3.34144,3.25461,3.16565,3.07467,2.98175,2.88696,2.79044,2.69241,2.59311,2.4928,2.39169,2.29004,2.18819,2.08651,1.98531,1.88489,1.78561,1.68784,1.59189,1.49807,1.40673,1.31819,1.23265,1.15033,1.07149,0.996366,0.925053,0.857668,0.794355,0.735146,0.68001,0.629006,0.582123,0.539203,0.500167,0.464921,0.433209,0.4049,0.379866,0.357808,0.338595,0.322008,0.307725,0.295643,0.285439,0.276957,0.270047,0.264452,0.260161,0.256897,0.254708,0.253372,0.252975
6.07228,6.06989,6.06274,6.05091,6.03443,6.01352,5.98819,5.95873,5.92518,5.88784,5.8469,5.80259,5.75527,5.70507,5.65236,5.59739,5.54032,5.48152,5.4212,5.35955,5.29686,5.2333,5.16898,5.10412,5.03885,4.97323,4.90737,4.84135,4.77512,4.70865,4.64195,4.575,4.50767,4.43988,4.37156,4.30256,4.2327,4.16187,4.08998,4.01687,3.94233,3.86623,3.78849,3.70902,3.62772,3.54448,3.45928,3.37212,3.28303,3.19203,3.09917,3.00453,2.90827,2.81054,2.71151,2.61134,2.51027,2.40858,2.30655,2.20444,2.10252,2.0011,1.90057,1.80125,1.70341,1.60733,1.51335,1.42178,1.33287,1.24685,1.16398,1.08446,1.00841,0.93601,0.867454,0.802794,0.742041,0.685274,0.632484,0.583566,0.538519,0.497297,0.459696,0.42563,0.39498,0.367481,0.343037,0.321476,0.302517,0.28608,0.271874,0.259715,0.249485,0.240907,0.233986,0.228464,0.224349,0.221461,0.219779,0.219217
6.12926,6.12707,6.12042,6.10944,6.09412,6.07459,6.05096,6.02331,5.9919,5.95677,5.91825,5.87644,5.83155,5.78386,5.73347,5.6807,5.62577,5.56883,5.51017,5.44996,5.3883,5.32542,5.26148,5.19654,5.13081,5.06439,4.99729,4.92956,4.86128,4.79244,4.723,4.65298,4.58235,4.51099,4.43881,4.36578,4.29186,4.2169,4.14079,4.06345,3.98481,3.90476,3.82322,3.74015,3.65549,3.5692,3.48124,3.39165,3.30049,3.20779,3.1136,3.018,2.92114,2.82319,2.72427,2.62454,2.52421,2.42352,2.32271,2.222,2.12165,2.02196,1.92317,1.82554,1.72936,1.63493,1.54249,1.45222,1.36436,1.2792,1.19694,1.11769,1.04165,0.968976,0.899733,0.833998,0.771908,0.713473,0.658626,0.607407,0.559792,0.51565,0.47498,0.437728,0.403686,0.3728,0.344928,0.319834,0.297489,0.277681,0.260265,0.245186,0.232179,0.221247,0.212165,0.20489,0.199327,0.195377,0.193058,0.192257
6.1606,6.1586,6.15276,6.14293,6.1293,6.11179,6.09058,6.06572,6.03734,6.00561,5.97055,5.93242,5.89124,5.8472,5.8005,5.75122,5.6996,5.64578,5.58985,5.53202,5.47241,5.41108,5.34824,5.28401,5.21839,5.1515,5.08346,5.01427,4.94398,4.8727,4.80043,4.72711,4.65276,4.57741,4.50101,4.42353,4.34496,4.26529,4.18445,4.10239,4.01915,3.93472,3.84906,3.7621,3.67388,3.58444,3.49383,3.40204,3.30909,3.21506,3.12008,3.02426,2.92765,2.83036,2.73254,2.63442,2.53613,2.4378,2.33961,2.24178,2.14456,2.04813,1.95263,1.85829,1.76534,1.67399,1.5844,1.49679,1.41135,1.32821,1.24752,1.16949,1.09427,1.0219,0.952471,0.886113,0.822852,0.762699,0.705764,0.652054,0.601485,0.554103,0.509892,0.468729,0.430648,0.395582,0.363369,0.334029,0.307414,0.283422,0.26208,0.243192,0.226796,0.21275,0.200975,0.191454,0.184032,0.178803,0.175608,0.174595
6.16902,6.16737,6.16231,6.15397,6.14225,6.12731,6.10905,6.08764,6.06303,6.03532,6.0046,5.97085,5.93426,5.89483,5.85265,5.80787,5.76044,5.71052,5.65822,5.60353,5.54665,5.48766,5.42656,5.36347,5.29849,5.2316,5.16292,5.09257,5.02057,4.94695,4.87181,4.7952,4.71713,4.63767,4.55692,4.47487,4.39151,4.30691,4.22117,4.13435,4.04644,3.95749,3.86758,3.7768,3.68518,3.59278,3.49966,3.40591,3.31159,3.21679,3.1216,3.02611,2.93042,2.83465,2.73892,2.64333,2.548,2.45308,2.3587,2.26498,2.17201,2.07993,1.98892,1.89911,1.81056,1.72339,1.63778,1.55389,1.47179,1.39159,1.31342,1.23739,1.16354,1.092,1.0229,0.956236,0.892045,0.830456,0.771508,0.7152,0.661649,0.610875,0.562806,0.517529,0.475043,0.435284,0.398371,0.364252,0.332891,0.304376,0.278568,0.255543,0.235265,0.217683,0.202886,0.190731,0.181354,0.1746,0.170602,0.169228
6.15792,6.15654,6.15244,6.1456,6.13608,6.12379,6.10885,6.09108,6.07061,6.04731,6.02124,5.99242,5.96079,5.92645,5.88929,5.84935,5.80667,5.76116,5.71293,5.66201,5.60836,5.55206,5.49318,5.43167,5.36765,5.30122,5.23238,5.1612,5.08778,5.0122,4.9345,4.85485,4.77338,4.69014,4.60521,4.51875,4.4309,4.34175,4.25142,4.16005,4.06777,3.97467,3.8809,3.78662,3.69196,3.59699,3.50179,3.40652,3.31132,3.21628,3.12143,3.02687,2.93274,2.83917,2.74619,2.65385,2.56224,2.47147,2.38162,2.2927,2.20475,2.11786,2.03208,1.94744,1.864,1.78185,1.70101,1.62148,1.54336,1.46676,1.3917,1.31817,1.24626,1.17607,1.10762,1.04098,0.976283,0.91356,0.852828,0.794237,0.737852,0.683689,0.63191,0.582565,0.535655,0.491357,0.449705,0.410754,0.374689,0.341464,0.311202,0.283955,0.259699,0.238614,0.220621,0.205907,0.194404,0.186212,0.181284,0.17965
6.13081,6.12974,6.12661,6.12133,6.11392,6.10433,6.0925,6.07841,6.06192,6.04307,6.02167,5.99774,5.97116,5.9418,5.90969,5.87466,5.8367,5.7958,5.75181,5.70474,5.65458,5.60122,5.54474,5.4852,5.42255,5.35688,5.28827,5.21674,5.14236,5.06531,4.98573,4.90369,4.81935,4.73292,4.64455,4.55441,4.46274,4.36974,4.27557,4.18038,4.08443,3.98795,3.89112,3.79405,3.69695,3.60002,3.50346,3.40736,3.31183,3.21702,3.12307,3.03007,2.93808,2.84712,2.7573,2.66868,2.58127,2.49505,2.41001,2.32619,2.24362,2.16224,2.08197,2.00283,1.92484,1.84796,1.77214,1.69735,1.62361,1.55088,1.47915,1.40849,1.33893,1.27043,1.20304,1.13691,1.07206,1.00855,0.946556,0.886115,0.827282,0.770267,0.715188,0.662136,0.611359,0.562945,0.516999,0.473765,0.433285,0.395762,0.361368,0.330142,0.302338,0.27794,0.257146,0.239994,0.226568,0.216962,0.211151,0.209242
6.0913,6.09059,6.08826,6.08444,6.07891,6.07174,6.06274,6.05189,6.03909,6.02417,6.00708,5.98755,5.96552,5.94082,5.91327,5.88285,5.84934,5.81265,5.77272,5.72935,5.68251,5.63219,5.57829,5.52083,5.45985,5.39532,5.32729,5.25593,5.18133,5.10356,5.02281,4.93927,4.85307,4.76445,4.6737,4.58105,4.4867,4.3909,4.29399,4.19621,4.0978,3.999,3.90009,3.80129,3.70282,3.60491,3.50777,3.41157,3.31646,3.22258,3.13009,3.03906,2.94954,2.86158,2.77521,2.69045,2.60726,2.52561,2.44545,2.36675,2.28939,2.21333,2.1385,2.06481,1.99213,1.92034,1.84943,1.77933,1.7099,1.64106,1.57283,1.50519,1.43808,1.37156,1.3057,1.24046,1.17592,1.11223,1.04948,0.987758,0.927288,0.868187,0.810585,0.754776,0.700915,0.649183,0.599883,0.553112,0.509112,0.468136,0.430293,0.395921,0.365106,0.338065,0.314941,0.295788,0.28081,0.269971,0.263492,0.261275
6.04279,6.04222,6.04062,6.03782,6.03388,6.02858,6.02196,6.01374,6.0039,5.99221,5.97848,5.96261,5.94428,5.92343,5.89981,5.87319,5.84348,5.81043,5.7739,5.73385,5.69008,5.64253,5.59119,5.53591,5.4767,5.41367,5.34683,5.27625,5.2021,5.12452,5.04361,4.95962,4.87284,4.78345,4.6917,4.59791,4.50237,4.40538,4.30725,4.20834,4.10891,4.00925,3.90963,3.8104,3.71183,3.6141,3.51742,3.42203,3.32816,3.23594,3.14544,3.05674,2.96997,2.88517,2.80231,2.72131,2.64215,2.56482,2.48923,2.41523,2.34268,2.27151,2.2016,2.13277,2.06487,1.99778,1.93136,1.86544,1.79996,1.73485,1.67001,1.60531,1.5408,1.47648,1.41233,1.34839,1.28478,1.22153,1.15874,1.09667,1.03544,0.975234,0.91633,0.858885,0.803109,0.74935,0.69778,0.648701,0.602427,0.559102,0.519088,0.482545,0.449712,0.420853,0.396047,0.375587,0.35946,0.347918,0.340905,0.338603
5.98768,5.98728,5.98606,5.98402,5.98106,5.97714,5.97204,5.96572,5.95785,5.94838,5.93703,5.92363,5.90802,5.88987,5.86906,5.84531,5.81836,5.78813,5.75436,5.71693,5.67575,5.63064,5.58152,5.52841,5.47123,5.41001,5.34485,5.2758,5.20292,5.12646,5.04662,4.96357,4.87756,4.7889,4.69782,4.6046,4.50963,4.41325,4.31574,4.21741,4.11864,4.0198,3.92118,3.82305,3.72569,3.6294,3.53444,3.44097,3.34918,3.25923,3.17126,3.08535,3.00155,2.91986,2.8403,2.76285,2.68744,2.61395,2.54226,2.47228,2.4039,2.33689,2.27105,2.20624,2.14235,2.07918,2.01651,1.95421,1.8922,1.83033,1.76849,1.70665,1.64474,1.58267,1.52049,1.45829,1.39608,1.33397,1.27215,1.21071,1.14982,1.0898,1.0308,0.973061,0.916914,0.862539,0.810256,0.760426,0.713241,0.669098,0.628205,0.59079,0.557176,0.527464,0.502013,0.480888,0.464355,0.45245,0.445297,0.442901
5.92769,5.92739,5.92637,5.92468,5.92219,5.91883,5.91447,5.90891,5.90206,5.89363,5.88352,5.87143,5.85717,5.84053,5.82121,5.79909,5.77391,5.74545,5.71359,5.67808,5.63878,5.59566,5.54857,5.49749,5.44246,5.38342,5.32038,5.25351,5.18292,5.10872,5.03115,4.95044,4.86677,4.78041,4.69172,4.60101,4.50853,4.41459,4.31959,4.22385,4.1277,4.03148,3.93553,3.84013,3.74556,3.65211,3.56004,3.46953,3.38072,3.29377,3.20885,3.12603,3.04533,2.96675,2.89034,2.81607,2.74385,2.67357,2.60512,2.53836,2.47314,2.40927,2.34659,2.28492,2.22404,2.16378,2.10404,2.04467,1.98545,1.92625,1.86705,1.80773,1.74821,1.6885,1.6286,1.56849,1.50828,1.44813,1.38812,1.32838,1.26915,1.21058,1.15288,1.09643,1.04139,0.98808,0.936843,0.887853,0.841498,0.798036,0.757708,0.720885,0.687685,0.658459,0.633324,0.612512,0.596177,0.584404,0.577339,0.57495
5.86367,5.8633,5.86232,5.86052,5.85796,5.85441,5.84988,5.84417,5.83716,5.82871,5.81851,5.80649,5.7923,5.7758,5.75682,5.73509,5.71051,5.68282,5.65182,5.61744,5.57948,5.53785,5.49256,5.44348,5.39059,5.33397,5.27364,5.20967,5.14222,5.07143,4.99739,4.92033,4.84056,4.75827,4.67373,4.58725,4.49913,4.40963,4.31909,4.22787,4.13627,4.04454,3.95298,3.86196,3.77174,3.68253,3.59451,3.50792,3.42297,3.33977,3.2584,3.17891,3.10143,3.026,2.95257,2.88106,2.81146,2.74373,2.67774,2.6133,2.55027,2.48855,2.42798,2.36837,2.30954,2.25136,2.19367,2.1363,2.07916,2.02215,1.96513,1.90798,1.85075,1.79342,1.73595,1.6784,1.62086,1.56336,1.50602,1.44908,1.39263,1.33686,1.28204,1.22835,1.17607,1.12552,1.07689,1.0305,0.986605,0.945397,0.907264,0.872347,0.840989,0.813361,0.78963,0.770011,0.754532,0.743435,0.736676,0.734464
5.7954,5.79499,5.79363,5.79141,5.78812,5.78384,5.77834,5.77163,5.76347,5.7538,5.74243,5.72916,5.71392,5.69643,5.67659,5.65423,5.6291,5.60117,5.57025,5.53621,5.49904,5.45858,5.41475,5.36758,5.31702,5.2631,5.20594,5.14559,5.08208,5.01559,4.94629,4.8743,4.79984,4.72315,4.64443,4.5639,4.48186,4.39864,4.31445,4.22952,4.14415,4.05865,3.97325,3.88817,3.80364,3.71989,3.63712,3.5555,3.47518,3.39629,3.31893,3.24319,3.16911,3.09673,3.02603,2.95701,2.88964,2.82381,2.75946,2.69652,2.6349,2.57445,2.51501,2.45651,2.39885,2.34188,2.2854,2.22935,2.17367,2.11822,2.06294,2.00782,1.95282,1.89787,1.84306,1.78846,1.73404,1.6799,1.62618,1.57295,1.52038,1.46872,1.41807,1.36865,1.32071,1.27437,1.22995,1.18766,1.14769,1.11036,1.07579,1.04424,1.01592,0.990945,0.969587,0.951847,0.937984,0.927949,0.921947,0.919901
5.72183,5.72121,5.71938,5.71629,5.71196,5.70629,5.69929,5.69074,5.68068,5.66889,5.65537,5.63999,5.62262,5.60323,5.58156,5.55758,5.53118,5.50222,5.47071,5.43654,5.39961,5.35995,5.31748,5.27217,5.22411,5.17329,5.1197,5.06346,5.00466,4.94337,4.87976,4.81398,4.74611,4.6763,4.60479,4.53179,4.45746,4.38199,4.30564,4.22859,4.15105,4.07323,3.99533,3.91752,3.83993,3.76278,3.68627,3.61049,3.53555,3.46156,3.38869,3.317,3.24649,3.17717,3.10912,3.04235,2.97682,2.91247,2.84929,2.78726,2.72634,2.66643,2.60747,2.54942,2.49215,2.4356,2.37975,2.32451,2.26977,2.2155,2.16175,2.10847,2.05562,2.00324,1.95134,1.89993,1.8491,1.79896,1.74953,1.70093,1.65331,1.60675,1.56141,1.51751,1.47507,1.43433,1.39545,1.35854,1.32389,1.2916,1.26184,1.2348,1.21049,1.18919,1.17089,1.15582,1.14398,1.13553,1.13043,1.12874
5.641,5.64017,5.63774,5.63365,5.62794,5.62055,5.61146,5.60066,5.58803,5.57366,5.55738,5.53925,5.51916,5.49706,5.47299,5.44681,5.41857,5.38823,5.35569,5.32101,5.28415,5.24508,5.20391,5.16061,5.11516,5.06763,5.01806,4.96645,4.91293,4.85761,4.80049,4.74167,4.68132,4.61952,4.55636,4.49199,4.42654,4.36008,4.29276,4.22476,4.15623,4.08721,4.01784,3.94828,3.87868,3.8091,3.73961,3.67036,3.60147,3.53303,3.46507,3.39765,3.33088,3.26482,3.19947,3.13483,3.07096,3.00792,2.94573,2.88432,2.82371,2.76397,2.7051,2.64704,2.58976,2.53331,2.47769,2.42286,2.36886,2.31572,2.26338,2.21185,2.16124,2.11155,2.06275,2.01492,1.96814,1.92243,1.87789,1.83464,1.79265,1.75204,1.71291,1.67528,1.63933,1.60514,1.57275,1.54233,1.51391,1.48758,1.46351,1.44165,1.42223,1.4052,1.39069,1.37873,1.36938,1.36269,1.35865,1.35733
5.55057,5.54958,5.54646,5.54135,5.53409,5.52482,5.51347,5.50014,5.48483,5.46753,5.44833,5.42713,5.40407,5.37913,5.35235,5.32387,5.29361,5.26166,5.22808,5.19282,5.15603,5.11773,5.07791,5.03669,4.99407,4.95007,4.90479,4.85828,4.81051,4.76155,4.71148,4.6603,4.60808,4.55492,4.50083,4.44579,4.38989,4.33322,4.27579,4.2176,4.15871,4.09922,4.03916,3.97858,3.91753,3.85609,3.79429,3.73218,3.66984,3.60732,3.54466,3.48194,3.41922,3.35658,3.29408,3.23179,3.16979,3.10814,3.0469,2.98616,2.92599,2.86643,2.80753,2.7494,2.69216,2.63581,2.5804,2.52604,2.47285,2.42081,2.36997,2.32044,2.27221,2.22533,2.17991,2.13602,2.09361,2.05277,2.01357,1.97598,1.94009,1.90593,1.87345,1.84274,1.81382,1.78666,1.76138,1.73791,1.71625,1.69646,1.67845,1.66236,1.64813,1.6358,1.62539,1.61682,1.61019,1.60537,1.60253,1.60153
5.44816,5.44688,5.44317,5.43692,5.42828,5.41716,5.40376,5.38801,5.37011,5.35005,5.32796,5.30397,5.2781,5.25058,5.22142,5.19075,5.15874,5.12541,5.09095,5.05548,5.019,4.98167,4.94353,4.90461,4.86504,4.82491,4.78417,4.74292,4.70117,4.65888,4.6161,4.57287,4.52913,4.48482,4.43997,4.39457,4.34856,4.30189,4.25454,4.20645,4.15757,4.1079,4.05746,4.00618,3.95401,3.90101,3.84722,3.79261,3.73715,3.68087,3.6239,3.56627,3.50801,3.44918,3.38993,3.33041,3.27068,3.21081,3.15095,3.09127,3.03189,2.9729,2.91446,2.85673,2.79985,2.74396,2.68923,2.63577,2.58365,2.53302,2.48404,2.43675,2.3912,2.34753,2.30579,2.26599,2.22823,2.19254,2.15882,2.12714,2.09752,2.06987,2.04424,2.0206,1.99879,1.97886,1.96067,1.94417,1.92937,1.91609,1.90435,1.89404,1.88508,1.87748,1.87109,1.866,1.86201,1.85923,1.85752,1.85699
5.33118,5.32974,5.32542,5.31831,5.30841,5.29589,5.28071,5.26308,5.243,5.22074,5.19636,5.17011,5.14217,5.11261,5.08172,5.04957,5.01638,4.98238,4.94765,4.91241,4.87679,4.84083,4.80473,4.76859,4.73242,4.69633,4.66037,4.6245,4.58879,4.55327,4.51783,4.48242,4.44699,4.41147,4.37574,4.33975,4.3034,4.26652,4.22901,4.19082,4.15185,4.11193,4.07094,4.02885,3.98563,3.94117,3.8954,3.84831,3.79994,3.75027,3.6993,3.64709,3.59375,3.53937,3.48403,3.42785,3.37098,3.31364,3.25597,3.19809,3.14022,3.08263,3.02552,2.96902,2.91333,2.85873,2.80539,2.75346,2.70313,2.65459,2.60794,2.56334,2.52097,2.48088,2.44307,2.40766,2.37467,2.34406,2.31589,2.29012,2.26662,2.2454,2.22639,2.20942,2.19448,2.18137,2.16991,2.16009,2.15166,2.14457,2.13868,2.13378,2.12983,2.12658,2.12406,2.12209,2.12068,2.11972,2.11919,2.11901
5.19756,5.19603,5.19137,5.18369,5.17303,5.15949,5.14321,5.12429,5.10298,5.07935,5.05372,5.02621,4.99708,4.96658,4.93487,4.9023,4.869,4.83519,4.80112,4.76689,4.73276,4.69891,4.66541,4.63243,4.60005,4.56826,4.53716,4.5068,4.47712,4.44809,4.41967,4.39174,4.36419,4.33694,4.30985,4.28267,4.25528,4.22759,4.19939,4.17049,4.14074,4.10998,4.07806,4.04482,4.01014,3.97393,3.93607,3.89652,3.85528,3.81233,3.76768,3.72137,3.67349,3.62414,3.57341,3.52145,3.46844,3.41457,3.36005,3.30512,3.25004,3.19502,3.14031,3.08619,3.03295,2.98075,2.92981,2.88043,2.83286,2.78723,2.74373,2.70257,2.66385,2.62765,2.59412,2.56327,2.53505,2.50955,2.48674,2.46651,2.44884,2.43361,2.42059,2.40975,2.40088,2.39379,2.3884,2.3844,2.38166,2.37997,2.37907,2.37891,2.37917,2.3798,2.38057,2.3814,2.38217,2.38276,2.38317,2.38329
5.04605,5.04444,5.03975,5.03188,5.02103,5.00718,4.9906,4.97141,4.94983,4.92609,4.90032,4.87287,4.84388,4.81371,4.78262,4.75081,4.71862,4.6862,4.6538,4.62171,4.59003,4.55901,4.52882,4.49948,4.47117,4.44399,4.41791,4.39293,4.36908,4.3462,4.32426,4.30322,4.28289,4.26308,4.24364,4.22441,4.20515,4.18566,4.16577,4.14522,4.12379,4.10131,4.07764,4.05254,4.0258,3.99734,3.9671,3.93496,3.90082,3.86468,3.8266,3.78663,3.74478,3.70111,3.65581,3.60908,3.56104,3.51186,3.46182,3.41123,3.36032,3.30931,3.25851,3.20823,3.15873,3.11028,3.06317,3.01765,2.97391,2.93223,2.89286,2.85587,2.82139,2.78961,2.76059,2.73435,2.71099,2.69045,2.67263,2.65754,2.64504,2.63495,2.6272,2.62155,2.61777,2.61576,2.61522,2.61597,2.61779,2.62033,2.62348,2.62693,2.63056,2.63415,2.63751,2.64052,2.64294,2.64477,2.64584,2.64624
4.87624,4.87474,4.87014,4.86261,4.85211,4.83889,4.82297,4.80465,4.78401,4.76136,4.73691,4.71089,4.68364,4.65532,4.62629,4.59676,4.56698,4.5373,4.50789,4.479,4.45086,4.42356,4.39729,4.37224,4.34843,4.32598,4.30494,4.2852,4.26677,4.24964,4.23366,4.21868,4.20461,4.19128,4.17845,4.16599,4.15368,4.14123,4.12838,4.11497,4.10078,4.08555,4.06903,4.0511,4.0316,4.01036,3.98723,3.96212,3.93499,3.90581,3.87453,3.8412,3.8059,3.76874,3.72983,3.6893,3.64738,3.6043,3.56027,3.51549,3.47024,3.42488,3.37966,3.3348,3.29063,3.2475,3.20566,3.16533,3.12678,3.09023,3.05584,3.0238,2.99432,2.96744,2.94321,2.92179,2.90315,2.88724,2.87407,2.86349,2.85534,2.84958,2.84601,2.84442,2.84466,2.84641,2.84946,2.85361,2.85853,2.8641,2.86998,2.87596,2.88185,2.88736,2.89242,2.89673,2.9003,2.90287,2.9045,2.90501
4.68886,4.68747,4.68335,4.67655,4.66719,4.65534,4.64119,4.62478,4.60643,4.58622,4.56452,4.5415,4.51742,4.49257,4.46709,4.44134,4.41556,4.38994,4.36482,4.34031,4.31661,4.29397,4.27243,4.25217,4.23328,4.21573,4.19959,4.18492,4.17162,4.15962,4.14887,4.13919,4.13042,4.12247,4.11516,4.10823,4.10145,4.09467,4.08764,4.0801,4.07182,4.0626,4.05224,4.04056,4.0274,4.01263,3.99608,3.97766,3.95734,3.93506,3.91077,3.88449,3.85632,3.82638,3.79474,3.76154,3.72699,3.69128,3.65462,3.61722,3.57934,3.54123,3.50315,3.46543,3.42834,3.39209,3.35694,3.32321,3.29111,3.26077,3.2324,3.20621,3.18229,3.16076,3.14174,3.1252,3.11113,3.09958,3.09048,3.0837,3.07922,3.07682,3.07632,3.07765,3.08049,3.08466,3.08996,3.09604,3.10278,3.10991,3.11719,3.12445,3.13134,3.1378,3.14352,3.14846,3.15243,3.15538,3.15719,3.15781
